ts_code,code,name,trade_date,close,open,high,low,pre_close,change,pct_chg,vol,amount,1K_amount,10K_amount,1M_amount,100M_amount,1B_amount
002159.SZ,002159,三特索道,20200320,11.06,11.99,12.3,10.02,11.83,-0.77,-0.0651,19274715.0,210017745.5,210017.7455,21001.77455,210.0177455,2.100177455,0.2100177455
002159.SZ,002159,三特索道,20200313,11.83,11.94,13.5,11.31,12.2,-0.37,-0.0303,33558054.0,415456882.13,415456.88213,41545.688213,415.45688213,4.1545688213,0.41545688213
002159.SZ,002159,三特索道,20200306,12.2,11.43,12.44,11.15,11.45,0.75,0.0655,26082497.0,304894110.3,304894.1103,30489.41103,304.89411029999997,3.0489411029999998,0.30489411029999997
002159.SZ,002159,三特索道,20200228,11.45,11.24,11.87,10.53,11.24,0.21,0.0187,19558310.0,217500586.77,217500.58677000002,21750.058677,217.50058677,2.1750058677,0.21750058677
002159.SZ,002159,三特索道,20200221,11.24,10.62,12.0,10.54,10.75,0.49,0.0456,28178024.0,323219616.53,323219.61653,32321.961653,323.21961653,3.2321961653,0.32321961653
002159.SZ,002159,三特索道,20200214,10.75,9.75,11.38,9.75,9.8,0.95,0.0969,15315005.0,163947170.57,163947.17057,16394.717056999998,163.94717056999997,1.6394717056999997,0.16394717056999997
002159.SZ,002159,三特索道,20200207,9.8,10.11,10.11,9.1,11.23,-1.43,-0.1273,11014776.0,104588784.04,104588.78404000001,10458.878404000001,104.58878404000001,1.0458878404,0.10458878404000001
002159.SZ,002159,三特索道,20200123,11.23,12.48,12.48,11.02,12.41,-1.18,-0.0951,5795526.0,68514748.06,68514.74806,6851.474806,68.51474806,0.6851474806,0.06851474805999999
002159.SZ,002159,三特索道,20200117,12.41,12.59,12.72,12.34,12.6,-0.19,-0.0151,6172507.0,77246621.32,77246.62131999999,7724.6621319999995,77.24662131999999,0.7724662131999999,0.07724662131999999
002159.SZ,002159,三特索道,20200110,12.6,12.42,13.51,12.28,12.45,0.15,0.012,13954393.0,178335381.47,178335.38147,17833.538147,178.33538147,1.7833538146999999,0.17833538147
002159.SZ,002159,三特索道,20200103,12.45,12.19,12.56,11.85,12.22,0.23,0.0188,5706199.0,70455615.17,70455.61517,7045.561517,70.45561517,0.7045561517,0.07045561517
002159.SZ,002159,三特索道,20191227,12.22,12.35,12.51,11.98,12.4,-0.18,-0.0145,4683862.0,57368923.54,57368.923539999996,5736.892354,57.36892354,0.5736892353999999,0.05736892353999999
002159.SZ,002159,三特索道,20191220,12.4,11.95,12.6,11.9,11.96,0.44,0.0368,6049385.0,74685931.29,74685.93129000001,7468.593129000001,74.68593129000001,0.7468593129000002,0.07468593129000002
002159.SZ,002159,三特索道,20191213,11.96,12.2,12.25,11.79,12.21,-0.25,-0.0205,4187114.0,50323032.6,50323.0326,5032.30326,50.3230326,0.503230326,0.0503230326
002159.SZ,002159,三特索道,20191206,12.21,12.12,12.37,11.87,12.02,0.19,0.0158,4237745.0,51351771.76,51351.771759999996,5135.177175999999,51.35177175999999,0.5135177175999999,0.051351771759999984
002159.SZ,002159,三特索道,20191129,12.02,12.29,12.3,11.51,12.28,-0.26,-0.0212,6326844.0,75805272.48,75805.27248,7580.527248,75.80527248,0.7580527248,0.07580527247999999
002159.SZ,002159,三特索道,20191122,12.28,11.6,12.36,11.36,11.6,0.68,0.0586,6288319.0,74681795.93,74681.79593000001,7468.179593000001,74.68179593,0.7468179593000001,0.07468179593
002159.SZ,002159,三特索道,20191115,11.6,12.61,12.62,11.56,12.6,-1.0,-0.0794,6585632.0,79269180.35,79269.18035,7926.918035,79.26918035,0.7926918035,0.07926918035
002159.SZ,002159,三特索道,20191108,12.6,13.4,16.07,12.51,13.28,-0.68,-0.0512,25243254.0,359284311.21,359284.31120999996,35928.431120999994,359.28431120999994,3.5928431120999993,0.35928431120999993
002159.SZ,002159,三特索道,20191101,13.28,13.46,13.75,12.99,13.49,-0.21,-0.0156,3957396.0,52571307.67,52571.30767,5257.130767000001,52.57130767,0.5257130767,0.05257130767
002159.SZ,002159,三特索道,20191025,13.49,12.85,13.52,12.55,12.83,0.66,0.0514,4695505.0,61646864.52,61646.86452,6164.686452,61.64686452,0.6164686452,0.06164686452
002159.SZ,002159,三特索道,20191018,12.83,13.25,13.57,12.8,13.17,-0.34,-0.0258,5078995.0,66889558.83,66889.55883,6688.955883,66.88955883,0.6688955883,0.06688955883
002159.SZ,002159,三特索道,20191011,13.17,13.17,13.47,12.9,13.17,0.0,0.0,3891908.0,51060033.56,51060.03356,5106.003356,51.06003356,0.5106003356,0.051060033559999995
002159.SZ,002159,三特索道,20190930,13.17,13.7,13.7,12.98,13.54,-0.37,-0.0273,1471624.0,19541661.0,19541.661,1954.1661,19.541660999999998,0.19541661,0.019541661
002159.SZ,002159,三特索道,20190927,13.54,14.96,15.07,13.53,15.02,-1.48,-0.0985,5833601.0,82975017.34,82975.01734,8297.501734000001,82.97501734000001,0.8297501734000001,0.08297501734000001
002159.SZ,002159,三特索道,20190920,15.02,14.99,15.33,14.45,14.96,0.06,0.004,7416489.0,110402121.46,110402.12146,11040.212146,110.40212146,1.1040212146000001,0.11040212146000002
002159.SZ,002159,三特索道,20190912,14.96,14.76,15.08,14.69,14.66,0.3,0.0205,5605612.0,83520633.93,83520.63393000001,8352.063393,83.52063393,0.8352063393,0.08352063393
002159.SZ,002159,三特索道,20190906,14.66,14.38,15.1,14.27,14.35,0.31,0.0216,5620890.0,82517537.89,82517.53789,8251.753789,82.51753789,0.8251753789,0.08251753789
002159.SZ,002159,三特索道,20190830,14.35,15.4,15.4,14.34,15.2,-0.85,-0.0559,5031357.0,74309380.09,74309.38009,7430.938009,74.30938009,0.7430938009000001,0.07430938009000002
002159.SZ,002159,三特索道,20190823,15.2,14.58,16.24,14.43,14.35,0.85,0.0592,7304411.0,111976535.94,111976.53594,11197.653594,111.97653593999999,1.1197653593999999,0.11197653593999998
002159.SZ,002159,三特索道,20190816,14.35,14.5,14.67,14.01,14.5,-0.15,-0.0103,2164166.0,31062860.5,31062.8605,3106.2860499999997,31.062860499999996,0.31062860499999995,0.031062860499999994
002159.SZ,002159,三特索道,20190809,14.5,15.03,15.1,14.06,15.04,-0.54,-0.0359,4437395.0,64988425.85,64988.42585,6498.842585,64.98842585,0.6498842585,0.06498842585
002159.SZ,002159,三特索道,20190802,15.04,15.05,15.25,14.55,15.14,-0.1,-0.0066,2715915.0,40895985.86,40895.98586,4089.598586,40.89598586,0.40895985860000006,0.040895985860000005
002159.SZ,002159,三特索道,20190726,15.14,14.81,15.22,14.01,14.82,0.32,0.0216,3434996.0,50804091.11,50804.09111,5080.409111,50.80409111,0.5080409111,0.050804091110000005
002159.SZ,002159,三特索道,20190719,14.82,15.02,15.16,14.72,15.08,-0.26,-0.0172,3212153.0,48050765.17,48050.76517,4805.0765169999995,48.05076517,0.4805076517,0.048050765169999995
002159.SZ,002159,三特索道,20190712,15.08,15.65,15.84,14.69,15.6,-0.52,-0.0333,4838025.0,72531849.15,72531.84915000001,7253.184915000001,72.53184915000001,0.7253184915000002,0.07253184915000002
002159.SZ,002159,三特索道,20190705,15.6,16.69,16.88,15.14,16.36,-0.76,-0.0465,9908041.0,158654313.46,158654.31346,15865.431346000001,158.65431346000003,1.5865431346000003,0.15865431346000003
002159.SZ,002159,三特索道,20190628,16.36,17.65,18.41,16.3,17.54,-1.18,-0.0673,11109675.0,192958116.14,192958.11614,19295.811614,192.95811614,1.9295811613999998,0.19295811613999997
002159.SZ,002159,三特索道,20190621,17.54,16.68,18.39,16.61,16.61,0.93,0.056,10169949.0,175019331.21,175019.33121,17501.933121000002,175.01933121000002,1.7501933121000002,0.17501933121000002
002159.SZ,002159,三特索道,20190614,16.61,14.35,17.3,14.34,14.35,2.26,0.1575,10044481.0,159994770.58,159994.77058,15999.477058,159.99477058,1.5999477058,0.15999477058
002159.SZ,002159,三特索道,20190606,14.35,15.28,15.65,14.33,15.48,-1.13,-0.073,3049584.0,45633002.49,45633.00249,4563.300249,45.633002489999996,0.45633002489999996,0.04563300249
002159.SZ,002159,三特索道,20190531,15.48,15.9,16.12,15.42,15.81,-0.33,-0.0209,5042620.0,79517001.03,79517.00103,7951.700103,79.51700103,0.7951700103,0.07951700103
002159.SZ,002159,三特索道,20190524,15.81,16.92,16.92,15.73,16.87,-1.06,-0.0628,3723741.0,60582571.56,60582.571560000004,6058.257156000001,60.582571560000005,0.6058257156000001,0.060582571560000006
002159.SZ,002159,三特索道,20190517,16.87,17.4,18.92,16.8,17.39,-0.52,-0.0299,5885203.0,103319481.16,103319.48116,10331.948116,103.31948116,1.0331948116,0.10331948116
002159.SZ,002159,三特索道,20190510,17.39,18.49,18.49,16.87,18.8,-1.41,-0.075,5056457.0,87748322.26,87748.32226,8774.832226,87.74832226000001,0.8774832226000001,0.08774832226000001
002159.SZ,002159,三特索道,20190430,18.8,19.55,19.95,17.5,19.54,-0.74,-0.0379,2900515.0,54856053.8,54856.053799999994,5485.605379999999,54.85605379999999,0.5485605379999999,0.05485605379999999
002159.SZ,002159,三特索道,20190426,19.54,21.31,21.65,19.2,21.27,-1.73,-0.0813,6252540.0,129148810.31,129148.81031,12914.881031,129.14881031000002,1.2914881031,0.12914881031
002159.SZ,002159,三特索道,20190419,21.27,21.33,22.0,21.03,21.09,0.18,0.0085,8468737.0,182192026.22,182192.02622,18219.202622,182.19202622,1.8219202622,0.18219202622
002159.SZ,002159,三特索道,20190412,21.09,22.4,22.4,20.83,22.3,-1.21,-0.0543,9804598.0,212714455.27,212714.45527,21271.445527,212.71445527,2.1271445527,0.21271445527
002159.SZ,002159,三特索道,20190404,22.3,22.45,23.46,21.0,23.27,-0.97,-0.0417,14528678.0,326954151.47,326954.15147000004,32695.415147000003,326.95415147000006,3.2695415147000007,0.32695415147000007
002159.SZ,002159,三特索道,20190329,23.27,22.7,24.8,21.9,22.63,0.64,0.0283,15367331.0,353689727.84,353689.72783999995,35368.972784,353.68972784,3.5368972783999997,0.35368972783999997
002159.SZ,002159,三特索道,20190322,22.63,20.9,22.81,20.58,20.92,1.71,0.0817,9335246.0,201865061.32,201865.06131999998,20186.506132,201.86506132,2.0186506132,0.20186506132
002159.SZ,002159,三特索道,20190315,20.92,19.53,22.29,19.53,19.73,1.19,0.0603,11596170.0,244305898.93,244305.89893,24430.589893,244.30589893,2.4430589893000003,0.24430589893000004
002159.SZ,002159,三特索道,20190308,19.73,20.35,20.55,19.73,20.25,-0.52,-0.0257,8946073.0,180894094.99,180894.09499,18089.409499,180.89409499,1.8089409499000002,0.18089409499000003
002159.SZ,002159,三特索道,20190301,20.25,19.58,20.58,19.14,19.4,0.85,0.0438,11661644.0,231827630.58,231827.63058000003,23182.763058000004,231.82763058000003,2.3182763058000004,0.23182763058000005
002159.SZ,002159,三特索道,20190222,19.4,19.11,19.8,18.82,19.0,0.4,0.0211,4940952.0,96195947.99,96195.94799,9619.594799,96.19594799000001,0.9619594799000001,0.09619594799
002159.SZ,002159,三特索道,20190215,19.0,18.36,19.39,18.16,18.38,0.62,0.0337,5513143.0,104104934.92,104104.93492,10410.493492,104.10493491999999,1.0410493492,0.10410493491999999
002159.SZ,002159,三特索道,20190201,18.38,18.26,18.58,18.0,18.2,0.18,0.0099,4108347.0,74995327.55,74995.32755,7499.532755,74.99532755,0.7499532755,0.07499532755
002159.SZ,002159,三特索道,20190125,18.2,18.29,18.46,18.1,18.3,-0.1,-0.0055,2795387.0,51080379.26,51080.37926,5108.037926,51.08037926,0.5108037926,0.051080379259999996
002159.SZ,002159,三特索道,20190118,18.3,18.11,18.57,17.66,18.11,0.19,0.0105,3564305.0,64902341.37,64902.341369999995,6490.2341369999995,64.90234136999999,0.6490234136999998,0.06490234136999998
002159.SZ,002159,三特索道,20190111,18.11,17.66,18.44,17.66,17.65,0.46,0.0261,3361474.0,60724672.87,60724.672869999995,6072.4672869999995,60.72467286999999,0.6072467287,0.060724672869999996
002159.SZ,002159,三特索道,20190104,17.65,17.76,17.88,17.22,17.58,0.07,0.004,1435985.0,25238552.6,25238.552600000003,2523.8552600000003,25.238552600000002,0.252385526,0.025238552600000002
002159.SZ,002159,三特索道,20181228,17.58,17.88,18.14,17.11,17.88,-0.3,-0.0168,2646198.0,46961018.34,46961.01834,4696.101834,46.96101834,0.46961018340000005,0.04696101834000001
002159.SZ,002159,三特索道,20181221,17.88,18.0,18.36,17.59,18.22,-0.34,-0.0187,2415249.0,43432998.07,43432.99807,4343.299807,43.432998070000004,0.43432998070000006,0.043432998070000006
002159.SZ,002159,三特索道,20181214,18.22,19.43,19.43,18.02,19.69,-1.47,-0.0747,5234278.0,97060281.97,97060.28197,9706.028197,97.06028196999999,0.9706028197,0.09706028197
002159.SZ,002159,三特索道,20181207,19.69,19.3,21.35,18.81,19.23,0.46,0.0239,7403931.0,145270979.74,145270.97974,14527.097974,145.27097974,1.4527097974,0.14527097974
002159.SZ,002159,三特索道,20181130,19.23,19.75,20.24,18.77,19.75,-0.52,-0.0263,3712407.0,73042250.53,73042.25053,7304.225053,73.04225053,0.7304225053000001,0.07304225053
002159.SZ,002159,三特索道,20181123,19.75,20.09,20.35,19.68,20.08,-0.33,-0.0164,4057439.0,80975782.61,80975.78261,8097.578261,80.97578261,0.8097578260999999,0.08097578260999999
002159.SZ,002159,三特索道,20181116,20.08,18.72,20.9,18.72,18.97,1.11,0.0585,5897381.0,117518235.5,117518.2355,11751.82355,117.51823549999999,1.1751823549999998,0.11751823549999998
002159.SZ,002159,三特索道,20181109,18.97,19.0,19.57,18.8,19.13,-0.16,-0.0084,3334545.0,63910775.93,63910.775929999996,6391.077593,63.91077593,0.6391077593,0.06391077593
002159.SZ,002159,三特索道,20181102,19.13,18.51,19.4,17.08,18.46,0.67,0.0363,4507807.0,82318423.95,82318.42395,8231.842395,82.31842395,0.8231842395,0.08231842395
002159.SZ,002159,三特索道,20181026,18.46,18.58,19.86,17.71,18.4,0.06,0.0033,4095176.0,77248825.01,77248.82501,7724.882501,77.24882501,0.7724882501,0.07724882501
002159.SZ,002159,三特索道,20181019,18.4,18.62,19.09,17.77,18.6,-0.2,-0.0108,2595469.0,47783498.28,47783.49828,4778.349828,47.78349828,0.47783498280000003,0.04778349828
002159.SZ,002159,三特索道,20181012,18.6,18.86,20.12,17.6,19.78,-1.18,-0.0597,3290199.0,62774421.19,62774.42119,6277.442119,62.774421190000005,0.6277442119000001,0.06277442119000001
002159.SZ,002159,三特索道,20180928,19.78,19.79,20.42,19.12,19.9,-0.12,-0.006,2924607.0,57766811.84,57766.81184,5776.681184,57.76681184,0.5776681184,0.05776681184
002159.SZ,002159,三特索道,20180921,19.9,20.3,20.49,19.0,20.11,-0.21,-0.0104,4844986.0,96433180.25,96433.18025,9643.318025,96.43318025,0.9643318025000001,0.09643318025
002159.SZ,002159,三特索道,20180914,20.11,20.78,20.91,19.5,20.62,-0.51,-0.0247,4299248.0,86540134.24,86540.13424,8654.013424,86.54013424,0.8654013424,0.08654013424
002159.SZ,002159,三特索道,20180907,20.62,19.53,21.14,19.53,19.87,0.75,0.0377,4755249.0,98029026.83,98029.02683,9802.902683,98.02902683,0.9802902683000001,0.09802902683
002159.SZ,002159,三特索道,20180831,19.87,18.42,20.35,18.42,18.6,1.27,0.0683,4056505.0,80302324.78,80302.32478,8030.232478,80.30232477999999,0.8030232477999999,0.08030232477999999
002159.SZ,002159,三特索道,20180824,18.6,18.15,18.67,17.81,18.21,0.39,0.0214,1577936.0,28758307.3,28758.3073,2875.83073,28.758307300000002,0.287583073,0.0287583073
002159.SZ,002159,三特索道,20180817,18.21,19.0,19.32,17.01,19.1,-0.89,-0.0466,1294065.0,24310812.03,24310.81203,2431.081203,24.31081203,0.2431081203,0.02431081203
002159.SZ,002159,三特索道,20180810,19.1,19.61,19.99,18.22,19.76,-0.66,-0.0334,2403060.0,45510206.57,45510.20657,4551.020657,45.51020657,0.4551020657,0.04551020657
002159.SZ,002159,三特索道,20180803,19.76,20.9,20.9,19.2,20.9,-1.14,-0.0545,2236972.0,44997065.74,44997.065740000005,4499.706574000001,44.99706574000001,0.4499706574000001,0.04499706574000001
002159.SZ,002159,三特索道,20180727,20.9,20.9,21.25,20.21,20.92,-0.02,-0.001,2204278.0,46014161.65,46014.16165,4601.416165000001,46.014161650000005,0.4601416165000001,0.04601416165000001
002159.SZ,002159,三特索道,20180720,20.92,20.74,21.7,20.12,20.35,0.57,0.028,4187436.0,88225885.06,88225.88506,8822.588506,88.22588506,0.8822588506,0.08822588506
002159.SZ,002159,三特索道,20180713,20.35,19.4,20.36,19.11,19.4,0.95,0.049,2340409.0,46508103.63,46508.103630000005,4650.8103630000005,46.50810363000001,0.4650810363000001,0.046508103630000006
002159.SZ,002159,三特索道,20180706,19.4,19.14,19.91,18.7,18.88,0.52,0.0275,4293586.0,83279054.39,83279.05439,8327.905439,83.27905439,0.8327905439,0.08327905439
002159.SZ,002159,三特索道,20180629,18.88,18.52,19.44,18.19,18.8,0.08,0.0043,4077476.0,77323977.71,77323.97770999999,7732.397770999999,77.32397771,0.7732397770999999,0.07732397770999999
002159.SZ,002159,三特索道,20180622,18.8,20.65,20.9,18.12,21.06,-2.26,-0.1073,5507556.0,104733206.2,104733.2062,10473.32062,104.7332062,1.047332062,0.1047332062
002159.SZ,002159,三特索道,20180615,21.06,20.54,21.8,20.37,20.55,0.51,0.0248,5509407.0,115964137.69,115964.13769,11596.413769,115.96413769,1.1596413769,0.11596413769
002159.SZ,002159,三特索道,20180608,20.55,20.0,20.79,19.89,20.0,0.55,0.0275,4338604.0,88345362.13,88345.36213,8834.536213,88.34536213,0.8834536212999999,0.08834536213
002159.SZ,002159,三特索道,20180601,20.0,18.69,20.37,18.69,19.54,0.46,0.0235,5664484.0,111458702.89,111458.70289,11145.870289,111.45870289,1.1145870289,0.11145870289
002159.SZ,002159,三特索道,20180525,19.54,19.88,20.45,19.51,19.7,-0.16,-0.0081,5210413.0,104459772.54,104459.77254,10445.977254000001,104.45977254000002,1.0445977254,0.10445977254000001
002159.SZ,002159,三特索道,20180518,19.7,20.42,20.5,19.46,20.54,-0.84,-0.0409,4940811.0,98484658.02,98484.65802,9848.465802,98.48465802000001,0.9848465802000002,0.09848465802000002
002159.SZ,002159,三特索道,20180511,20.54,19.71,20.6,19.56,19.85,0.69,0.0348,4106762.0,82379128.34,82379.12834000001,8237.912834,82.37912834000001,0.8237912834000001,0.08237912834000001
002159.SZ,002159,三特索道,20180504,19.85,18.99,20.33,18.92,18.92,0.93,0.0492,3227202.0,63385402.93,63385.40293,6338.540293,63.38540293,0.6338540293,0.06338540293
002159.SZ,002159,三特索道,20180427,18.92,18.0,19.1,17.6,18.0,0.92,0.0511,4696124.0,85884354.22,85884.35422,8588.435421999999,85.88435421999999,0.8588435421999999,0.08588435421999999
002159.SZ,002159,三特索道,20180420,18.0,21.4,21.4,17.8,19.45,-1.45,-0.0746,15045610.0,296565514.19,296565.51419,29656.551419000003,296.56551419000004,2.9656551419000006,0.29656551419000005
002159.SZ,002159,三特索道,20180413,19.45,19.38,19.94,18.86,19.41,0.04,0.0021,5174775.0,100257916.93,100257.91693,10025.791693000001,100.25791693000001,1.0025791693000001,0.10025791693000001
002159.SZ,002159,三特索道,20180404,19.41,18.35,19.8,18.07,18.25,1.16,0.0636,5959270.0,112985945.8,112985.9458,11298.59458,112.98594580000001,1.129859458,0.11298594580000001
002159.SZ,002159,三特索道,20180330,18.25,16.8,18.43,16.6,16.8,1.45,0.0863,5188183.0,92568624.28,92568.62428,9256.862428,92.56862428000001,0.9256862428000001,0.09256862428000001
002159.SZ,002159,三特索道,20180323,16.8,19.0,19.14,16.59,19.04,-2.24,-0.1176,8084609.0,146789346.82,146789.34682,14678.934682000001,146.78934682000002,1.4678934682000002,0.14678934682000003
002159.SZ,002159,三特索道,20180316,19.04,18.9,19.25,18.0,18.98,0.06,0.0032,6513519.0,122023597.02,122023.59702,12202.359702,122.02359702,1.2202359702,0.12202359702000001
002159.SZ,002159,三特索道,20180309,18.98,17.37,19.55,17.0,17.36,1.62,0.0933,10741236.0,197548714.53,197548.71453,19754.871453,197.54871452999998,1.9754871452999998,0.19754871452999997
002159.SZ,002159,三特索道,20180302,17.36,14.95,17.5,14.78,14.95,2.41,0.1612,9532030.0,151320051.65,151320.05165,15132.005165,151.32005165,1.5132005165000002,0.15132005165
002159.SZ,002159,三特索道,20180223,14.95,14.67,14.99,14.42,14.51,0.44,0.0303,1695778.0,25156015.09,25156.01509,2515.601509,25.15601509,0.2515601509,0.02515601509
002159.SZ,002159,三特索道,20180214,14.51,14.39,14.7,14.06,14.23,0.28,0.0197,2488135.0,35869669.05,35869.66905,3586.9669049999998,35.86966905,0.35869669049999997,0.03586966905
002159.SZ,002159,三特索道,20180209,14.23,15.5,15.5,12.8,15.8,-1.57,-0.0994,12097633.0,167968058.56,167968.05856,16796.805856,167.96805856,1.6796805856,0.16796805856000002
002159.SZ,002159,三特索道,20180202,15.8,16.91,18.49,15.71,16.91,-1.11,-0.0656,7455054.0,124372069.64,124372.06964,12437.206964,124.37206964,1.2437206964,0.12437206964
002159.SZ,002159,三特索道,20180126,16.91,17.11,17.18,16.53,17.11,-0.2,-0.0117,5447483.0,91905953.05,91905.95305,9190.595304999999,91.90595305,0.9190595304999999,0.09190595304999999
002159.SZ,002159,三特索道,20180119,17.11,18.0,18.08,17.0,18.03,-0.92,-0.051,5118759.0,89201087.7,89201.0877,8920.10877,89.2010877,0.892010877,0.0892010877
002159.SZ,002159,三特索道,20180112,18.03,19.05,19.08,18.0,19.01,-0.98,-0.0516,5888386.0,108862885.03,108862.88503,10886.288503,108.86288503,1.0886288503000001,0.10886288503000001
002159.SZ,002159,三特索道,20180105,19.01,18.97,19.39,18.81,18.84,0.17,0.009,4186551.0,79720875.45,79720.87545,7972.087545,79.72087545000001,0.7972087545000001,0.07972087545
002159.SZ,002159,三特索道,20171229,18.84,19.1,20.78,18.55,20.8,-1.96,-0.0942,5073228.0,97497994.96,97497.99496,9749.799496,97.49799496,0.9749799496,0.09749799496
002159.SZ,002159,三特索道,20171222,20.8,21.56,22.19,20.02,21.56,-0.76,-0.0353,2549688.0,54933633.48,54933.63348,5493.363348,54.93363348,0.5493363348,0.05493363348
002159.SZ,002159,三特索道,20171215,21.56,19.9,21.96,19.9,19.99,1.57,0.0785,4404276.0,92140739.67,92140.73967,9214.073967,92.14073967,0.9214073967,0.09214073967
002159.SZ,002159,三特索道,20171208,19.99,20.57,20.76,19.33,20.59,-0.6,-0.0291,3398100.0,67737746.44,67737.74644,6773.774644,67.73774644,0.6773774643999999,0.06773774644
002159.SZ,002159,三特索道,20171201,20.59,20.85,21.1,20.14,20.85,-0.26,-0.0125,2891467.0,59909615.93,59909.61593,5990.961593,59.90961593,0.5990961593,0.05990961593000001
002159.SZ,002159,三特索道,20171124,20.85,22.2,22.28,20.1,22.23,-1.38,-0.0621,4255652.0,91082444.8,91082.4448,9108.24448,91.08244479999999,0.910824448,0.0910824448
002159.SZ,002159,三特索道,20171117,22.23,24.6,24.72,22.21,24.6,-2.37,-0.0963,7942020.0,183742091.99,183742.09199000002,18374.209199,183.74209199,1.8374209199,0.18374209199
002159.SZ,002159,三特索道,20171110,24.6,24.82,25.59,24.1,24.8,-0.2,-0.0081,3490760.0,86523486.2,86523.4862,8652.34862,86.52348620000001,0.8652348620000001,0.08652348620000001
002159.SZ,002159,三特索道,20171103,24.8,25.62,25.62,24.1,25.54,-0.74,-0.029,2572123.0,63656184.67,63656.18467,6365.618467,63.65618467,0.6365618467,0.06365618467
002159.SZ,002159,三特索道,20171027,25.54,25.61,26.39,25.41,25.74,-0.2,-0.0078,2099099.0,54145337.86,54145.33786,5414.533786,54.14533786,0.5414533786,0.05414533786
002159.SZ,002159,三特索道,20171020,25.74,26.2,26.38,25.25,26.2,-0.46,-0.0176,3183324.0,81807608.92,81807.60892,8180.760892,81.80760892,0.8180760892000001,0.08180760892000001
002159.SZ,002159,三特索道,20171013,26.2,25.7,26.49,25.12,25.41,0.79,0.0311,8484215.0,220244990.13,220244.99013,22024.499013,220.24499013000002,2.2024499013,0.22024499013
002159.SZ,002159,三特索道,20170929,25.41,25.5,26.29,24.88,25.55,-0.14,-0.0055,7773009.0,199801398.99,199801.39899000002,19980.139899,199.80139899000002,1.9980139899000002,0.19980139899000002
002159.SZ,002159,三特索道,20170922,25.55,23.41,26.2,23.21,23.4,2.15,0.0919,13628182.0,338349718.38,338349.71838,33834.971838,338.34971837999996,3.3834971837999994,0.33834971837999994
002159.SZ,002159,三特索道,20170915,23.4,23.8,24.15,23.0,23.9,-0.5,-0.0209,6118263.0,144240974.96,144240.97496000002,14424.097496000002,144.24097496000002,1.4424097496000001,0.14424097496000002
002159.SZ,002159,三特索道,20170908,23.9,22.65,24.21,22.63,22.77,1.13,0.0496,16221685.0,378961327.71,378961.32771,37896.132771,378.96132771,3.7896132771,0.37896132771
002159.SZ,002159,三特索道,20170901,22.77,22.98,23.15,22.6,22.98,-0.21,-0.0091,5559811.0,126931670.6,126931.6706,12693.16706,126.9316706,1.2693167060000001,0.12693167060000002
002159.SZ,002159,三特索道,20170825,22.98,23.51,24.1,22.8,23.6,-0.62,-0.0263,3311334.0,77855660.13,77855.66012999999,7785.566012999999,77.85566012999999,0.7785566012999999,0.07785566012999999
002159.SZ,002159,三特索道,20170818,23.6,22.78,24.4,22.64,22.67,0.93,0.041,6577898.0,154633050.95,154633.05094999998,15463.305094999998,154.63305094999998,1.5463305094999997,0.15463305094999996
002159.SZ,002159,三特索道,20170811,22.67,22.42,22.82,22.25,22.5,0.17,0.0076,4451899.0,100248218.24,100248.21823999999,10024.821823999999,100.24821823999999,1.0024821823999999,0.10024821823999999
002159.SZ,002159,三特索道,20170804,22.5,22.9,22.9,22.29,22.82,-0.32,-0.014,3998960.0,90491558.21,90491.55820999999,9049.155820999998,90.49155820999998,0.9049155820999998,0.09049155820999998
002159.SZ,002159,三特索道,20170728,22.82,22.55,22.98,22.42,22.71,0.11,0.0048,3194575.0,72470063.3,72470.0633,7247.006329999999,72.47006329999999,0.7247006329999999,0.07247006329999998
002159.SZ,002159,三特索道,20170721,22.71,22.98,23.4,22.17,22.98,-0.27,-0.0117,4842984.0,110731033.5,110731.0335,11073.103350000001,110.73103350000001,1.1073103350000002,0.11073103350000002
002159.SZ,002159,三特索道,20170714,22.98,24.0,24.38,22.95,23.97,-0.99,-0.0413,2893050.0,68270298.94,68270.29894,6827.029893999999,68.27029893999999,0.6827029893999998,0.06827029893999999
002159.SZ,002159,三特索道,20170707,23.97,24.17,24.68,23.77,24.0,-0.03,-0.0013,2526702.0,60647681.51,60647.681509999995,6064.768150999999,60.64768150999999,0.6064768151,0.060647681509999996
002159.SZ,002159,三特索道,20170630,24.0,23.22,24.95,23.22,23.21,0.79,0.034,6392303.0,155792184.79,155792.18479,15579.218479,155.79218479,1.5579218478999999,0.15579218478999998
002159.SZ,002159,三特索道,20170623,23.21,22.7,23.55,22.61,22.74,0.47,0.0207,4614052.0,107354936.98,107354.93698,10735.493698,107.35493698,1.0735493698,0.10735493698000001
002159.SZ,002159,三特索道,20170616,22.74,22.88,23.04,22.14,23.05,-0.31,-0.0134,4656902.0,105130511.58,105130.51157999999,10513.051157999998,105.13051157999999,1.0513051158,0.10513051158
002159.SZ,002159,三特索道,20170609,23.05,22.96,23.88,22.8,22.84,0.21,0.0092,5558857.0,129567296.57,129567.29656999999,12956.729657,129.56729657,1.2956729657,0.12956729657
002159.SZ,002159,三特索道,20170602,22.84,24.1,24.5,22.4,23.85,-1.01,-0.0423,2766965.0,63738120.61,63738.12061,6373.812061,63.738120609999996,0.6373812060999999,0.06373812060999999
002159.SZ,002159,三特索道,20170526,23.85,23.18,24.6,22.23,23.25,0.6,0.0258,6647764.0,154126742.31,154126.74231,15412.674231,154.12674231,1.5412674230999999,0.15412674230999998
002159.SZ,002159,三特索道,20170519,23.25,25.75,26.3,23.21,25.3,-2.05,-0.081,10993365.0,272977361.74,272977.36174,27297.736174,272.97736174,2.7297736174,0.27297736174
002159.SZ,002159,三特索道,20170512,25.3,25.5,26.69,25.02,27.8,-2.5,-0.0899,5225093.0,133590309.04,133590.30904,13359.030904,133.59030904,1.3359030904,0.13359030904
002159.SZ,002159,三特索道,20170428,27.8,28.2,28.36,27.03,28.22,-0.42,-0.0149,2477667.0,68430346.97,68430.34697,6843.034697,68.43034697,0.6843034697,0.06843034697
002159.SZ,002159,三特索道,20170421,28.22,28.06,28.53,26.62,28.06,0.16,0.0057,6123960.0,170179281.76,170179.28175999998,17017.928175999998,170.17928175999998,1.7017928176,0.17017928176
002159.SZ,002159,三特索道,20170414,28.06,29.3,29.3,28.05,29.18,-1.12,-0.0384,8829615.0,253111799.39,253111.79939,25311.179939,253.11179939000002,2.5311179939,0.25311179939
002159.SZ,002159,三特索道,20170407,29.18,28.7,29.76,26.0,28.84,0.34,0.0118,5965067.0,174616034.13,174616.03413,17461.603412999997,174.61603412999997,1.7461603412999998,0.17461603413
002159.SZ,002159,三特索道,20170331,28.84,30.18,30.96,27.84,30.2,-1.36,-0.045,12804167.0,376009307.16,376009.30716,37600.930716,376.00930716000005,3.7600930716000005,0.37600930716000003
002159.SZ,002159,三特索道,20170324,30.2,30.05,30.57,29.59,30.05,0.15,0.005,11798163.0,354712665.22,354712.66522,35471.266522000005,354.7126652200001,3.5471266522000007,0.35471266522000006
002159.SZ,002159,三特索道,20170317,30.05,28.4,31.0,28.18,28.4,1.65,0.0581,16879198.0,496714483.23,496714.48323,49671.448323000004,496.71448323000004,4.967144832300001,0.49671448323000006
002159.SZ,002159,三特索道,20170310,28.4,28.0,29.29,27.77,28.08,0.32,0.0114,16921201.0,483321257.29,483321.25729000004,48332.12572900001,483.32125729000006,4.833212572900001,0.4833212572900001
002159.SZ,002159,三特索道,20170303,28.08,27.41,28.2,24.56,27.4,0.68,0.0248,14986332.0,406554459.17,406554.45917000005,40655.445917000005,406.55445917000003,4.0655445917,0.40655445917
002159.SZ,002159,三特索道,20170224,27.4,26.11,27.7,26.06,26.3,1.1,0.0418,9497856.0,254102778.73,254102.77873,25410.277873,254.10277872999998,2.5410277873,0.25410277873
002159.SZ,002159,三特索道,20170217,26.3,27.5,27.75,26.02,27.54,-1.24,-0.045,12763362.0,339236988.4,339236.9884,33923.69884,339.2369884,3.392369884,0.3392369884
002159.SZ,002159,三特索道,20170210,27.54,27.41,28.0,26.6,27.45,0.09,0.0033,10760650.0,291995774.84,291995.77483999997,29199.577483999998,291.99577483999997,2.9199577484,0.29199577484
002159.SZ,002159,三特索道,20170203,27.45,27.51,27.86,27.45,27.83,-0.38,-0.0137,813800.0,22470863.99,22470.863989999998,2247.086399,22.470863989999998,0.22470863989999998,0.02247086399
002159.SZ,002159,三特索道,20170126,27.83,27.76,29.08,27.19,27.78,0.05,0.0018,3938947.0,110896328.23,110896.32823,11089.632823,110.89632823,1.1089632823,0.11089632823
002159.SZ,002159,三特索道,20170120,27.78,29.61,29.61,26.3,29.61,-1.83,-0.0618,16206194.0,441463673.9,441463.6739,44146.36739,441.4636739,4.414636739,0.44146367389999996
002159.SZ,002159,三特索道,20170113,29.61,31.61,31.89,29.45,31.95,-2.34,-0.0732,8224136.0,250144797.86,250144.79786000002,25014.479786000004,250.14479786000004,2.5014479786000003,0.25014479786000005
002159.SZ,002159,三特索道,20170106,31.95,31.6,32.3,30.5,32.0,-0.05,-0.0016,3430745.0,107026955.21,107026.95521,10702.695521,107.02695521,1.0702695521,0.10702695521000001
002159.SZ,002159,三特索道,20161230,32.0,31.89,32.8,31.34,32.23,-0.23,-0.0071,5093810.0,163454612.92,163454.61291999999,16345.461291999998,163.45461292,1.6345461291999999,0.16345461292
002159.SZ,002159,三特索道,20161223,32.23,31.49,32.88,30.16,31.5,0.73,0.0232,13107541.0,416261508.88,416261.50888,41626.150888,416.26150887999995,4.162615088799999,0.4162615088799999
002159.SZ,002159,三特索道,20161216,31.5,31.41,33.8,28.93,31.4,0.1,0.0032,17149997.0,540633480.93,540633.48093,54063.34809299999,540.6334809299999,5.406334809299999,0.5406334809299999
002159.SZ,002159,三特索道,20161209,31.4,30.0,32.5,28.81,30.51,0.89,0.0292,15672172.0,482540982.98,482540.98298000003,48254.098298000004,482.54098298,4.8254098298,0.48254098298
002159.SZ,002159,三特索道,20161202,30.51,28.94,31.45,28.2,28.9,1.61,0.0557,19745447.0,590140310.29,590140.3102899999,59014.03102899999,590.1403102899999,5.901403102899999,0.5901403102899999
002159.SZ,002159,三特索道,20161125,28.9,28.09,29.25,27.91,28.1,0.8,0.0285,11052864.0,316021209.99,316021.20999,31602.120999,316.02120999,3.1602120999,0.31602120999
002159.SZ,002159,三特索道,20161118,28.1,27.65,29.28,27.61,27.61,0.49,0.0177,10208873.0,289528488.7,289528.4887,28952.848869999998,289.52848869999997,2.895284887,0.2895284887
002159.SZ,002159,三特索道,20161111,27.61,27.03,27.64,26.5,27.03,0.58,0.0215,9700846.0,263310761.28,263310.76128,26331.076127999997,263.31076127999995,2.6331076127999995,0.26331076127999997
002159.SZ,002159,三特索道,20161104,27.03,26.41,27.54,26.33,26.69,0.34,0.0127,9978864.0,270806141.0,270806.141,27080.6141,270.80614099999997,2.7080614099999996,0.27080614099999994
002159.SZ,002159,三特索道,20161028,26.69,26.2,27.45,26.2,26.36,0.33,0.0125,13563651.0,363631481.2,363631.4812,36363.14812,363.6314812,3.636314812,0.3636314812
002159.SZ,002159,三特索道,20161021,26.36,27.26,27.26,26.12,27.12,-0.76,-0.028,8703385.0,230067504.5,230067.5045,23006.75045,230.06750449999998,2.3006750449999998,0.23006750449999996
002159.SZ,002159,三特索道,20161014,27.12,27.8,27.99,26.76,27.66,-0.54,-0.0195,7420420.0,201923782.57,201923.78256999998,20192.378256999997,201.92378256999996,2.0192378256999994,0.20192378256999993
002159.SZ,002159,三特索道,20160930,27.66,26.12,28.18,25.67,25.98,1.68,0.0647,14538472.0,393153048.27,393153.04826999997,39315.304827,393.15304827,3.9315304827,0.39315304826999997
002159.SZ,002159,三特索道,20160923,25.98,25.49,26.45,25.37,25.59,0.39,0.0152,8847134.0,230731929.52,230731.92952,23073.192952,230.73192952000002,2.3073192952,0.23073192952000002
002159.SZ,002159,三特索道,20160914,25.59,25.88,26.49,24.72,25.94,-0.35,-0.0135,6654105.0,167911033.91,167911.03391,16791.103391,167.91103391000001,1.6791103391000002,0.16791103391
002159.SZ,002159,三特索道,20160909,25.94,26.04,26.45,25.42,26.1,-0.16,-0.0061,9135197.0,237279770.48,237279.77047999998,23727.977047999997,237.27977047999997,2.3727977047999995,0.23727977047999996
002159.SZ,002159,三特索道,20160902,26.1,26.71,27.6,25.9,26.93,-0.83,-0.0308,12172188.0,326064343.22,326064.34322000004,32606.434322000005,326.06434322000007,3.2606434322000006,0.32606434322000005
002159.SZ,002159,三特索道,20160826,26.93,26.09,27.36,25.51,25.96,0.97,0.0374,14121918.0,377769913.61,377769.91361,37776.991361,377.76991361,3.7776991361,0.37776991361
002159.SZ,002159,三特索道,20160819,25.96,25.94,26.78,25.4,25.79,0.17,0.0066,10567681.0,276100393.58,276100.39358,27610.039357999998,276.10039358,2.7610039358,0.27610039358
002159.SZ,002159,三特索道,20160812,25.79,25.43,26.48,25.1,25.43,0.36,0.0142,5712317.0,145935923.91,145935.92390999998,14593.592390999998,145.93592390999999,1.4593592390999999,0.14593592391
002159.SZ,002159,三特索道,20160805,25.43,25.3,25.59,24.66,25.35,0.08,0.0032,5013563.0,126017888.81,126017.88881,12601.788881,126.01788881,1.2601788881,0.12601788881
002159.SZ,002159,三特索道,20160729,25.35,26.8,27.3,24.8,27.01,-1.66,-0.0615,12654481.0,329259690.62,329259.69062,32925.969062000004,329.25969062,3.2925969062,0.32925969062
002159.SZ,002159,三特索道,20160722,27.01,27.64,28.27,26.3,27.7,-0.69,-0.0249,9872587.0,266586006.84,266586.00684,26658.600683999997,266.58600684,2.6658600684,0.26658600684
002159.SZ,002159,三特索道,20160715,27.7,27.38,28.38,25.85,27.3,0.4,0.0147,16408378.0,444394821.97,444394.82197000005,44439.482197000005,444.39482197000007,4.443948219700001,0.44439482197000013
002159.SZ,002159,三特索道,20160708,27.3,26.42,27.43,25.76,26.38,0.92,0.0349,15803261.0,420534717.22,420534.71722000005,42053.471722,420.53471722,4.2053471722,0.42053471721999997
002159.SZ,002159,三特索道,20160701,26.38,24.31,26.72,24.31,24.56,1.82,0.0741,18515714.0,473166264.79,473166.26479000004,47316.626479000006,473.16626479000007,4.7316626479,0.47316626479
002159.SZ,002159,三特索道,20160624,24.56,25.4,25.87,23.7,25.9,-1.34,-0.0517,15259424.0,377428312.07,377428.31207,37742.831206999996,377.42831206999995,3.7742831206999994,0.37742831206999994
002159.SZ,002159,三特索道,20160617,25.9,22.79,26.39,22.36,23.13,2.77,0.1198,26927024.0,652583523.99,652583.52399,65258.352399,652.58352399,6.5258352399,0.65258352399
002159.SZ,002159,三特索道,20160608,23.13,22.58,23.2,22.33,22.44,0.69,0.0307,10339630.0,235684110.85,235684.11085,23568.411085,235.68411085,2.3568411085,0.23568411085
002159.SZ,002159,三特索道,20160603,22.44,21.85,22.76,21.85,22.08,0.36,0.0163,13797024.0,309218973.55,309218.97355,30921.897355,309.21897355,3.0921897355,0.30921897355
002159.SZ,002159,三特索道,20160527,22.08,22.02,22.5,21.2,22.02,0.06,0.0027,9921261.0,217626245.4,217626.2454,21762.62454,217.62624540000002,2.176262454,0.21762624540000003
002159.SZ,002159,三特索道,20160520,22.02,21.15,23.55,21.15,21.3,0.72,0.0338,21102773.0,475007031.13,475007.03113,47500.703113,475.00703113000003,4.7500703113,0.47500703113
002159.SZ,002159,三特索道,20160513,21.3,22.17,22.68,20.98,22.5,-1.2,-0.0533,11024829.0,240597836.42,240597.83641999998,24059.783642,240.59783642,2.4059783642,0.24059783642000002
002159.SZ,002159,三特索道,20160506,22.5,23.5,24.25,22.46,23.53,-1.03,-0.0438,13848386.0,328354235.0,328354.235,32835.4235,328.35423499999996,3.2835423499999994,0.32835423499999994
002159.SZ,002159,三特索道,20160429,23.53,23.3,23.89,22.84,23.34,0.19,0.0081,14748718.0,345416247.29,345416.24729,34541.624729,345.41624729,3.4541624729000002,0.34541624729000003
002159.SZ,002159,三特索道,20160422,23.34,24.2,24.45,22.5,24.57,-1.23,-0.0501,20598549.0,483860698.97,483860.69897,48386.069897,483.86069897,4.8386069897,0.48386069896999995
002159.SZ,002159,三特索道,20160415,24.57,23.75,27.05,23.75,23.58,0.99,0.042,33643187.0,835703596.23,835703.59623,83570.359623,835.70359623,8.3570359623,0.8357035962299999
002159.SZ,002159,三特索道,20160408,23.58,22.32,23.89,22.13,22.12,1.46,0.066,11775319.0,271635555.51,271635.55551,27163.555550999998,271.63555550999996,2.7163555551,0.27163555550999996
002159.SZ,002159,三特索道,20160401,22.12,22.28,23.13,21.49,22.16,-0.04,-0.0018,15809517.0,353693047.29,353693.04729,35369.304729,353.69304729000004,3.5369304729000004,0.35369304729000006
002159.SZ,002159,三特索道,20160325,22.16,22.5,23.66,21.6,22.39,-0.23,-0.0103,16088227.0,365859873.41,365859.87341,36585.987341,365.85987341,3.6585987341,0.36585987341
002159.SZ,002159,三特索道,20160318,22.39,19.97,22.58,19.85,19.7,2.69,0.1365,14470953.0,308410499.98,308410.49998,30841.049998000002,308.41049998,3.0841049998,0.30841049998000003
002159.SZ,002159,三特索道,20160311,19.7,19.8,21.27,19.03,19.73,-0.03,-0.0015,10157286.0,202643054.34,202643.05434,20264.305434,202.64305434000002,2.0264305434,0.20264305434000002
002159.SZ,002159,三特索道,20160304,19.73,20.24,21.57,18.7,20.64,-0.91,-0.0441,18825911.0,372045805.8,372045.80580000003,37204.58058,372.04580580000004,3.720458058,0.3720458058
002159.SZ,002159,三特索道,20160226,20.64,24.2,24.73,20.2,23.79,-3.15,-0.1324,18782515.0,420987274.88,420987.27488,42098.727488,420.98727488,4.2098727488,0.42098727488
002159.SZ,002159,三特索道,20160219,23.79,22.25,24.7,22.21,23.14,0.65,0.0281,10529571.0,250602196.0,250602.196,25060.2196,250.602196,2.50602196,0.250602196
002159.SZ,002159,三特索道,20160205,23.14,20.5,23.57,20.31,20.47,2.67,0.1304,12587176.0,276394450.58,276394.45058,27639.445058,276.39445058,2.7639445058,0.27639445058
002159.SZ,002159,三特索道,20160129,20.47,22.2,22.61,19.35,21.88,-1.41,-0.0644,18350566.0,382454489.23,382454.48923,38245.448923,382.45448923000004,3.8245448923000005,0.38245448923
002159.SZ,002159,三特索道,20160122,21.88,20.5,23.5,19.48,21.3,0.58,0.0272,23230656.0,505556600.23,505556.60023000004,50555.660023000004,505.55660023,5.0555660023,0.50555660023
002159.SZ,002159,三特索道,20160115,21.3,24.15,24.4,19.28,24.59,-3.29,-0.1338,22270695.0,483236211.2,483236.21119999996,48323.621119999996,483.23621119999996,4.832362111999999,0.48323621119999993
002159.SZ,002159,三特索道,20160108,24.59,30.8,31.65,24.1,30.8,-6.21,-0.2016,17217152.0,465269418.19,465269.41819,46526.941819,465.26941819,4.6526941819,0.46526941819
002159.SZ,002159,三特索道,20151231,30.8,30.5,31.49,28.7,30.47,0.33,0.0108,14962411.0,451450126.69,451450.12669,45145.012669,451.45012669000005,4.514501266900001,0.45145012669000006
002159.SZ,002159,三特索道,20151225,30.47,29.13,32.17,28.9,29.07,1.4,0.0482,23902947.0,727466743.26,727466.74326,72746.67432600001,727.46674326,7.2746674326,0.72746674326
002159.SZ,002159,三特索道,20151218,29.07,27.32,29.57,26.69,27.55,1.52,0.0552,23813357.0,670710615.0,670710.615,67071.0615,670.710615,6.7071061499999995,0.670710615
002159.SZ,002159,三特索道,20151211,27.55,29.2,29.8,27.5,30.55,-3.0,-0.0982,8077958.0,229356846.24,229356.84624,22935.684624,229.35684624,2.2935684624,0.22935684624000002
002159.SZ,002159,三特索道,20151127,30.55,35.45,35.87,30.36,35.62,-5.07,-0.1423,33845416.0,1088633081.8,1088633.0818,108863.30818,1088.6330818000001,10.886330818000001,1.0886330818
002159.SZ,002159,三特索道,20151120,35.62,29.03,35.62,29.0,30.1,5.52,0.1834,25473252.0,829977295.76,829977.29576,82997.729576,829.97729576,8.2997729576,0.82997729576
002159.SZ,002159,三特索道,20151113,30.1,29.25,31.92,28.5,28.55,1.55,0.0543,27269336.0,818383431.18,818383.43118,81838.34311799999,818.3834311799999,8.183834311799998,0.8183834311799998
002159.SZ,002159,三特索道,20151106,28.55,25.95,28.55,24.82,26.68,1.87,0.0701,32503042.0,851657572.14,851657.57214,85165.757214,851.65757214,8.516575721399999,0.8516575721399999
002159.SZ,002159,三特索道,20151030,26.68,23.49,27.1,23.32,23.5,3.18,0.1353,23064915.0,578956318.54,578956.31854,57895.631854,578.95631854,5.7895631854,0.57895631854
002159.SZ,002159,三特索道,20151023,23.5,24.98,25.6,22.52,25.3,-1.8,-0.0711,18208123.0,436771611.69,436771.61169,43677.161169,436.77161169,4.3677161169,0.43677161168999995
002159.SZ,002159,三特索道,20151016,25.3,22.61,25.79,22.61,22.75,2.55,0.1121,21125267.0,509875155.82,509875.15582,50987.515582,509.87515582,5.0987515582,0.50987515582
002159.SZ,002159,三特索道,20151009,22.75,23.6,23.6,22.16,21.95,0.8,0.0364,5917391.0,134316937.0,134316.937,13431.6937,134.316937,1.34316937,0.134316937
002159.SZ,002159,三特索道,20150930,21.95,22.5,22.9,21.56,21.91,0.04,0.0018,3349864.0,74286486.12,74286.48612,7428.648612,74.28648612,0.7428648612000001,0.07428648612000001
002159.SZ,002159,三特索道,20150925,21.91,21.31,23.9,20.58,21.32,0.59,0.0277,21660690.0,496404424.01,496404.42401,49640.442401,496.40442401,4.9640442401,0.49640442400999996
002159.SZ,002159,三特索道,20150918,21.32,22.9,23.3,18.8,22.49,-1.17,-0.052,13105559.0,275356114.69,275356.11469,27535.611469000003,275.35611469,2.7535611469,0.27535611469
002159.SZ,002159,三特索道,20150911,22.49,21.56,23.3,19.52,19.6,2.89,0.1474,18935589.0,416118616.38,416118.61638,41611.861638,416.11861638000005,4.1611861638,0.41611861638000003
002159.SZ,002159,三特索道,20150902,19.6,21.54,22.6,19.3,22.03,-2.43,-0.1103,12787502.0,276710394.21,276710.39421,27671.039421,276.71039421,2.7671039421,0.27671039421
002159.SZ,002159,三特索道,20150828,22.03,23.22,23.25,17.8,24.2,-2.17,-0.0897,31744526.0,642648280.57,642648.2805700001,64264.828057000006,642.6482805700001,6.426482805700001,0.6426482805700001
002159.SZ,002159,三特索道,20150821,24.2,27.5,27.6,23.52,27.74,-3.54,-0.1276,19500418.0,497961524.99,497961.52499,49796.152499,497.96152499000004,4.9796152499,0.49796152499
002159.SZ,002159,三特索道,20150814,27.74,27.0,29.7,26.86,27.19,0.55,0.0202,32709735.0,923712712.45,923712.71245,92371.271245,923.7127124499999,9.237127124499999,0.9237127124499999
002159.SZ,002159,三特索道,20150807,27.19,25.6,27.19,22.0,25.92,1.27,0.049,26729446.0,667744534.06,667744.53406,66774.453406,667.74453406,6.677445340599999,0.6677445340599999
002159.SZ,002159,三特索道,20150731,25.92,30.8,34.2,25.3,31.22,-5.3,-0.1698,58240278.0,1654734550.85,1654734.55085,165473.455085,1654.73455085,16.5473455085,1.6547345508500002
002159.SZ,002159,三特索道,20150724,31.22,27.09,32.82,27.09,24.63,6.59,0.2676,62919381.0,1926687191.58,1926687.1915799999,192668.719158,1926.68719158,19.2668719158,1.92668719158
002159.SZ,002159,三特索道,20150717,24.63,24.63,24.63,24.63,22.39,2.24,0.1,198251.0,4882922.13,4882.92213,488.292213,4.88292213,0.048829221299999996,0.00488292213
002159.SZ,002159,三特索道,20150116,22.39,20.72,22.6,20.5,20.72,1.67,0.0806,10051189.0,217703133.9,217703.13390000002,21770.313390000003,217.70313390000004,2.1770313390000005,0.21770313390000004
002159.SZ,002159,三特索道,20150109,20.72,20.18,20.96,19.58,20.1,0.62,0.0308,4476312.0,91784436.76,91784.43676000001,9178.443676,91.78443676,0.9178443676000001,0.09178443676
002159.SZ,002159,三特索道,20141231,20.1,19.35,20.25,18.71,19.38,0.72,0.0372,4995750.0,98417459.64,98417.45964,9841.745964,98.41745964,0.9841745964,0.09841745964000001
002159.SZ,002159,三特索道,20141226,19.38,20.19,20.24,19.19,20.24,-0.86,-0.0425,4918969.0,95652084.12,95652.08412,9565.208412,95.65208412,0.9565208412,0.09565208412000001
002159.SZ,002159,三特索道,20141219,20.24,20.5,21.47,20.14,20.6,-0.36,-0.0175,4984748.0,103758105.19,103758.10519,10375.810519,103.75810519000001,1.0375810519000002,0.10375810519000002
002159.SZ,002159,三特索道,20141212,20.6,22.3,23.08,19.7,22.4,-1.8,-0.0804,15942440.0,340228261.65,340228.26165,34022.826165,340.22826165,3.4022826165,0.34022826165
002159.SZ,002159,三特索道,20141205,22.4,23.28,23.32,21.4,22.97,-0.57,-0.0248,13280893.0,295860528.5,295860.5285,29586.05285,295.8605285,2.958605285,0.2958605285
002159.SZ,002159,三特索道,20141128,22.97,23.17,24.17,22.11,23.17,-0.2,-0.0086,7698261.0,178348369.16,178348.36916,17834.836916,178.34836916,1.7834836916,0.17834836916000002
002159.SZ,002159,三特索道,20141121,23.17,21.79,23.35,21.58,21.8,1.37,0.0628,5978094.0,136297500.67,136297.50066999998,13629.750066999997,136.29750066999998,1.3629750066999997,0.13629750066999996
002159.SZ,002159,三特索道,20141114,21.8,22.78,23.2,21.44,22.8,-1.0,-0.0439,6171538.0,137035545.34,137035.54534,13703.554534,137.03554534,1.3703554534,0.13703554534
002159.SZ,002159,三特索道,20141107,22.8,23.06,23.6,22.0,22.96,-0.16,-0.007,6601741.0,151717014.67,151717.01466999998,15171.701466999997,151.71701466999997,1.5171701466999996,0.15171701466999996
002159.SZ,002159,三特索道,20141031,22.96,23.32,23.76,22.81,23.29,-0.33,-0.0142,9263468.0,215285433.87,215285.43387,21528.543387,215.28543387000002,2.1528543387,0.21528543387000001
002159.SZ,002159,三特索道,20141024,23.29,23.68,24.18,22.69,23.38,-0.09,-0.0038,6755536.0,158195812.23,158195.81222999998,15819.581222999997,158.19581222999997,1.5819581222999997,0.15819581222999995
002159.SZ,002159,三特索道,20141017,23.38,24.87,24.92,22.88,24.89,-1.51,-0.0607,11109070.0,266479421.84,266479.42184,26647.942184000003,266.47942184000004,2.6647942184000004,0.26647942184000006
002159.SZ,002159,三特索道,20141010,24.89,25.29,26.6,24.63,25.29,-0.4,-0.0158,8403419.0,214474520.66,214474.52066,21447.452066,214.47452066000002,2.1447452066,0.21447452066
002159.SZ,002159,三特索道,20140930,25.29,24.23,25.5,24.02,24.3,0.99,0.0407,4321500.0,107900904.8,107900.9048,10790.09048,107.9009048,1.079009048,0.1079009048
002159.SZ,002159,三特索道,20140926,24.3,24.06,24.97,23.56,24.06,0.24,0.01,5507466.0,132656159.39,132656.15939,13265.615939,132.65615939,1.3265615939,0.13265615939
002159.SZ,002159,三特索道,20140919,24.06,23.18,24.08,21.6,23.3,0.76,0.0326,8001188.0,183675945.76,183675.94576,18367.594576,183.67594576,1.8367594576,0.18367594576
002159.SZ,002159,三特索道,20140912,23.3,22.82,23.5,22.42,22.84,0.46,0.0201,6108133.0,140738354.11,140738.35411000001,14073.835411000002,140.73835411000002,1.4073835411000002,0.14073835411000002
002159.SZ,002159,三特索道,20140905,22.84,21.79,23.48,21.41,21.8,1.04,0.0477,6720162.0,150249396.4,150249.3964,15024.93964,150.2493964,1.502493964,0.15024939639999998
002159.SZ,002159,三特索道,20140829,21.8,21.6,21.88,20.88,21.52,0.28,0.013,5871352.0,124445521.76,124445.52176,12444.552176000001,124.44552176,1.2444552176,0.12444552176000001
002159.SZ,002159,三特索道,20140822,21.52,22.27,22.85,21.18,22.35,-0.83,-0.0371,7028806.0,153347333.65,153347.33365000002,15334.733365000002,153.34733365000002,1.5334733365000002,0.15334733365000003
002159.SZ,002159,三特索道,20140815,22.35,20.88,23.0,20.88,20.87,1.48,0.0709,7597579.0,167663505.15,167663.50515,16766.350515000002,167.66350515000002,1.6766350515000001,0.16766350515
002159.SZ,002159,三特索道,20140808,20.87,21.12,21.57,20.47,21.32,-0.45,-0.0211,6986725.0,145257336.54,145257.33654,14525.733654,145.25733653999998,1.4525733654,0.14525733654
002159.SZ,002159,三特索道,20140801,21.32,21.7,22.28,20.68,21.88,-0.56,-0.0256,4775135.0,102885546.63,102885.54663,10288.554662999999,102.88554663,1.0288554663,0.10288554663
002159.SZ,002159,三特索道,20140725,21.88,20.12,22.3,19.91,20.41,1.47,0.072,6451500.0,138991714.43,138991.71443,13899.171443,138.99171443,1.3899171443,0.13899171443
002159.SZ,002159,三特索道,20140718,20.41,20.1,20.68,19.61,20.1,0.31,0.0154,3909329.0,78493821.52,78493.82152,7849.382152,78.49382152,0.7849382152,0.07849382151999999
002159.SZ,002159,三特索道,20140711,20.1,18.97,20.1,18.21,18.92,1.18,0.0624,4720117.0,90402208.0,90402.208,9040.2208,90.40220799999999,0.9040220799999998,0.09040220799999998
002159.SZ,002159,三特索道,20140704,18.92,19.05,19.3,18.39,19.0,-0.08,-0.0042,4689694.0,87614792.0,87614.792,8761.4792,87.614792,0.87614792,0.087614792
002159.SZ,002159,三特索道,20140627,19.0,18.04,19.11,17.9,18.05,0.95,0.0526,3426875.0,63835688.0,63835.688,6383.5688,63.835688,0.63835688,0.063835688
002159.SZ,002159,三特索道,20140620,18.05,19.19,19.19,17.46,19.3,-1.25,-0.0648,5947584.0,109010109.0,109010.109,10901.0109,109.010109,1.09010109,0.10901010900000001
002159.SZ,002159,三特索道,20140613,19.3,17.14,19.76,17.14,17.29,2.01,0.1163,6744640.0,125522182.0,125522.182,12552.2182,125.52218199999999,1.2552218199999998,0.12552218199999998
002159.SZ,002159,三特索道,20140606,17.29,17.49,17.57,17.05,17.45,-0.16,-0.0092,2295941.0,39953316.0,39953.316,3995.3316,39.953316,0.39953316,0.039953316
002159.SZ,002159,三特索道,20140530,17.45,17.41,17.85,17.29,17.46,-0.01,-0.0006,2852513.0,49838067.0,49838.067,4983.8067,49.838067,0.49838067,0.049838067
002159.SZ,002159,三特索道,20140523,17.46,17.11,17.59,16.97,17.11,0.35,0.0205,2112887.0,36635517.0,36635.517,3663.5517,36.635517,0.36635517,0.036635517
002159.SZ,002159,三特索道,20140516,17.11,17.29,17.59,16.96,17.12,-0.01,-0.0006,1941825.0,33534835.0,33534.835,3353.4835,33.534835,0.33534835,0.033534835
002159.SZ,002159,三特索道,20140509,17.12,17.06,17.57,16.85,17.05,0.07,0.0041,2514484.0,43324097.0,43324.097,4332.4097,43.324097,0.43324097,0.043324097
002159.SZ,002159,三特索道,20140430,17.05,17.24,17.4,16.54,17.3,-0.25,-0.0145,1472336.0,24895073.0,24895.073,2489.5073,24.895073000000004,0.24895073000000004,0.024895073000000004
002159.SZ,002159,三特索道,20140425,17.3,17.8,17.8,17.2,17.79,-0.49,-0.0275,1753937.0,30684472.0,30684.472,3068.4472,30.684472,0.30684472,0.030684472
002159.SZ,002159,三特索道,20140418,17.79,17.78,18.05,17.2,17.72,0.07,0.004,3482068.0,61519282.0,61519.282,6151.9282,61.519282000000004,0.6151928200000001,0.06151928200000001
002159.SZ,002159,三特索道,20140411,17.72,17.97,17.98,17.29,17.85,-0.13,-0.0073,2840067.0,50293070.0,50293.07,5029.307,50.29307,0.5029307,0.050293069999999995
002159.SZ,002159,三特索道,20140404,17.85,17.47,17.97,16.86,17.53,0.32,0.0183,2821460.0,49028891.0,49028.891,4902.8891,49.028891,0.49028891,0.049028891000000005
002159.SZ,002159,三特索道,20140328,17.53,17.03,17.69,16.62,17.03,0.5,0.0294,5149803.0,88085304.0,88085.304,8808.5304,88.085304,0.88085304,0.088085304
002159.SZ,002159,三特索道,20140321,17.03,17.35,17.46,16.5,17.35,-0.32,-0.0184,4005376.0,68410913.0,68410.913,6841.0913,68.410913,0.68410913,0.06841091299999999
002159.SZ,002159,三特索道,20140314,17.35,18.0,18.18,17.05,18.11,-0.76,-0.042,3274663.0,57180162.0,57180.162,5718.0162,57.180162,0.57180162,0.057180162
002159.SZ,002159,三特索道,20140307,18.11,18.18,18.88,17.7,18.07,0.04,0.0022,5135533.0,93766306.0,93766.306,9376.6306,93.766306,0.93766306,0.093766306
002159.SZ,002159,三特索道,20140228,18.07,17.09,18.88,16.55,17.45,0.62,0.0355,7569551.0,135839658.0,135839.658,13583.9658,135.839658,1.35839658,0.135839658
002159.SZ,002159,三特索道,20140221,17.45,17.19,18.49,16.96,17.19,0.26,0.0151,9333655.0,164831802.0,164831.802,16483.1802,164.83180199999998,1.6483180199999998,0.16483180199999997
002159.SZ,002159,三特索道,20140214,17.19,16.51,17.45,16.32,16.51,0.68,0.0412,8099922.0,136358738.0,136358.738,13635.873800000001,136.35873800000002,1.3635873800000002,0.13635873800000003
002159.SZ,002159,三特索道,20140207,16.51,16.3,16.6,16.3,16.38,0.13,0.0079,477465.0,7868482.0,7868.482,786.8482,7.868482,0.07868482,0.007868482
002159.SZ,002159,三特索道,20140130,16.38,16.0,16.67,15.7,16.04,0.34,0.0212,3421866.0,55571600.0,55571.6,5557.16,55.5716,0.555716,0.0555716
002159.SZ,002159,三特索道,20140124,16.04,15.9,16.18,15.3,16.15,-0.11,-0.0068,7726301.0,121037654.0,121037.654,12103.7654,121.037654,1.21037654,0.121037654
002159.SZ,002159,三特索道,20140117,16.15,16.0,16.64,16.0,16.0,0.15,0.0094,7426619.0,121315724.0,121315.724,12131.572400000001,121.315724,1.2131572400000001,0.12131572400000001
002159.SZ,002159,三特索道,20140110,16.0,16.36,16.89,15.81,16.5,-0.5,-0.0303,7669858.0,124839301.0,124839.301,12483.930100000001,124.83930100000002,1.2483930100000002,0.12483930100000003
002159.SZ,002159,三特索道,20140103,16.5,15.99,16.55,15.73,15.93,0.57,0.0358,4685832.0,75734739.0,75734.739,7573.4739,75.734739,0.7573473900000001,0.07573473900000001
002159.SZ,002159,三特索道,20131227,15.93,15.8,16.08,15.55,15.83,0.1,0.0063,2287646.0,36109191.0,36109.191,3610.9191,36.109191,0.36109191,0.036109191
002159.SZ,002159,三特索道,20131220,15.83,15.82,16.18,15.57,15.88,-0.05,-0.0031,2421899.0,38317464.0,38317.464,3831.7464,38.317464,0.38317464,0.038317464
002159.SZ,002159,三特索道,20131213,15.88,16.66,16.92,15.72,16.63,-0.75,-0.0451,3674484.0,59433467.0,59433.467,5943.3467,59.433467,0.59433467,0.059433467
002159.SZ,002159,三特索道,20131206,16.63,15.99,16.9,15.3,16.1,0.53,0.0329,4971722.0,81452104.0,81452.104,8145.210400000001,81.452104,0.81452104,0.081452104
002159.SZ,002159,三特索道,20131129,16.1,16.73,17.0,15.65,16.83,-0.73,-0.0434,3206340.0,52122357.0,52122.357,5212.2357,52.122357,0.52122357,0.052122356999999994
002159.SZ,002159,三特索道,20131122,16.83,16.28,17.35,16.2,16.32,0.51,0.0313,5434405.0,92107359.0,92107.359,9210.7359,92.107359,0.92107359,0.092107359
002159.SZ,002159,三特索道,20131115,16.32,16.2,16.9,15.58,16.31,0.01,0.0006,5730081.0,93467631.0,93467.631,9346.7631,93.467631,0.93467631,0.093467631
002159.SZ,002159,三特索道,20131108,16.31,15.18,17.05,15.06,15.05,1.26,0.0837,10720036.0,175142451.0,175142.451,17514.2451,175.142451,1.7514245099999999,0.17514245099999998
002159.SZ,002159,三特索道,20131101,15.05,15.19,15.37,14.0,15.15,-0.1,-0.0066,3058260.0,45693981.0,45693.981,4569.3981,45.693981,0.45693981,0.045693981
002159.SZ,002159,三特索道,20131025,15.15,15.11,15.6,14.55,15.13,0.02,0.0013,3391250.0,51533822.0,51533.822,5153.3822,51.533822,0.51533822,0.05153382199999999
002159.SZ,002159,三特索道,20131018,15.13,15.36,15.98,15.0,15.37,-0.24,-0.0156,5437428.0,84200201.0,84200.201,8420.0201,84.20020099999999,0.84200201,0.084200201
002159.SZ,002159,三特索道,20131011,15.37,14.88,15.39,14.5,14.71,0.66,0.0449,3214070.0,47835500.0,47835.5,4783.55,47.8355,0.47835500000000003,0.0478355
002159.SZ,002159,三特索道,20130930,14.71,14.48,14.71,14.32,14.48,0.23,0.0159,657300.0,9581404.0,9581.404,958.1404,9.581404,0.09581403999999999,0.009581403999999998
002159.SZ,002159,三特索道,20130927,14.48,15.39,15.48,14.4,15.42,-0.94,-0.061,3470950.0,52107838.0,52107.838,5210.7838,52.107838,0.5210783800000001,0.052107838000000004
002159.SZ,002159,三特索道,20130918,15.42,15.64,15.92,14.8,15.49,-0.07,-0.0045,4099696.0,62978910.0,62978.91,6297.8910000000005,62.978910000000006,0.6297891000000001,0.06297891000000001
002159.SZ,002159,三特索道,20130913,15.49,16.19,16.39,14.83,16.19,-0.7,-0.0432,10207489.0,156941753.0,156941.753,15694.175299999999,156.94175299999998,1.5694175299999997,0.15694175299999996
002159.SZ,002159,三特索道,20130906,16.19,15.55,16.57,15.52,15.8,0.39,0.0247,5211595.0,84001151.0,84001.151,8400.115099999999,84.001151,0.84001151,0.084001151
002159.SZ,002159,三特索道,20130830,15.8,15.12,16.7,15.05,15.27,0.53,0.0347,6305862.0,99820609.0,99820.609,9982.0609,99.820609,0.99820609,0.099820609
002159.SZ,002159,三特索道,20130823,15.27,14.1,15.58,14.1,14.98,0.29,0.0194,6352009.0,94607106.0,94607.106,9460.7106,94.607106,0.94607106,0.094607106
002159.SZ,002159,三特索道,20130816,14.98,15.0,15.0,13.78,14.85,0.13,0.0088,2945068.0,42641604.0,42641.604,4264.1604,42.641604,0.42641604,0.042641604
002159.SZ,002159,三特索道,20130809,14.85,14.49,15.22,14.21,14.49,0.36,0.0248,4398979.0,65273710.0,65273.71,6527.371,65.27371,0.6527371,0.06527371
002159.SZ,002159,三特索道,20130802,14.49,13.95,14.56,13.0,14.04,0.45,0.0321,4485760.0,62137057.0,62137.057,6213.7057,62.137057000000006,0.6213705700000001,0.06213705700000001
002159.SZ,002159,三特索道,20130726,14.04,14.7,14.79,13.71,14.72,-0.68,-0.0462,3078311.0,44105921.0,44105.921,4410.5921,44.105920999999995,0.4410592099999999,0.04410592099999999
002159.SZ,002159,三特索道,20130719,14.72,14.4,15.06,14.36,14.55,0.17,0.0117,4577204.0,67100543.0,67100.543,6710.054300000001,67.100543,0.67100543,0.067100543
002159.SZ,002159,三特索道,20130712,14.55,14.79,15.19,14.08,14.9,-0.35,-0.0235,3347838.0,48758006.0,48758.006,4875.8006000000005,48.758006,0.48758006000000004,0.048758006000000007
002159.SZ,002159,三特索道,20130705,14.9,14.23,15.3,14.0,14.24,0.66,0.0463,5172475.0,75673097.0,75673.097,7567.3097,75.673097,0.75673097,0.075673097
002159.SZ,002159,三特索道,20130628,14.24,15.79,15.79,13.28,15.57,-1.33,-0.0854,5937604.0,85210728.0,85210.728,8521.0728,85.210728,0.85210728,0.085210728
002159.SZ,002159,三特索道,20130621,15.57,15.95,16.82,15.03,16.0,-0.43,-0.0269,6528601.0,104297177.0,104297.177,10429.7177,104.29717699999999,1.0429717699999999,0.10429717699999999
002159.SZ,002159,三特索道,20130614,16.0,16.6,16.6,15.52,16.6,-0.6,-0.0361,1467821.0,23544216.0,23544.216,2354.4216,23.544216000000002,0.23544216,0.023544216
002159.SZ,002159,三特索道,20130607,16.6,16.33,16.75,15.6,16.45,0.15,0.0091,5181193.0,84279308.0,84279.308,8427.9308,84.279308,0.84279308,0.084279308
002159.SZ,002159,三特索道,20130531,16.45,16.98,17.13,16.3,17.09,-0.64,-0.0374,5963543.0,99451027.0,99451.027,9945.1027,99.451027,0.9945102699999999,0.099451027
002159.SZ,002159,三特索道,20130524,17.09,16.61,17.4,16.53,16.61,0.48,0.0289,8767211.0,149213252.0,149213.252,14921.325200000001,149.213252,1.4921325200000002,0.14921325200000002
002159.SZ,002159,三特索道,20130517,16.61,16.42,17.0,16.13,16.57,0.04,0.0024,4363166.0,72131705.0,72131.705,7213.1705,72.131705,0.72131705,0.072131705
002159.SZ,002159,三特索道,20130510,16.57,16.95,17.32,15.9,17.04,-0.47,-0.0276,3411974.0,57025294.0,57025.294,5702.5294,57.025294,0.57025294,0.057025294000000004
002159.SZ,002159,三特索道,20130503,17.04,16.99,17.47,16.6,17.0,0.04,0.0024,678213.0,11503911.0,11503.911,1150.3911,11.503911,0.11503911,0.011503911
002159.SZ,002159,三特索道,20130426,17.0,18.1,18.21,16.88,18.31,-1.31,-0.0715,3999775.0,70227160.0,70227.16,7022.716,70.22716,0.7022716,0.07022716
002159.SZ,002159,三特索道,20130419,18.31,18.36,18.81,17.56,18.55,-0.24,-0.0129,3229796.0,59348395.0,59348.395,5934.8395,59.348395000000004,0.59348395,0.059348395
002159.SZ,002159,三特索道,20130412,18.55,17.85,19.27,17.53,18.26,0.29,0.0159,6189144.0,116235748.0,116235.748,11623.5748,116.235748,1.16235748,0.116235748
002159.SZ,002159,三特索道,20130403,18.26,17.5,18.46,16.84,17.51,0.75,0.0428,2228908.0,39737454.0,39737.454,3973.7454,39.737454,0.39737454,0.039737454
002159.SZ,002159,三特索道,20130329,17.51,18.4,19.48,17.51,18.32,-0.81,-0.0442,10133905.0,191392731.0,191392.731,19139.2731,191.392731,1.91392731,0.191392731
002159.SZ,002159,三特索道,20130322,18.32,17.86,18.66,17.5,17.85,0.47,0.0263,4542526.0,82367832.0,82367.832,8236.7832,82.36783199999999,0.82367832,0.082367832
002159.SZ,002159,三特索道,20130315,17.85,18.5,18.96,16.8,18.95,-1.1,-0.058,10239387.0,182938063.0,182938.063,18293.8063,182.938063,1.82938063,0.18293806299999998
002159.SZ,002159,三特索道,20130308,18.95,19.17,19.98,18.03,17.43,1.52,0.0872,14020726.0,268637372.0,268637.372,26863.737199999996,268.63737199999997,2.6863737199999997,0.268637372
002159.SZ,002159,三特索道,20130301,17.43,18.4,18.4,16.15,17.77,-0.34,-0.0191,7103245.0,123587512.0,123587.512,12358.7512,123.587512,1.23587512,0.123587512
002159.SZ,002159,三特索道,20130222,17.77,17.5,18.21,17.5,17.59,0.18,0.0102,2409484.0,42897332.0,42897.332,4289.733200000001,42.897332000000006,0.42897332000000005,0.042897332
002159.SZ,002159,三特索道,20130208,17.59,15.24,17.6,15.1,15.15,2.44,0.1611,24573895.0,408710008.0,408710.008,40871.000799999994,408.71000799999996,4.08710008,0.408710008
002159.SZ,002159,三特索道,20130201,15.15,14.7,15.87,14.7,14.7,0.45,0.0306,10621067.0,162702798.0,162702.798,16270.2798,162.702798,1.62702798,0.162702798
002159.SZ,002159,三特索道,20130125,14.7,13.25,15.4,13.25,13.31,1.39,0.1044,12943146.0,186705400.0,186705.4,18670.54,186.7054,1.867054,0.1867054
002159.SZ,002159,三特索道,20130118,13.31,12.7,13.52,12.6,12.82,0.49,0.0382,8727906.0,115543433.0,115543.433,11554.3433,115.54343300000001,1.15543433,0.115543433
002159.SZ,002159,三特索道,20130111,12.82,12.39,13.35,12.3,12.34,0.48,0.0389,8198079.0,104554568.0,104554.568,10455.4568,104.554568,1.04554568,0.104554568
002159.SZ,002159,三特索道,20130104,12.34,12.59,12.68,12.32,12.62,-0.28,-0.0222,3226626.0,40281296.0,40281.296,4028.1296,40.281296000000005,0.40281296000000005,0.04028129600000001
002159.SZ,002159,三特索道,20121228,12.62,12.05,13.08,11.91,12.0,0.62,0.0517,7268673.0,91097212.0,91097.212,9109.7212,91.097212,0.9109721199999999,0.091097212
002159.SZ,002159,三特索道,20121221,12.0,12.05,12.25,11.66,12.06,-0.06,-0.005,4432501.0,53087488.0,53087.488,5308.748799999999,53.08748799999999,0.5308748799999999,0.053087487999999995
002159.SZ,002159,三特索道,20121214,12.06,12.1,12.29,11.4,12.08,-0.02,-0.0017,2906291.0,34531854.0,34531.854,3453.1854,34.531853999999996,0.34531853999999995,0.034531853999999994
002159.SZ,002159,三特索道,20121207,12.08,11.66,12.28,11.51,11.83,0.25,0.0211,2089602.0,24849253.0,24849.253,2484.9253,24.849252999999997,0.24849252999999996,0.024849252999999995
002159.SZ,002159,三特索道,20121130,11.83,11.69,11.87,11.4,11.68,0.15,0.0128,1099903.0,12813916.0,12813.916,1281.3916,12.813915999999999,0.12813916,0.012813916
002159.SZ,002159,三特索道,20121123,11.68,12.22,12.27,11.45,12.22,-0.54,-0.0442,1271920.0,14887190.0,14887.19,1488.719,14.88719,0.1488719,0.01488719
002159.SZ,002159,三特索道,20121116,12.22,12.65,12.95,12.1,12.64,-0.42,-0.0332,960487.0,12116714.0,12116.714,1211.6714,12.116714,0.12116714,0.012116714
002159.SZ,002159,三特索道,20121109,12.64,13.25,13.6,12.62,13.3,-0.66,-0.0496,2069942.0,27144438.0,27144.438,2714.4438,27.144438,0.27144438,0.027144438
002159.SZ,002159,三特索道,20121102,13.3,12.88,13.49,12.57,12.87,0.43,0.0334,1138512.0,14911725.0,14911.725,1491.1725000000001,14.911725,0.14911725,0.014911725
002159.SZ,002159,三特索道,20121026,12.87,13.33,13.66,12.7,13.45,-0.58,-0.0431,2142939.0,28366976.0,28366.976,2836.6976,28.366976,0.28366976,0.028366976
002159.SZ,002159,三特索道,20121019,13.45,12.61,13.45,12.51,12.68,0.77,0.0607,2532328.0,32837857.0,32837.857,3283.7857000000004,32.83785700000001,0.3283785700000001,0.03283785700000001
002159.SZ,002159,三特索道,20121012,12.68,12.39,13.17,12.3,12.17,0.51,0.0419,5203154.0,66474086.0,66474.086,6647.4086,66.474086,0.66474086,0.066474086
002159.SZ,002159,三特索道,20120928,12.17,12.0,12.83,11.81,12.0,0.17,0.0142,5756104.0,70537066.0,70537.066,7053.7066,70.53706600000001,0.7053706600000001,0.07053706600000001
002159.SZ,002159,三特索道,20120921,12.0,12.78,12.78,11.8,12.76,-0.76,-0.0596,4134531.0,50931553.0,50931.553,5093.1553,50.931553,0.50931553,0.050931553
002159.SZ,002159,三特索道,20120914,12.76,12.12,13.18,12.09,12.18,0.58,0.0476,6546318.0,82505262.0,82505.262,8250.5262,82.505262,0.82505262,0.082505262
002159.SZ,002159,三特索道,20120907,12.18,11.13,12.34,11.03,11.18,1.0,0.0894,3235348.0,38398114.0,38398.114,3839.8114,38.398114,0.38398114,0.038398114
002159.SZ,002159,三特索道,20120831,11.18,11.46,11.54,10.69,11.6,-0.42,-0.0362,1678939.0,18833856.0,18833.856,1883.3856,18.833856,0.18833856000000002,0.018833856000000003
002159.SZ,002159,三特索道,20120824,11.6,11.52,12.15,11.48,11.52,0.08,0.0069,2416471.0,28528942.0,28528.942,2852.8941999999997,28.528941999999997,0.28528941999999996,0.028528941999999995
002159.SZ,002159,三特索道,20120817,11.52,12.1,12.15,11.35,12.13,-0.61,-0.0503,2622167.0,30888230.0,30888.23,3088.823,30.88823,0.3088823,0.03088823
002159.SZ,002159,三特索道,20120810,12.13,11.14,12.86,11.11,11.21,0.92,0.0821,8178735.0,100152015.0,100152.015,10015.2015,100.15201499999999,1.00152015,0.100152015
002159.SZ,002159,三特索道,20120803,11.21,12.08,12.12,11.02,12.13,-0.92,-0.0758,3848374.0,43669787.0,43669.787,4366.9787,43.669787,0.43669787,0.043669787
002159.SZ,002159,三特索道,20120727,12.13,12.6,12.65,12.11,12.61,-0.48,-0.0381,2003980.0,24775186.0,24775.186,2477.5186000000003,24.775186000000005,0.24775186000000005,0.024775186000000005
002159.SZ,002159,三特索道,20120720,12.61,13.79,13.81,12.41,13.88,-1.27,-0.0915,3570432.0,45864239.0,45864.239,4586.4239,45.864239,0.45864238999999996,0.045864238999999994
002159.SZ,002159,三特索道,20120713,13.88,14.04,14.35,13.6,14.04,-0.16,-0.0114,2047785.0,28580414.0,28580.414,2858.0414,28.580414,0.28580414,0.028580414
002159.SZ,002159,三特索道,20120706,14.04,14.05,14.46,13.72,13.93,0.11,0.0079,2113929.0,29832006.0,29832.006,2983.2006,29.832006,0.29832006,0.029832006
002159.SZ,002159,三特索道,20120629,13.93,14.3,14.35,13.33,14.19,-0.26,-0.0183,959361.0,13432775.0,13432.775,1343.2775,13.432775,0.13432775,0.013432775
002159.SZ,002159,三特索道,20120621,14.19,14.3,14.48,14.1,14.3,-0.11,-0.0077,1312955.0,18722472.0,18722.472,1872.2472000000002,18.722472000000003,0.18722472000000004,0.018722472000000004
002159.SZ,002159,三特索道,20120615,14.3,14.25,14.51,13.95,14.2,0.1,0.007,2359468.0,33670197.0,33670.197,3367.0197,33.670197,0.33670197,0.033670197
002159.SZ,002159,三特索道,20120608,14.2,14.72,15.04,14.1,14.89,-0.69,-0.0463,3791719.0,55818643.0,55818.643,5581.864299999999,55.818642999999994,0.5581864299999999,0.05581864299999999
002159.SZ,002159,三特索道,20120601,14.89,14.85,15.19,14.4,14.7,0.19,0.0129,4488000.0,66319220.0,66319.22,6631.9220000000005,66.31922,0.6631922,0.06631922
002159.SZ,002159,三特索道,20120525,14.7,15.13,15.31,14.7,15.15,-0.45,-0.0297,2482653.0,37376616.0,37376.616,3737.6616000000004,37.376616000000006,0.37376616000000007,0.03737661600000001
002159.SZ,002159,三特索道,20120518,15.15,15.78,15.78,14.98,15.4,-0.25,-0.0162,5402922.0,82821973.0,82821.973,8282.1973,82.821973,0.82821973,0.08282197300000001
002159.SZ,002159,三特索道,20120511,15.4,14.38,15.84,14.38,14.5,0.9,0.0621,8034398.0,121531912.0,121531.912,12153.1912,121.53191199999999,1.21531912,0.12153191199999999
002159.SZ,002159,三特索道,20120504,14.5,14.28,14.5,14.1,14.03,0.47,0.0335,2632887.0,37598123.0,37598.123,3759.8123,37.598123,0.37598123,0.037598123
002159.SZ,002159,三特索道,20120427,14.03,15.02,15.12,14.0,15.11,-1.08,-0.0715,6371255.0,93080657.0,93080.657,9308.065700000001,93.08065700000002,0.9308065700000001,0.09308065700000001
002159.SZ,002159,三特索道,20120420,15.11,15.01,15.29,14.69,15.59,-0.48,-0.0308,6053065.0,90647669.0,90647.669,9064.766899999999,90.647669,0.90647669,0.090647669
002159.SZ,002159,三特索道,20120413,15.59,15.55,15.87,15.07,15.69,-0.1,-0.0064,2910611.0,45391145.0,45391.145,4539.1145,45.391144999999995,0.45391144999999994,0.045391144999999994
002159.SZ,002159,三特索道,20120406,15.69,15.0,15.89,14.94,15.03,0.66,0.0439,2805022.0,43857308.0,43857.308,4385.730799999999,43.857307999999996,0.43857307999999995,0.043857308
002159.SZ,002159,三特索道,20120330,15.03,14.79,15.35,14.18,14.75,0.28,0.019,4997410.0,74184008.0,74184.008,7418.4008,74.184008,0.74184008,0.074184008
002159.SZ,002159,三特索道,20120323,14.75,16.33,17.0,14.7,16.3,-1.55,-0.0951,8507850.0,134490475.0,134490.475,13449.0475,134.490475,1.34490475,0.134490475
002159.SZ,002159,三特索道,20120316,16.3,15.39,16.49,14.82,15.38,0.92,0.0598,6994193.0,110786659.0,110786.659,11078.6659,110.786659,1.10786659,0.110786659
002159.SZ,002159,三特索道,20120309,15.38,15.42,15.78,15.0,15.42,-0.04,-0.0026,5156878.0,79711707.0,79711.707,7971.1707,79.71170699999999,0.7971170699999999,0.07971170699999999
002159.SZ,002159,三特索道,20120302,15.42,14.81,15.65,14.63,14.89,0.53,0.0356,8688687.0,131341367.0,131341.367,13134.1367,131.341367,1.3134136699999999,0.131341367
002159.SZ,002159,三特索道,20120224,14.89,14.75,15.57,14.44,14.62,0.27,0.0185,6992450.0,104239493.0,104239.493,10423.9493,104.239493,1.04239493,0.10423949299999999
002159.SZ,002159,三特索道,20120217,14.62,13.42,14.8,13.23,13.37,1.25,0.0935,10268403.0,145014098.0,145014.098,14501.4098,145.014098,1.4501409799999998,0.14501409799999998
002159.SZ,002159,三特索道,20120210,13.37,13.3,13.6,13.01,13.4,-0.03,-0.0022,2746463.0,36557131.0,36557.131,3655.7131,36.557131,0.36557131,0.036557131
002159.SZ,002159,三特索道,20120203,13.4,12.6,13.47,12.42,12.58,0.82,0.0652,3443134.0,44626528.0,44626.528,4462.6528,44.626528,0.44626528,0.044626528
002159.SZ,002159,三特索道,20120120,12.58,13.57,13.64,12.13,13.8,-1.22,-0.0884,4199814.0,53354288.0,53354.288,5335.4288,53.354288,0.5335428799999999,0.05335428799999999
002159.SZ,002159,三特索道,20120113,13.8,13.5,14.55,13.3,13.62,0.18,0.0132,3888460.0,54426181.0,54426.181,5442.6181,54.426181,0.54426181,0.054426181
002159.SZ,002159,三特索道,20120106,13.62,14.95,15.26,13.17,14.7,-1.08,-0.0735,1923774.0,27122721.0,27122.721,2712.2721,27.122721000000002,0.27122721,0.027122721
002159.SZ,002159,三特索道,20111230,14.7,15.99,16.1,14.7,15.96,-1.26,-0.0789,2684626.0,40621635.0,40621.635,4062.1635,40.621635,0.40621635,0.040621635
002159.SZ,002159,三特索道,20111223,15.96,15.31,16.1,14.36,15.5,0.46,0.0297,3831057.0,59003951.0,59003.951,5900.3951,59.003951,0.59003951,0.059003951
002159.SZ,002159,三特索道,20111216,15.5,15.65,15.7,14.68,15.6,-0.1,-0.0064,1766132.0,27053144.0,27053.144,2705.3144,27.053144000000003,0.27053144,0.027053144
002159.SZ,002159,三特索道,20111209,15.6,16.2,16.3,15.5,16.14,-0.54,-0.0335,1775579.0,28139111.0,28139.111,2813.9111000000003,28.139111000000003,0.28139111000000006,0.028139111000000005
002159.SZ,002159,三特索道,20111202,16.14,16.87,17.09,15.87,16.88,-0.74,-0.0438,3255185.0,53939784.0,53939.784,5393.9784,53.939784,0.53939784,0.053939784000000005
002159.SZ,002159,三特索道,20111125,16.88,15.94,17.16,15.5,15.8,1.08,0.0684,3121684.0,51603134.0,51603.134,5160.3134,51.603134,0.51603134,0.051603133999999995
002159.SZ,002159,三特索道,20111118,15.8,16.4,17.4,15.8,16.55,-0.75,-0.0453,3101116.0,52096436.0,52096.436,5209.6436,52.096436000000004,0.52096436,0.052096436
002159.SZ,002159,三特索道,20111111,16.55,16.48,16.82,15.88,16.68,-0.13,-0.0078,2360883.0,38790472.0,38790.472,3879.0472,38.790472,0.38790472000000004,0.038790472000000006
002159.SZ,002159,三特索道,20111104,16.68,15.87,16.96,15.84,15.96,0.72,0.0451,3093247.0,51092078.0,51092.078,5109.2078,51.092078,0.51092078,0.051092078
002159.SZ,002159,三特索道,20111028,15.96,14.43,16.36,14.3,14.5,1.46,0.1007,2675219.0,41628703.0,41628.703,4162.8703000000005,41.628703,0.41628703,0.041628703
002159.SZ,002159,三特索道,20111021,14.5,15.12,15.55,14.39,15.15,-0.65,-0.0429,1607615.0,24336561.0,24336.561,2433.6561,24.336561000000003,0.24336561000000004,0.024336561000000003
002159.SZ,002159,三特索道,20111014,15.15,14.45,15.6,14.0,14.45,0.7,0.0484,2121414.0,31729625.0,31729.625,3172.9625,31.729625000000002,0.31729625,0.031729625
002159.SZ,002159,三特索道,20110930,14.45,15.46,15.5,14.06,15.31,-0.86,-0.0562,2059711.0,30607315.0,30607.315,3060.7315,30.607315,0.30607315,0.030607315000000003
002159.SZ,002159,三特索道,20110923,15.31,16.41,16.68,15.2,16.72,-1.41,-0.0843,3240591.0,52088717.0,52088.717,5208.8717,52.088716999999995,0.52088717,0.05208871699999999
002159.SZ,002159,三特索道,20110916,16.72,16.17,17.6,15.62,16.25,0.47,0.0289,4774007.0,80742755.0,80742.755,8074.275500000001,80.742755,0.80742755,0.080742755
002159.SZ,002159,三特索道,20110909,16.25,16.9,16.96,15.46,17.16,-0.91,-0.053,4153489.0,66955486.0,66955.486,6695.5486,66.95548600000001,0.6695548600000001,0.06695548600000001
002159.SZ,002159,三特索道,20110902,17.16,16.87,17.47,16.24,16.92,0.24,0.0142,7792216.0,131893767.0,131893.767,13189.376699999999,131.893767,1.31893767,0.131893767
002159.SZ,002159,三特索道,20110826,16.92,16.87,17.3,16.17,17.0,-0.08,-0.0047,6437758.0,107709020.0,107709.02,10770.902,107.70902,1.0770902,0.10770902
002159.SZ,002159,三特索道,20110819,17.0,16.99,18.2,16.53,16.85,0.15,0.0089,15549936.0,273101680.0,273101.68,27310.167999999998,273.10168,2.7310168,0.27310168
002159.SZ,002159,三特索道,20110812,16.85,14.96,16.98,14.38,15.22,1.63,0.1071,16655997.0,264204322.0,264204.322,26420.4322,264.204322,2.6420432199999997,0.264204322
002159.SZ,002159,三特索道,20110805,15.22,14.36,15.67,14.12,14.6,0.62,0.0425,5510617.0,82585053.0,82585.053,8258.5053,82.585053,0.82585053,0.08258505299999999
002159.SZ,002159,三特索道,20110729,14.6,15.3,15.43,14.11,15.39,-0.79,-0.0513,6358532.0,93820500.0,93820.5,9382.05,93.8205,0.938205,0.0938205
002159.SZ,002159,三特索道,20110722,15.39,14.58,15.68,14.48,14.55,0.84,0.0577,6467448.0,95745408.0,95745.408,9574.540799999999,95.74540799999998,0.9574540799999999,0.09574540799999999
002159.SZ,002159,三特索道,20110715,14.55,14.41,15.25,14.4,14.59,-0.04,-0.0027,6291568.0,93387008.0,93387.008,9338.7008,93.38700800000001,0.93387008,0.09338700800000001
002159.SZ,002159,三特索道,20110708,14.59,13.49,14.92,13.41,13.43,1.16,0.0864,8763620.0,125708033.0,125708.033,12570.8033,125.708033,1.25708033,0.125708033
002159.SZ,002159,三特索道,20110701,13.43,13.12,13.96,13.03,13.09,0.34,0.026,6696766.0,90492500.0,90492.5,9049.25,90.4925,0.9049250000000001,0.0904925
002159.SZ,002159,三特索道,20110624,13.09,12.79,13.31,12.33,12.88,0.21,0.0163,5782850.0,73685921.0,73685.921,7368.5921,73.685921,0.73685921,0.073685921
002159.SZ,002159,三特索道,20110617,12.88,13.66,14.67,12.8,14.0,-1.12,-0.08,5224024.0,71926469.0,71926.469,7192.6469,71.926469,0.7192646899999999,0.07192646899999999
002159.SZ,002159,三特索道,20110610,14.0,13.11,14.67,12.98,13.11,0.89,0.0679,5376085.0,74846080.0,74846.08,7484.608,74.84608,0.7484608,0.07484608000000001
002159.SZ,002159,三特索道,20110603,13.11,13.78,13.79,12.5,13.72,-0.61,-0.0445,4360500.0,56811873.0,56811.873,5681.1873,56.811873,0.56811873,0.056811873
002159.SZ,002159,三特索道,20110527,13.72,15.37,15.37,13.65,15.32,-1.6,-0.1044,2704943.0,38892119.0,38892.119,3889.2119,38.892119,0.38892119,0.038892119
002159.SZ,002159,三特索道,20110520,15.32,16.14,16.14,15.3,15.96,-0.64,-0.0401,1674672.0,26166573.0,26166.573,2616.6573,26.166573,0.26166573,0.026166573
002159.SZ,002159,三特索道,20110513,15.96,15.1,16.1,14.69,14.85,1.11,0.0747,4510683.0,68997260.0,68997.26,6899.726,68.99726,0.6899725999999999,0.06899725999999999
002159.SZ,002159,三特索道,20110506,14.85,15.67,16.01,14.55,15.66,-0.81,-0.0517,2840302.0,43682569.0,43682.569,4368.2569,43.682569,0.43682569,0.043682569
002159.SZ,002159,三特索道,20110429,15.66,18.88,18.88,15.01,18.86,-3.2,-0.1697,8598637.0,146550332.0,146550.332,14655.0332,146.550332,1.46550332,0.146550332
002159.SZ,002159,三特索道,20110422,18.86,17.61,19.01,17.55,17.65,1.21,0.0686,10476344.0,192486842.0,192486.842,19248.6842,192.486842,1.92486842,0.192486842
002159.SZ,002159,三特索道,20110415,17.65,17.75,18.05,17.04,17.82,-0.17,-0.0095,6438816.0,112431602.0,112431.602,11243.1602,112.431602,1.12431602,0.11243160199999999
002159.SZ,002159,三特索道,20110408,17.82,17.19,18.0,17.01,17.33,0.49,0.0283,3039728.0,53575341.0,53575.341,5357.5341,53.575341,0.53575341,0.053575341
002159.SZ,002159,三特索道,20110401,17.33,18.13,18.29,17.0,18.11,-0.78,-0.0431,4838469.0,84579745.0,84579.745,8457.9745,84.579745,0.8457974500000001,0.08457974500000001
002159.SZ,002159,三特索道,20110325,18.11,17.45,18.58,17.0,17.45,0.66,0.0378,6506184.0,116336200.0,116336.2,11633.619999999999,116.33619999999999,1.163362,0.1163362
002159.SZ,002159,三特索道,20110318,17.45,18.0,18.29,17.18,18.1,-0.65,-0.0359,7081895.0,125002016.0,125002.016,12500.2016,125.002016,1.25002016,0.125002016
002159.SZ,002159,三特索道,20110311,18.1,18.76,19.5,17.94,18.96,-0.86,-0.0454,11887357.0,220452978.0,220452.978,22045.2978,220.452978,2.20452978,0.22045297800000002
002159.SZ,002159,三特索道,20110304,18.96,17.86,20.0,17.61,17.86,1.1,0.0616,17633799.0,338302424.0,338302.424,33830.2424,338.30242400000003,3.38302424,0.338302424
002159.SZ,002159,三特索道,20110225,17.86,16.02,18.7,16.0,16.12,1.74,0.1079,13881436.0,246329188.0,246329.188,24632.9188,246.329188,2.46329188,0.24632918799999998
002159.SZ,002159,三特索道,20110218,16.12,16.08,16.5,15.83,16.1,0.02,0.0012,4521875.0,73219914.0,73219.914,7321.991400000001,73.219914,0.7321991400000001,0.07321991400000001
002159.SZ,002159,三特索道,20110211,16.1,15.36,16.53,15.25,15.57,0.53,0.034,2669548.0,42410812.0,42410.812,4241.0812,42.41081199999999,0.4241081199999999,0.04241081199999999
002159.SZ,002159,三特索道,20110201,15.57,15.17,15.77,14.83,15.24,0.33,0.0217,1938752.0,30127619.0,30127.619,3012.7619,30.127619,0.30127619,0.030127619
002159.SZ,002159,三特索道,20110128,15.24,14.98,15.55,13.94,14.7,0.54,0.0367,4443801.0,66566107.0,66566.107,6656.6107,66.566107,0.6656610700000001,0.06656610700000001
002159.SZ,002159,三特索道,20110121,14.7,16.5,16.5,14.35,16.52,-1.82,-0.1102,5781860.0,88335917.0,88335.917,8833.5917,88.33591700000001,0.8833591700000001,0.08833591700000001
002159.SZ,002159,三特索道,20110114,16.52,17.6,17.65,16.5,17.6,-1.08,-0.0614,1698733.0,29032970.0,29032.97,2903.297,29.03297,0.29032969999999997,0.029032969999999998
002159.SZ,002159,三特索道,20110107,17.6,18.4,18.44,17.45,18.22,-0.62,-0.034,2472763.0,44271596.0,44271.596,4427.1596,44.271596,0.44271596,0.044271596
002159.SZ,002159,三特索道,20101231,18.22,18.57,18.65,17.0,18.45,-0.23,-0.0125,4667317.0,84359264.0,84359.264,8435.9264,84.359264,0.84359264,0.084359264
002159.SZ,002159,三特索道,20101224,18.45,18.85,19.14,18.1,18.79,-0.34,-0.0181,3825287.0,70582771.0,70582.771,7058.277099999999,70.582771,0.7058277099999999,0.07058277099999999
002159.SZ,002159,三特索道,20101217,18.79,19.18,19.83,18.78,18.93,-0.14,-0.0074,4576888.0,88699659.0,88699.659,8869.9659,88.699659,0.88699659,0.088699659
002159.SZ,002159,三特索道,20101210,18.93,18.66,19.33,18.01,18.65,0.28,0.015,3190928.0,59749590.0,59749.59,5974.959,59.74959,0.5974959,0.05974959
002159.SZ,002159,三特索道,20101203,18.65,20.5,20.5,18.31,20.32,-1.67,-0.0822,5404377.0,102995601.0,102995.601,10299.560099999999,102.995601,1.02995601,0.102995601
002159.SZ,002159,三特索道,20101126,20.32,18.59,21.5,18.3,18.8,1.52,0.0809,7862193.0,155891619.0,155891.619,15589.161900000001,155.89161900000002,1.5589161900000001,0.155891619
002159.SZ,002159,三特索道,20101119,18.8,20.28,20.85,17.97,20.29,-1.49,-0.0734,8537591.0,165501816.0,165501.816,16550.1816,165.501816,1.65501816,0.165501816
002159.SZ,002159,三特索道,20101112,20.29,20.19,22.1,19.5,20.17,0.12,0.0059,18815947.0,391715052.0,391715.052,39171.5052,391.715052,3.9171505200000003,0.391715052
002159.SZ,002159,三特索道,20101105,20.17,18.72,20.39,18.5,18.72,1.45,0.0775,10725734.0,208541894.0,208541.894,20854.1894,208.54189399999998,2.08541894,0.20854189399999998
002159.SZ,002159,三特索道,20101029,18.72,19.05,20.0,18.5,19.05,-0.33,-0.0173,9562014.0,184365576.0,184365.576,18436.5576,184.365576,1.84365576,0.184365576
002159.SZ,002159,三特索道,20101022,19.05,18.76,19.99,17.6,18.41,0.64,0.0348,7864060.0,149030568.0,149030.568,14903.0568,149.03056800000002,1.49030568,0.149030568
002159.SZ,002159,三特索道,20101015,18.41,21.23,21.23,18.2,21.23,-2.82,-0.1328,12992022.0,254841560.0,254841.56,25484.156,254.84156,2.5484156,0.25484155999999997
002159.SZ,002159,三特索道,20101008,21.23,21.35,21.68,20.7,21.23,0.0,0.0,1828490.0,39022184.0,39022.184,3902.2184,39.022184,0.39022184000000004,0.039022184
002159.SZ,002159,三特索道,20100930,21.23,19.94,21.34,19.88,19.98,1.25,0.0626,5716565.0,117680740.0,117680.74,11768.074,117.68074,1.1768074,0.11768073999999999
002159.SZ,002159,三特索道,20100921,19.98,20.66,20.68,19.45,20.28,-0.3,-0.0148,2778572.0,55727884.0,55727.884,5572.7883999999995,55.727883999999996,0.5572788399999999,0.05572788399999999
002159.SZ,002159,三特索道,20100917,20.28,21.16,22.6,19.26,21.16,-0.88,-0.0416,13250578.0,283813444.0,283813.444,28381.3444,283.813444,2.83813444,0.283813444
002159.SZ,002159,三特索道,20100910,21.16,19.67,22.17,19.67,19.5,1.66,0.0851,16332204.0,343967224.0,343967.224,34396.7224,343.967224,3.4396722399999997,0.34396722399999996
002159.SZ,002159,三特索道,20100903,19.5,18.49,19.7,18.29,18.23,1.27,0.0697,13512361.0,257515900.0,257515.9,25751.59,257.5159,2.5751589999999998,0.25751589999999996
002159.SZ,002159,三特索道,20100827,18.23,18.15,18.89,17.8,18.17,0.06,0.0033,6373771.0,117067705.0,117067.705,11706.7705,117.067705,1.17067705,0.11706770500000001
002159.SZ,002159,三特索道,20100820,18.17,17.97,18.59,17.65,17.84,0.33,0.0185,9869624.0,178926618.0,178926.618,17892.661799999998,178.926618,1.7892661799999998,0.17892661799999998
002159.SZ,002159,三特索道,20100813,17.84,18.02,18.69,17.5,18.0,-0.16,-0.0089,8126253.0,146527384.0,146527.384,14652.738399999998,146.52738399999998,1.4652738399999998,0.14652738399999998
002159.SZ,002159,三特索道,20100806,18.0,17.34,18.35,16.48,17.27,0.73,0.0423,7742005.0,135063438.0,135063.438,13506.343799999999,135.063438,1.3506343799999998,0.13506343799999998
002159.SZ,002159,三特索道,20100730,17.27,16.28,18.0,16.28,16.28,0.99,0.0608,6129706.0,104739702.0,104739.702,10473.9702,104.739702,1.04739702,0.104739702
002159.SZ,002159,三特索道,20100723,16.28,15.66,16.5,15.36,15.7,0.58,0.0369,3572180.0,57280866.0,57280.866,5728.0866000000005,57.280866,0.5728086600000001,0.05728086600000001
002159.SZ,002159,三特索道,20100716,15.7,16.8,17.0,15.3,16.88,-1.18,-0.0699,3124486.0,51004045.0,51004.045,5100.4045,51.004045,0.51004045,0.051004045
002159.SZ,002159,三特索道,20100709,16.88,14.98,17.15,14.5,15.14,1.74,0.1149,3362115.0,53532852.0,53532.852,5353.2852,53.532852000000005,0.5353285200000001,0.053532852000000006
002159.SZ,002159,三特索道,20100702,15.14,17.33,17.49,14.7,17.34,-2.2,-0.1269,6127479.0,97939866.0,97939.866,9793.9866,97.939866,0.97939866,0.097939866
002159.SZ,002159,三特索道,20100625,17.34,17.62,18.9,17.1,17.78,-0.44,-0.0247,6838928.0,123339587.0,123339.587,12333.9587,123.339587,1.2333958699999998,0.12333958699999999
002159.SZ,002159,三特索道,20100618,17.78,19.19,19.45,17.33,19.18,-1.4,-0.073,3717327.0,67614294.0,67614.294,6761.429399999999,67.61429399999999,0.6761429399999999,0.06761429399999999
002159.SZ,002159,三特索道,20100611,19.18,18.16,19.28,18.05,18.53,0.65,0.0351,7617552.0,142528445.0,142528.445,14252.844500000001,142.528445,1.4252844500000001,0.142528445
002159.SZ,002159,三特索道,20100604,18.53,18.2,19.2,17.8,18.19,0.34,0.0187,10903407.0,203397092.0,203397.092,20339.7092,203.39709200000001,2.0339709200000002,0.20339709200000003
002159.SZ,002159,三特索道,20100528,18.19,17.5,18.58,17.5,17.4,0.79,0.0454,5425401.0,97663703.0,97663.703,9766.370299999999,97.66370299999998,0.9766370299999998,0.09766370299999998
002159.SZ,002159,三特索道,20100521,17.4,16.45,17.52,15.45,16.45,0.95,0.0578,6584876.0,109844914.0,109844.914,10984.4914,109.844914,1.09844914,0.109844914
002159.SZ,002159,三特索道,20100514,16.45,17.48,17.57,15.5,17.18,-0.73,-0.0425,7545180.0,123188076.0,123188.076,12318.8076,123.188076,1.23188076,0.123188076
002159.SZ,002159,三特索道,20100507,17.18,17.7,18.3,17.05,18.13,-0.95,-0.0524,7914364.0,140835982.0,140835.982,14083.598199999999,140.83598199999997,1.4083598199999998,0.14083598199999997
002159.SZ,002159,三特索道,20100430,18.13,19.3,19.3,17.03,19.3,-1.17,-0.0606,9124816.0,167813780.0,167813.78,16781.378,167.81378,1.6781378,0.16781378
002159.SZ,002159,三特索道,20100423,19.3,17.87,19.88,17.18,18.1,1.2,0.0663,13904408.0,257394036.0,257394.036,25739.403599999998,257.39403599999997,2.57394036,0.257394036
002159.SZ,002159,三特索道,20100416,18.1,18.93,19.32,17.9,19.06,-0.96,-0.0504,10923581.0,203809942.0,203809.942,20380.9942,203.809942,2.03809942,0.203809942
002159.SZ,002159,三特索道,20100409,19.06,18.28,19.1,17.57,18.35,0.71,0.0387,14535934.0,268415064.0,268415.064,26841.506400000002,268.41506400000003,2.6841506400000004,0.26841506400000004
002159.SZ,002159,三特索道,20100402,18.35,17.08,18.56,16.88,17.25,1.1,0.0638,17221294.0,307693840.0,307693.84,30769.384000000002,307.69384,3.0769384000000004,0.30769384000000005
002159.SZ,002159,三特索道,20100326,17.25,15.5,18.24,15.5,15.59,1.66,0.1065,23347778.0,389955152.0,389955.152,38995.5152,389.955152,3.89955152,0.389955152
002159.SZ,002159,三特索道,20100319,15.59,14.69,15.6,14.56,14.61,0.98,0.0671,5340444.0,80938730.0,80938.73,8093.873,80.93872999999999,0.8093872999999999,0.08093872999999999
002159.SZ,002159,三特索道,20100312,14.61,15.14,15.88,14.53,15.14,-0.53,-0.035,8489950.0,129501112.0,129501.112,12950.1112,129.501112,1.29501112,0.129501112
002159.SZ,002159,三特索道,20100305,15.14,16.01,16.2,15.13,16.01,-0.87,-0.0543,12247869.0,193670398.0,193670.398,19367.0398,193.67039799999998,1.9367039799999999,0.193670398
002159.SZ,002159,三特索道,20100226,16.01,14.78,16.19,14.38,14.82,1.19,0.0803,14700036.0,225330410.0,225330.41,22533.041,225.33041,2.2533041,0.22533040999999998
002159.SZ,002159,三特索道,20100212,14.82,15.4,15.88,14.06,15.62,-0.8,-0.0512,11435008.0,169477122.0,169477.122,16947.7122,169.477122,1.69477122,0.169477122
002159.SZ,002159,三特索道,20100205,15.62,15.86,16.99,14.14,15.99,-0.37,-0.0231,26008890.0,412520192.0,412520.192,41252.019199999995,412.52019199999995,4.125201919999999,0.41252019199999995
002159.SZ,002159,三特索道,20100129,15.99,14.0,16.35,13.53,14.03,1.96,0.1397,22332409.0,338137182.0,338137.182,33813.718199999996,338.13718199999994,3.3813718199999996,0.338137182
002159.SZ,002159,三特索道,20100122,14.03,15.1,15.65,13.69,14.9,-0.87,-0.0584,15135416.0,226568476.0,226568.476,22656.8476,226.568476,2.26568476,0.22656847600000002
002159.SZ,002159,三特索道,20100115,14.9,14.73,15.45,14.29,14.79,0.11,0.0074,20136041.0,301052992.0,301052.992,30105.2992,301.052992,3.01052992,0.301052992
002159.SZ,002159,三特索道,20100108,14.79,14.5,15.49,14.16,14.28,0.51,0.0357,27323245.0,401813628.0,401813.628,40181.3628,401.81362800000005,4.01813628,0.40181362800000003
002159.SZ,002159,三特索道,20091231,14.28,14.1,14.81,13.93,13.93,0.35,0.0251,15068606.0,217076426.0,217076.426,21707.6426,217.076426,2.17076426,0.217076426
002159.SZ,002159,三特索道,20091225,13.93,12.81,14.25,12.62,12.85,1.08,0.084,14611047.0,198201026.0,198201.026,19820.102600000002,198.201026,1.98201026,0.198201026
002159.SZ,002159,三特索道,20091218,12.85,14.1,14.81,12.61,14.2,-1.35,-0.0951,22456565.0,314121724.0,314121.724,31412.1724,314.121724,3.1412172399999996,0.31412172399999994
002159.SZ,002159,三特索道,20091211,14.2,13.08,14.3,12.6,12.98,1.22,0.094,27180052.0,371192348.0,371192.348,37119.2348,371.192348,3.71192348,0.371192348
002159.SZ,002159,三特索道,20091204,12.98,11.93,13.77,11.93,11.94,1.04,0.0871,28572022.0,366193940.0,366193.94,36619.394,366.19394,3.6619394,0.36619394
002159.SZ,002159,三特索道,20091127,11.94,11.78,14.22,11.68,11.78,0.16,0.0136,57489129.0,758610816.0,758610.816,75861.0816,758.610816,7.58610816,0.758610816
002159.SZ,002159,三特索道,20091120,11.78,11.63,12.5,11.45,11.67,0.11,0.0094,26006230.0,309679216.0,309679.216,30967.9216,309.679216,3.09679216,0.30967921600000003
002159.SZ,002159,三特索道,20091113,11.67,11.19,11.9,10.25,11.2,0.47,0.042,34348070.0,377068920.0,377068.92,37706.892,377.06892,3.7706892,0.37706892000000003
002159.SZ,002159,三特索道,20091106,11.2,9.42,11.2,9.2,9.5,1.7,0.1789,28813691.0,299058140.0,299058.14,29905.814000000002,299.05814000000004,2.9905814000000004,0.29905814000000003
002159.SZ,002159,三特索道,20091030,9.5,8.86,9.78,8.8,8.82,0.68,0.0771,34428493.0,318676684.0,318676.684,31867.668400000002,318.676684,3.18676684,0.31867668400000004
002159.SZ,002159,三特索道,20091023,8.82,8.35,8.97,8.3,8.36,0.46,0.055,22689859.0,196718118.0,196718.118,19671.8118,196.718118,1.96718118,0.196718118
002159.SZ,002159,三特索道,20091016,8.36,7.88,8.81,7.8,7.9,0.46,0.0582,15283196.0,127037140.0,127037.14,12703.714,127.03714,1.2703714,0.12703714
002159.SZ,002159,三特索道,20091009,7.9,7.67,7.93,7.61,7.58,0.32,0.0422,1740885.0,13583926.0,13583.926,1358.3926,13.583925999999998,0.13583926,0.013583926
002159.SZ,002159,三特索道,20090930,7.58,8.29,8.3,7.21,8.15,-0.57,-0.0699,7644905.0,58974860.0,58974.86,5897.486,58.97486,0.5897486,0.05897486
002159.SZ,002159,三特索道,20090925,8.15,8.57,8.91,8.02,8.56,-0.41,-0.0479,14331310.0,120986589.0,120986.589,12098.6589,120.98658900000001,1.20986589,0.120986589
002159.SZ,002159,三特索道,20090918,8.56,8.22,9.05,8.22,8.2,0.36,0.0439,25924543.0,224136068.0,224136.068,22413.6068,224.13606800000002,2.24136068,0.22413606800000002
002159.SZ,002159,三特索道,20090911,8.2,7.89,8.48,7.89,7.88,0.32,0.0406,22790300.0,187438476.0,187438.476,18743.8476,187.438476,1.87438476,0.18743847600000002
002159.SZ,002159,三特索道,20090904,7.88,8.0,8.08,7.15,8.0,-0.12,-0.015,16126937.0,123750032.0,123750.032,12375.003200000001,123.750032,1.23750032,0.12375003200000001
002159.SZ,002159,三特索道,20090828,8.0,7.76,8.55,7.72,7.59,0.41,0.054,31403442.0,257205096.0,257205.096,25720.509599999998,257.20509599999997,2.57205096,0.25720509599999997
002159.SZ,002159,三特索道,20090821,7.59,7.7,7.86,6.9,7.77,-0.18,-0.0232,11772841.0,87208521.0,87208.521,8720.8521,87.208521,0.87208521,0.08720852100000001
002159.SZ,002159,三特索道,20090814,7.77,8.95,9.2,7.7,8.78,-1.01,-0.115,20972675.0,181991014.0,181991.014,18199.1014,181.991014,1.8199101400000002,0.181991014
002159.SZ,002159,三特索道,20090807,8.78,8.05,9.33,8.01,8.06,0.72,0.0893,34201909.0,299450508.0,299450.508,29945.050799999997,299.45050799999996,2.9945050799999997,0.29945050799999995
002159.SZ,002159,三特索道,20090731,8.06,8.29,8.65,7.66,8.24,-0.18,-0.0218,25251236.0,208879970.0,208879.97,20887.997,208.87997,2.0887997,0.20887997
002159.SZ,002159,三特索道,20090724,8.24,8.25,8.42,7.99,8.25,-0.01,-0.0012,20010972.0,163878330.0,163878.33,16387.833,163.87832999999998,1.6387832999999998,0.16387833
002159.SZ,002159,三特索道,20090717,8.25,8.19,8.44,8.1,8.2,0.05,0.0061,23415232.0,193270120.0,193270.12,19327.012,193.27012,1.9327012,0.19327012
002159.SZ,002159,三特索道,20090710,8.2,7.7,8.48,7.66,7.74,0.46,0.0594,22989029.0,184656106.0,184656.106,18465.6106,184.656106,1.84656106,0.184656106
002159.SZ,002159,三特索道,20090703,7.74,7.86,8.11,7.65,7.87,-0.13,-0.0165,18088428.0,142431220.0,142431.22,14243.122,142.43122,1.4243122,0.14243122
002159.SZ,002159,三特索道,20090626,7.87,7.71,7.95,7.55,7.68,0.19,0.0247,13312777.0,103591765.0,103591.765,10359.1765,103.591765,1.03591765,0.103591765
002159.SZ,002159,三特索道,20090619,7.68,7.52,7.98,7.35,7.45,0.23,0.0309,14257216.0,109993057.0,109993.057,10999.3057,109.99305700000001,1.0999305700000002,0.10999305700000002
002159.SZ,002159,三特索道,20090612,7.45,7.58,7.93,7.4,7.58,-0.13,-0.0172,14013620.0,108186876.0,108186.876,10818.687600000001,108.18687600000001,1.08186876,0.10818687600000002
002159.SZ,002159,三特索道,20090605,7.58,7.8,8.08,7.56,7.82,-0.24,-0.0307,23693727.0,185964324.0,185964.324,18596.432399999998,185.96432399999998,1.8596432399999998,0.185964324
002159.SZ,002159,三特索道,20090527,7.82,7.69,7.89,7.46,7.88,-0.06,-0.0076,10678243.0,82005614.0,82005.614,8200.5614,82.00561400000001,0.82005614,0.082005614
002159.SZ,002159,三特索道,20090522,7.88,7.69,8.35,7.6,7.68,0.2,0.026,41647033.0,334634932.0,334634.932,33463.4932,334.634932,3.34634932,0.334634932
002159.SZ,002159,三特索道,20090515,7.68,7.69,7.92,7.18,7.7,-0.02,-0.0026,27439474.0,207554034.0,207554.034,20755.403400000003,207.55403400000003,2.0755403400000003,0.20755403400000003
002159.SZ,002159,三特索道,20090508,7.7,6.7,7.93,6.66,6.73,0.97,0.1441,42341513.0,315717434.0,315717.434,31571.7434,315.71743399999997,3.1571743399999996,0.31571743399999996
002159.SZ,002159,三特索道,20090430,6.73,6.9,6.97,6.37,6.92,-0.19,-0.0275,10395713.0,68536664.0,68536.664,6853.6664,68.536664,0.68536664,0.068536664
002159.SZ,002159,三特索道,20090424,6.92,7.2,7.58,6.86,7.25,-0.33,-0.0455,21870757.0,158557800.0,158557.8,15855.779999999999,158.5578,1.585578,0.1585578
002159.SZ,002159,三特索道,20090417,7.25,7.32,7.69,7.1,7.22,0.03,0.0042,28934273.0,213548666.0,213548.666,21354.8666,213.54866600000003,2.13548666,0.21354866600000003
002159.SZ,002159,三特索道,20090410,7.22,7.03,7.68,6.85,7.09,0.13,0.0183,26904779.0,194587506.0,194587.506,19458.7506,194.587506,1.9458750599999999,0.194587506
002159.SZ,002159,三特索道,20090403,7.09,6.8,7.37,6.61,6.87,0.22,0.032,39605663.0,277011208.0,277011.208,27701.120799999997,277.01120799999995,2.7701120799999996,0.27701120799999995
002159.SZ,002159,三特索道,20090327,6.87,6.74,7.05,6.6,6.74,0.13,0.0193,24496659.0,166788444.0,166788.444,16678.844399999998,166.78844399999997,1.6678844399999997,0.16678844399999998
002159.SZ,002159,三特索道,20090320,6.74,6.16,6.83,6.12,6.2,0.54,0.0871,27580375.0,181415416.0,181415.416,18141.5416,181.415416,1.81415416,0.181415416
002159.SZ,002159,三特索道,20090313,6.2,5.91,6.46,5.62,5.87,0.33,0.0562,25594935.0,157939001.0,157939.001,15793.900099999999,157.939001,1.57939001,0.157939001
002159.SZ,002159,三特索道,20090306,5.87,5.32,6.11,5.27,5.39,0.48,0.0891,13160054.0,75619602.0,75619.602,7561.9601999999995,75.619602,0.75619602,0.075619602
002159.SZ,002159,三特索道,20090227,5.39,6.31,6.53,5.36,6.26,-0.87,-0.139,21029767.0,129857514.0,129857.514,12985.7514,129.85751399999998,1.2985751399999999,0.12985751399999998
002159.SZ,002159,三特索道,20090220,6.26,6.46,6.6,5.66,6.43,-0.17,-0.0264,19680284.0,121258689.0,121258.689,12125.8689,121.25868899999999,1.2125868899999999,0.12125868899999999
002159.SZ,002159,三特索道,20090213,6.43,5.93,6.48,5.82,5.82,0.61,0.1048,30734771.0,191206704.0,191206.704,19120.6704,191.206704,1.91206704,0.191206704
002159.SZ,002159,三特索道,20090206,5.82,5.33,5.87,5.25,5.28,0.54,0.1023,17324199.0,97521038.0,97521.038,9752.1038,97.521038,0.97521038,0.097521038
002159.SZ,002159,三特索道,20090123,5.28,5.36,5.57,5.23,5.33,-0.05,-0.0094,10463763.0,56496206.0,56496.206,5649.6206,56.496206,0.56496206,0.05649620600000001
002159.SZ,002159,三特索道,20090116,5.33,5.55,5.7,5.11,5.6,-0.27,-0.0482,18219881.0,98944627.0,98944.627,9894.4627,98.944627,0.98944627,0.098944627
002159.SZ,002159,三特索道,20090109,5.6,4.85,5.6,4.85,4.8,0.8,0.1667,19483432.0,101625985.0,101625.985,10162.5985,101.625985,1.01625985,0.101625985
002159.SZ,002159,三特索道,20081231,4.8,5.34,5.34,4.77,5.3,-0.5,-0.0943,11239916.0,55316033.0,55316.033,5531.603300000001,55.316033000000004,0.5531603300000001,0.05531603300000001
002159.SZ,002159,三特索道,20081226,5.3,5.69,6.13,5.06,5.51,-0.21,-0.0381,44332166.0,250039092.0,250039.092,25003.909200000002,250.039092,2.50039092,0.250039092
002159.SZ,002159,三特索道,20081219,5.51,4.49,5.51,4.45,4.4,1.11,0.2523,21869473.0,109606820.0,109606.82,10960.682,109.60682000000001,1.0960682000000002,0.10960682000000002
002159.SZ,002159,三特索道,20081212,4.4,4.6,5.11,4.3,4.58,-0.18,-0.0393,15149344.0,72667017.0,72667.017,7266.7017000000005,72.667017,0.72667017,0.072667017
002159.SZ,002159,三特索道,20081205,4.58,3.85,4.68,3.84,3.91,0.67,0.1714,13818053.0,60396400.0,60396.4,6039.64,60.3964,0.603964,0.060396399999999996
002159.SZ,002159,三特索道,20081128,3.91,4.11,4.18,3.7,4.12,-0.21,-0.051,4814097.0,18945205.0,18945.205,1894.5205,18.945205,0.18945205,0.018945205
002159.SZ,002159,三特索道,20081121,4.12,4.01,4.35,3.75,4.01,0.11,0.0274,10037261.0,40933886.0,40933.886,4093.3885999999998,40.933886,0.40933886,0.040933886
002159.SZ,002159,三特索道,20081114,4.01,3.49,4.03,3.49,3.47,0.54,0.1556,6500785.0,24441964.0,24441.964,2444.1964,24.441964,0.24441964,0.024441964
002159.SZ,002159,三特索道,20081107,3.47,3.33,3.55,3.19,3.3,0.17,0.0515,2165574.0,7270339.0,7270.339,727.0339,7.270339,0.07270338999999999,0.007270338999999999
002159.SZ,002159,三特索道,20081031,3.3,3.54,3.55,3.17,3.63,-0.33,-0.0909,3654943.0,12223083.0,12223.083,1222.3083000000001,12.223083,0.12223083000000001,0.012223083000000001
002159.SZ,002159,三特索道,20081024,3.63,3.52,3.75,3.46,3.56,0.07,0.0197,2671212.0,9702696.0,9702.696,970.2696,9.702696,0.09702696,0.009702696
002159.SZ,002159,三特索道,20081017,3.56,3.73,3.95,3.5,3.73,-0.17,-0.0456,1776435.0,6598525.0,6598.525,659.8525,6.5985249999999995,0.06598525,0.006598524999999999
002159.SZ,002159,三特索道,20081010,3.73,4.55,4.55,3.69,4.59,-0.86,-0.1874,2512100.0,10304566.0,10304.566,1030.4566,10.304566,0.10304566,0.010304566
002159.SZ,002159,三特索道,20080926,4.59,4.8,5.01,4.24,4.6,-0.01,-0.0022,6222664.0,28945402.0,28945.402,2894.5402,28.945401999999998,0.28945402,0.028945402
002159.SZ,002159,三特索道,20080919,4.6,4.65,4.65,3.88,4.65,-0.05,-0.0108,2985259.0,13107780.0,13107.78,1310.778,13.10778,0.1310778,0.01310778
002159.SZ,002159,三特索道,20080912,4.65,4.67,4.78,4.4,4.64,0.01,0.0022,2874080.0,13207640.0,13207.64,1320.764,13.20764,0.13207639999999998,0.013207639999999998
002159.SZ,002159,三特索道,20080905,4.64,4.8,4.96,4.56,4.8,-0.16,-0.0333,2941467.0,13908015.0,13908.015,1390.8015,13.908015,0.13908015,0.013908015000000001
002159.SZ,002159,三特索道,20080829,4.8,5.02,5.16,4.42,5.0,-0.2,-0.04,4382707.0,20990572.0,20990.572,2099.0572,20.990572,0.20990572,0.020990572
002159.SZ,002159,三特索道,20080822,5.0,5.36,5.5,4.84,5.67,-0.67,-0.1182,10918736.0,56029160.0,56029.16,5602.916,56.029160000000005,0.5602916,0.05602916
002159.SZ,002159,三特索道,20080815,5.67,6.4,6.4,5.52,6.37,-0.7,-0.1099,1658297.0,9777336.0,9777.336,977.7335999999999,9.777335999999998,0.09777335999999998,0.009777335999999998
002159.SZ,002159,三特索道,20080808,6.37,7.26,7.47,6.36,7.38,-1.01,-0.1369,1715911.0,12109936.0,12109.936,1210.9936,12.109936,0.12109935999999999,0.012109935999999998
002159.SZ,002159,三特索道,20080801,7.38,7.95,7.96,7.1,7.84,-0.46,-0.0587,3287098.0,25000098.0,25000.098,2500.0098000000003,25.000098,0.25000098000000004,0.025000098000000005
002159.SZ,002159,三特索道,20080725,7.84,7.26,7.96,7.11,7.26,0.58,0.0799,4355612.0,33053986.0,33053.986,3305.3985999999995,33.053985999999995,0.33053985999999996,0.033053985999999994
002159.SZ,002159,三特索道,20080718,7.26,7.7,8.3,6.91,7.88,-0.62,-0.0787,5903096.0,45147314.0,45147.314,4514.7314,45.147313999999994,0.45147313999999994,0.045147313999999994
002159.SZ,002159,三特索道,20080711,7.88,7.01,7.97,6.96,7.0,0.88,0.1257,7335763.0,55504752.0,55504.752,5550.4752,55.504751999999996,0.55504752,0.055504752000000004
002159.SZ,002159,三特索道,20080704,7.0,6.55,7.14,6.38,6.55,0.45,0.0687,2378309.0,16008039.0,16008.039,1600.8039,16.008039,0.16008039,0.016008038999999998
002159.SZ,002159,三特索道,20080627,6.55,6.98,7.33,6.45,7.17,-0.62,-0.0865,5054808.0,34515353.0,34515.353,3451.5353000000005,34.515353000000005,0.34515353000000004,0.034515353000000006
002159.SZ,002159,三特索道,20080620,7.17,7.88,8.98,7.07,7.54,-0.37,-0.0491,17026185.0,140492720.0,140492.72,14049.272,140.49272000000002,1.4049272000000002,0.14049272000000002
002159.SZ,002159,三特索道,20080613,7.54,8.18,8.18,7.18,8.44,-0.9,-0.1066,3298222.0,24704547.0,24704.547,2470.4547,24.704546999999998,0.24704547,0.024704547
002159.SZ,002159,三特索道,20080606,8.44,8.02,8.5,7.9,8.06,0.38,0.0471,3131592.0,25786286.0,25786.286,2578.6286,25.786286,0.25786286,0.025786286000000002
002159.SZ,002159,三特索道,20080530,8.06,8.7,8.95,7.89,8.67,-0.61,-0.0704,4192375.0,34885332.0,34885.332,3488.5332000000003,34.885332000000005,0.3488533200000001,0.034885332000000005
002159.SZ,002159,三特索道,20080523,8.67,9.47,9.57,8.35,9.47,-0.8,-0.0845,2030793.0,18028888.0,18028.888,1802.8888,18.028888,0.18028887999999998,0.018028888
002159.SZ,002159,三特索道,20080516,9.47,14.59,15.29,9.35,14.52,-5.05,-0.3478,3037153.0,41943970.0,41943.97,4194.397,41.94397,0.4194397,0.041943970000000004
002159.SZ,002159,三特索道,20080509,14.52,14.32,14.58,13.53,14.13,0.39,0.0276,3833004.0,54137627.0,54137.627,5413.7627,54.137627,0.54137627,0.054137627
002159.SZ,002159,三特索道,20080430,14.13,13.65,14.15,13.16,13.81,0.32,0.0232,1440153.0,19677877.0,19677.877,1967.7877,19.677877000000002,0.19677877000000002,0.019677877000000003
002159.SZ,002159,三特索道,20080425,13.81,14.87,14.87,11.75,13.86,-0.05,-0.0036,3233173.0,43275305.0,43275.305,4327.5305,43.275304999999996,0.43275305,0.043275305
002159.SZ,002159,三特索道,20080418,13.86,16.75,17.73,13.86,17.19,-3.33,-0.1937,2073121.0,32352410.0,32352.41,3235.241,32.35241,0.3235241,0.03235241
002159.SZ,002159,三特索道,20080411,17.19,15.5,17.6,15.3,15.29,1.9,0.1243,2737855.0,45660088.0,45660.088,4566.0088000000005,45.660088,0.45660088000000004,0.045660088
002159.SZ,002159,三特索道,20080403,15.29,17.95,18.39,14.7,18.28,-2.99,-0.1636,2359543.0,37986136.0,37986.136,3798.6135999999997,37.986135999999995,0.3798613599999999,0.03798613599999999
002159.SZ,002159,三特索道,20080328,18.28,16.75,18.94,16.13,16.65,1.63,0.0979,5636275.0,102216160.0,102216.16,10221.616,102.21616,1.0221616,0.10221616
002159.SZ,002159,三特索道,20080321,16.65,17.9,17.9,15.12,17.85,-1.2,-0.0672,1542925.0,25200607.0,25200.607,2520.0607,25.200607,0.25200607,0.025200607000000003
002159.SZ,002159,三特索道,20080314,17.85,19.75,20.12,17.6,19.75,-1.9,-0.0962,1559315.0,29454515.0,29454.515,2945.4515,29.454515,0.29454515000000003,0.029454515000000004
002159.SZ,002159,三特索道,20080307,19.75,19.82,20.57,19.5,19.9,-0.15,-0.0075,2343749.0,47181269.0,47181.269,4718.1269,47.181269,0.47181269,0.047181269
002159.SZ,002159,三特索道,20080229,19.9,18.58,20.1,18.16,18.6,1.3,0.0699,2228838.0,42728438.0,42728.438,4272.843800000001,42.728438000000004,0.42728438,0.042728438
002159.SZ,002159,三特索道,20080222,18.6,19.0,19.58,18.18,18.82,-0.22,-0.0117,1959864.0,37302173.0,37302.173,3730.2173000000003,37.302173,0.37302173000000005,0.03730217300000001
002159.SZ,002159,三特索道,20080215,18.82,18.5,19.3,18.05,18.6,0.22,0.0118,1025878.0,19204713.0,19204.713,1920.4713,19.204712999999998,0.19204712999999998,0.019204712999999998
002159.SZ,002159,三特索道,20080205,18.6,17.28,18.77,17.28,16.89,1.71,0.1012,971932.0,17722141.0,17722.141,1772.2141,17.722141,0.17722141,0.017722141
002159.SZ,002159,三特索道,20080201,16.89,19.76,19.92,16.33,19.92,-3.03,-0.1521,2883398.0,52340068.0,52340.068,5234.0068,52.340068,0.5234006800000001,0.052340068000000003
002159.SZ,002159,三特索道,20080125,19.92,23.3,23.59,18.52,23.1,-3.18,-0.1377,5463376.0,113085003.0,113085.003,11308.5003,113.085003,1.13085003,0.11308500299999999
002159.SZ,002159,三特索道,20080118,23.1,21.6,23.49,21.0,21.6,1.5,0.0694,7331024.0,164174038.0,164174.038,16417.4038,164.174038,1.6417403799999999,0.164174038
002159.SZ,002159,三特索道,20080111,21.6,22.78,22.88,21.0,22.6,-1.0,-0.0442,6239423.0,137337394.0,137337.394,13733.7394,137.33739400000002,1.3733739400000002,0.13733739400000003
002159.SZ,002159,三特索道,20080104,22.6,21.17,22.68,21.17,21.38,1.22,0.0571,4503849.0,99650802.0,99650.802,9965.0802,99.650802,0.9965080199999999,0.099650802
002159.SZ,002159,三特索道,20071228,21.38,20.68,22.45,20.4,20.38,1.0,0.0491,6152288.0,131484942.0,131484.942,13148.494200000001,131.48494200000002,1.3148494200000003,0.13148494200000002
002159.SZ,002159,三特索道,20071221,20.38,19.93,20.59,19.1,19.92,0.46,0.0231,4222262.0,83757380.0,83757.38,8375.738000000001,83.75738000000001,0.8375738000000001,0.08375738000000002
002159.SZ,002159,三特索道,20071214,19.92,18.02,20.56,18.01,18.4,1.52,0.0826,5328444.0,103102505.0,103102.505,10310.2505,103.10250500000001,1.03102505,0.103102505
002159.SZ,002159,三特索道,20071207,18.4,17.21,18.6,17.21,17.56,0.84,0.0478,2935416.0,53110465.0,53110.465,5311.0464999999995,53.110465,0.53110465,0.053110464999999996
002159.SZ,002159,三特索道,20071130,17.56,18.13,18.46,16.67,17.9,-0.34,-0.019,3405075.0,60100163.0,60100.163,6010.0163,60.100163,0.6010016300000001,0.060100163000000005
002159.SZ,002159,三特索道,20071123,17.9,17.45,19.78,17.15,18.0,-0.1,-0.0056,9670329.0,181750072.0,181750.072,18175.0072,181.750072,1.81750072,0.18175007199999998
002159.SZ,002159,三特索道,20071116,18.0,17.35,18.26,16.11,17.36,0.64,0.0369,3098105.0,53080377.0,53080.377,5308.0377,53.080377,0.53080377,0.053080377
002159.SZ,002159,三特索道,20071109,17.36,16.54,18.16,16.54,16.54,0.82,0.0496,3347569.0,58803985.0,58803.985,5880.3985,58.803985000000004,0.58803985,0.058803985
002159.SZ,002159,三特索道,20071102,16.54,17.39,18.3,16.48,17.0,-0.46,-0.0271,2629522.0,45184380.0,45184.38,4518.438,45.184380000000004,0.4518438,0.04518438
002159.SZ,002159,三特索道,20071026,17.0,19.9,20.19,16.6,20.29,-3.29,-0.1621,2662540.0,49911036.0,49911.036,4991.1036,49.911036,0.49911036000000003,0.049911036000000006
002159.SZ,002159,三特索道,20071019,20.29,22.69,23.87,20.2,22.58,-2.29,-0.1014,5842859.0,130299607.0,130299.607,13029.9607,130.299607,1.30299607,0.130299607
002159.SZ,002159,三特索道,20071012,22.58,20.8,22.71,19.89,20.46,2.12,0.1036,7005591.0,148057646.0,148057.646,14805.7646,148.057646,1.48057646,0.148057646
002159.SZ,002159,三特索道,20070928,20.46,20.28,20.58,19.1,20.29,0.17,0.0084,4256617.0,84164687.0,84164.687,8416.468700000001,84.16468700000001,0.8416468700000002,0.08416468700000002
002159.SZ,002159,三特索道,20070921,20.29,21.76,22.45,20.1,21.89,-1.6,-0.0731,4736999.0,102008875.0,102008.875,10200.8875,102.008875,1.02008875,0.102008875
002159.SZ,002159,三特索道,20070914,21.89,24.5,24.97,21.18,24.55,-2.66,-0.1084,6440718.0,146226418.0,146226.418,14622.641800000001,146.22641800000002,1.4622641800000002,0.14622641800000002
002159.SZ,002159,三特索道,20070907,24.55,24.75,25.18,23.49,24.75,-0.2,-0.0081,6964373.0,169540830.0,169540.83,16954.083,169.54083,1.6954083,0.16954083
002159.SZ,002159,三特索道,20070831,24.75,27.15,27.18,23.4,26.75,-2.0,-0.0748,15957370.0,396554696.0,396554.696,39655.4696,396.554696,3.9655469599999997,0.396554696
002159.SZ,002159,三特索道,20070824,26.75,25.8,28.29,24.77,27.31,-0.56,-0.0205,17613205.0,470565176.0,470565.176,47056.5176,470.565176,4.70565176,0.47056517600000003
002159.SZ,002159,三特索道,20070817,27.31,32.5,33.3,27.0,5.68,21.63,3.8081,14884855.0,458852480.0,458852.48,45885.248,458.85248,4.5885248,0.45885248
