ts_code,code,name,trade_date,close,open,high,low,pre_close,change,pct_chg,vol,amount,1K_amount,10K_amount,1M_amount,100M_amount,1B_amount
002301.SZ,002301,齐心集团,20200320,14.16,14.7,14.82,12.7,14.44,-0.28,-0.0194,73857731.0,1017082622.77,1017082.62277,101708.262277,1017.0826227700001,10.170826227700001,1.01708262277
002301.SZ,002301,齐心集团,20200313,14.44,16.88,16.91,13.71,17.25,-2.81,-0.1629,66871029.0,1026471751.96,1026471.75196,102647.175196,1026.47175196,10.2647175196,1.02647175196
002301.SZ,002301,齐心集团,20200306,17.25,18.59,19.53,16.56,18.24,-0.99,-0.0543,110882527.0,1983180335.83,1983180.33583,198318.033583,1983.18033583,19.8318033583,1.98318033583
002301.SZ,002301,齐心集团,20200228,18.24,18.6,21.39,18.0,17.86,0.38,0.0213,166670647.0,3249809856.1,3249809.8561,324980.98561,3249.8098560999997,32.498098561,3.2498098560999997
002301.SZ,002301,齐心集团,20200221,17.86,15.91,17.86,15.65,15.7,2.16,0.1376,133120145.0,2202534572.84,2202534.57284,220253.457284,2202.5345728400002,22.0253457284,2.2025345728400003
002301.SZ,002301,齐心集团,20200214,15.7,17.5,18.26,15.47,17.8,-2.1,-0.118,174462855.0,2866240444.31,2866240.44431,286624.044431,2866.2404443100004,28.662404443100005,2.8662404443100007
002301.SZ,002301,齐心集团,20200207,17.8,13.66,18.72,12.04,12.55,5.25,0.4183,271507390.0,4286559790.91,4286559.79091,428655.979091,4286.55979091,42.865597909099996,4.286559790909999
002301.SZ,002301,齐心集团,20200123,12.55,13.22,13.45,12.22,13.2,-0.65,-0.0492,21840192.0,281148024.35,281148.02435,28114.802435,281.14802435,2.8114802435,0.28114802435
002301.SZ,002301,齐心集团,20200117,13.2,13.11,13.36,12.87,13.11,0.09,0.0069,31052879.0,408338268.25,408338.26825,40833.826825000004,408.33826825000006,4.083382682500001,0.4083382682500001
002301.SZ,002301,齐心集团,20200110,13.11,12.3,13.15,12.11,12.3,0.81,0.0659,38859825.0,489971939.95,489971.93994999997,48997.193994999994,489.9719399499999,4.8997193994999995,0.48997193994999994
002301.SZ,002301,齐心集团,20200103,12.3,11.74,12.34,11.52,11.78,0.52,0.0441,27271078.0,329397593.63,329397.59363,32939.759363000005,329.3975936300001,3.2939759363000007,0.3293975936300001
002301.SZ,002301,齐心集团,20191227,11.78,12.17,12.42,11.75,12.32,-0.54,-0.0438,36155920.0,437885509.51,437885.50951,43788.550951,437.88550950999996,4.3788550951,0.43788550950999994
002301.SZ,002301,齐心集团,20191220,12.32,12.62,12.62,12.2,12.6,-0.28,-0.0222,20377523.0,251307835.0,251307.835,25130.783499999998,251.30783499999998,2.51307835,0.251307835
002301.SZ,002301,齐心集团,20191213,12.6,12.38,12.7,12.11,12.35,0.25,0.0202,24959830.0,308204371.07,308204.37107,30820.437106999998,308.20437107,3.0820437107,0.30820437107
002301.SZ,002301,齐心集团,20191206,12.35,12.71,13.19,12.31,12.71,-0.36,-0.0283,36933364.0,472301284.45,472301.28445,47230.128444999995,472.30128444999997,4.7230128444999995,0.47230128444999997
002301.SZ,002301,齐心集团,20191129,12.71,12.27,12.99,11.95,12.29,0.42,0.0342,30704811.0,383565081.81,383565.08181,38356.508181,383.56508181,3.8356508181,0.38356508181
002301.SZ,002301,齐心集团,20191122,12.29,12.22,13.05,12.12,12.1,0.19,0.0157,31046243.0,388725157.21,388725.15721,38872.515720999996,388.72515720999996,3.8872515721,0.38872515721
002301.SZ,002301,齐心集团,20191115,12.1,13.04,13.1,12.07,13.1,-1.0,-0.0763,35988169.0,454701972.1,454701.9721,45470.19721,454.7019721,4.547019721,0.45470197209999996
002301.SZ,002301,齐心集团,20191108,13.1,12.95,13.56,12.72,12.9,0.2,0.0155,49535855.0,648770119.12,648770.11912,64877.011912,648.77011912,6.4877011912,0.64877011912
002301.SZ,002301,齐心集团,20191101,12.9,11.57,13.0,11.57,11.65,1.25,0.1073,63701350.0,788016220.36,788016.22036,78801.622036,788.01622036,7.8801622036,0.7880162203600001
002301.SZ,002301,齐心集团,20191025,11.65,11.69,11.92,11.4,11.73,-0.08,-0.0068,24576720.0,284478384.06,284478.38406,28447.838406000003,284.47838406000005,2.8447838406000003,0.28447838406000003
002301.SZ,002301,齐心集团,20191018,11.73,11.8,12.08,11.4,11.76,-0.03,-0.0026,27995020.0,329691541.37,329691.54137,32969.154137,329.69154137,3.2969154137,0.32969154137
002301.SZ,002301,齐心集团,20191011,11.76,11.61,11.93,11.29,11.7,0.06,0.0051,13439155.0,155805665.6,155805.6656,15580.566560000001,155.8056656,1.558056656,0.1558056656
002301.SZ,002301,齐心集团,20190930,11.7,11.8,11.99,11.62,11.82,-0.12,-0.0102,2483100.0,29189091.84,29189.09184,2918.909184,29.18909184,0.2918909184,0.029189091839999997
002301.SZ,002301,齐心集团,20190927,11.82,11.36,11.84,11.22,11.47,0.35,0.0305,15473195.0,178691728.46,178691.72846,17869.172846,178.69172846,1.7869172846,0.17869172846
002301.SZ,002301,齐心集团,20190920,11.47,11.66,11.75,11.33,11.64,-0.17,-0.0146,17632461.0,203735946.8,203735.9468,20373.594680000002,203.73594680000002,2.037359468,0.2037359468
002301.SZ,002301,齐心集团,20190912,11.64,11.68,12.06,11.5,11.65,-0.01,-0.0009,22422954.0,264382965.62,264382.96562000003,26438.296562000003,264.38296562000005,2.6438296562000003,0.26438296562
002301.SZ,002301,齐心集团,20190906,11.65,11.17,11.8,11.13,11.17,0.48,0.043,24419428.0,280728369.59,280728.36958999996,28072.836958999997,280.72836958999994,2.8072836958999994,0.2807283695899999
002301.SZ,002301,齐心集团,20190830,11.17,11.15,11.7,11.06,11.32,-0.15,-0.0133,15743841.0,179105099.7,179105.0997,17910.50997,179.10509969999998,1.791050997,0.1791050997
002301.SZ,002301,齐心集团,20190823,11.32,11.5,11.8,11.1,11.41,-0.09,-0.0079,17082824.0,195213803.27,195213.80327,19521.380327,195.21380327,1.9521380327,0.19521380326999999
002301.SZ,002301,齐心集团,20190816,11.41,10.68,11.54,10.66,10.79,0.62,0.0575,16208198.0,181921122.05,181921.12205,18192.112205,181.92112205,1.8192112205000002,0.18192112205000002
002301.SZ,002301,齐心集团,20190809,10.79,11.72,12.35,10.75,11.79,-1.0,-0.0848,52924983.0,614675602.94,614675.60294,61467.560294,614.67560294,6.1467560294,0.61467560294
002301.SZ,002301,齐心集团,20190802,11.79,12.05,12.15,11.6,12.04,-0.25,-0.0208,18029299.0,214453873.96,214453.87396,21445.387396,214.45387395999998,2.1445387395999997,0.21445387395999999
002301.SZ,002301,齐心集团,20190726,12.04,11.8,12.12,11.42,11.89,0.15,0.0126,16532815.0,193402270.4,193402.2704,19340.22704,193.40227040000002,1.9340227040000002,0.19340227040000002
002301.SZ,002301,齐心集团,20190719,11.89,12.0,12.24,11.61,11.88,0.01,0.0008,22424821.0,267444055.25,267444.05525,26744.405525,267.44405524999996,2.6744405524999997,0.26744405525
002301.SZ,002301,齐心集团,20190712,11.88,11.6,11.92,11.35,11.7,0.18,0.0154,16579384.0,192682229.56,192682.22956,19268.222956,192.68222956000002,1.9268222956000003,0.19268222956000003
002301.SZ,002301,齐心集团,20190705,11.7,11.8,11.95,11.56,11.59,0.11,0.0095,19513200.0,228603892.89,228603.89289,22860.389289,228.60389289,2.2860389289,0.22860389289
002301.SZ,002301,齐心集团,20190628,11.59,11.5,11.88,11.41,11.36,0.23,0.0202,22720076.0,264302247.6,264302.2476,26430.22476,264.3022476,2.643022476,0.2643022476
002301.SZ,002301,齐心集团,20190621,11.36,10.46,11.53,10.2,10.49,0.87,0.0829,20460533.0,223322607.01,223322.60700999998,22332.260701,223.32260700999998,2.2332260700999997,0.22332260700999998
002301.SZ,002301,齐心集团,20190614,10.49,10.56,11.1,10.45,10.55,-0.06,-0.0057,24266687.0,263417852.2,263417.85219999996,26341.785219999998,263.41785219999997,2.6341785219999996,0.26341785219999997
002301.SZ,002301,齐心集团,20190606,10.55,11.1,11.1,10.55,11.0,-0.45,-0.0409,14614704.0,157612716.41,157612.71641,15761.271641,157.61271641,1.5761271640999999,0.15761271641
002301.SZ,002301,齐心集团,20190531,11.0,10.85,11.5,10.71,10.79,0.21,0.0195,29904027.0,332979658.5,332979.6585,33297.96585,332.9796585,3.3297965850000004,0.33297965850000005
002301.SZ,002301,齐心集团,20190524,10.79,10.68,11.12,10.28,10.65,0.14,0.0131,35245602.0,382053198.44,382053.19844,38205.319844,382.05319843999996,3.8205319843999996,0.38205319843999996
002301.SZ,002301,齐心集团,20190517,10.65,9.89,11.15,9.76,9.9,0.75,0.0758,31052917.0,328711655.66,328711.65566000005,32871.165566,328.71165566,3.2871165566,0.32871165566
002301.SZ,002301,齐心集团,20190510,9.9,10.1,10.79,9.53,10.64,-0.74,-0.0695,26188344.0,264767902.07,264767.90207,26476.790207000002,264.76790207,2.6476790207,0.26476790207
002301.SZ,002301,齐心集团,20190430,10.64,10.79,10.95,10.36,10.8,-0.16,-0.0148,9173848.0,97121616.6,97121.6166,9712.16166,97.1216166,0.9712161659999999,0.09712161659999999
002301.SZ,002301,齐心集团,20190426,10.8,11.65,11.69,10.7,11.45,-0.65,-0.0568,28099146.0,315088535.42,315088.53542000003,31508.853542000004,315.08853542,3.1508853542,0.31508853542000004
002301.SZ,002301,齐心集团,20190419,11.45,11.55,11.88,10.9,11.55,-0.1,-0.0087,32203589.0,364092390.38,364092.39038,36409.239038,364.09239038,3.6409239037999996,0.36409239037999996
002301.SZ,002301,齐心集团,20190412,11.55,10.72,11.75,10.59,10.7,0.85,0.0794,36021411.0,399966560.79,399966.56079,39996.656079,399.96656079,3.9996656079000004,0.39996656079000004
002301.SZ,002301,齐心集团,20190404,10.7,9.98,10.89,9.88,9.9,0.8,0.0808,31495352.0,332976703.43,332976.70343,33297.670343,332.97670343,3.3297670342999997,0.33297670342999997
002301.SZ,002301,齐心集团,20190329,9.9,10.01,10.1,9.56,10.13,-0.23,-0.0227,34163123.0,337151538.32,337151.53832,33715.153831999996,337.15153832,3.3715153831999998,0.33715153832
002301.SZ,002301,齐心集团,20190322,10.13,10.17,10.55,9.96,10.17,-0.04,-0.0039,19198240.0,196214910.61,196214.91061000002,19621.491061,196.21491061,1.9621491061,0.19621491061000002
002301.SZ,002301,齐心集团,20190315,10.17,10.0,11.19,9.94,10.0,0.17,0.017,31067901.0,325585313.43,325585.31343,32558.531343,325.58531343,3.2558531342999997,0.32558531342999997
002301.SZ,002301,齐心集团,20190308,10.0,10.04,10.4,9.78,9.91,0.09,0.0091,41563786.0,417081525.57,417081.52557,41708.152557,417.08152557,4.1708152557,0.41708152557
002301.SZ,002301,齐心集团,20190301,9.91,8.93,10.37,8.93,8.92,0.99,0.111,29673278.0,281968727.65,281968.72764999996,28196.872764999996,281.96872764999995,2.8196872764999994,0.2819687276499999
002301.SZ,002301,齐心集团,20190222,8.92,8.75,9.11,8.75,8.78,0.14,0.0159,13799772.0,122985284.81,122985.28481,12298.528481,122.98528481,1.2298528481,0.12298528481
002301.SZ,002301,齐心集团,20190215,8.78,8.24,9.09,8.22,8.25,0.53,0.0642,19223536.0,166747061.11,166747.06111,16674.706111,166.74706111,1.6674706111,0.16674706110999998
002301.SZ,002301,齐心集团,20190201,8.25,8.42,8.48,8.0,8.38,-0.13,-0.0155,9899621.0,80886145.14,80886.14514000001,8088.614514000001,80.88614514000001,0.8088614514000001,0.08088614514
002301.SZ,002301,齐心集团,20190125,8.38,8.15,8.59,7.84,8.13,0.25,0.0308,12411566.0,101254971.24,101254.97124,10125.497124,101.25497123999999,1.0125497123999998,0.10125497123999998
002301.SZ,002301,齐心集团,20190118,8.13,8.21,8.24,8.05,8.21,-0.08,-0.0097,7020056.0,57095869.31,57095.86931,5709.586931,57.09586931,0.5709586931,0.057095869310000005
002301.SZ,002301,齐心集团,20190111,8.21,8.26,8.47,8.08,8.26,-0.05,-0.0061,11464851.0,94769698.45,94769.69845,9476.969845,94.76969844999999,0.9476969845,0.09476969845
002301.SZ,002301,齐心集团,20190104,8.26,8.48,8.48,8.03,8.46,-0.2,-0.0236,5235915.0,43408029.58,43408.029579999995,4340.802957999999,43.40802957999999,0.4340802957999999,0.04340802957999999
002301.SZ,002301,齐心集团,20181228,8.46,8.15,8.7,7.5,8.15,0.31,0.038,23013184.0,191136814.93,191136.81493,19113.681493,191.13681493,1.9113681493,0.19113681493
002301.SZ,002301,齐心集团,20181221,8.15,8.05,8.33,8.05,8.13,0.02,0.0025,10226821.0,83671581.36,83671.58136,8367.158136,83.67158136,0.8367158136,0.08367158136
002301.SZ,002301,齐心集团,20181214,8.13,8.55,8.65,8.12,8.65,-0.52,-0.0601,23905267.0,199146536.13,199146.53613,19914.653613,199.14653613,1.9914653613,0.19914653613
002301.SZ,002301,齐心集团,20181207,8.65,8.3,8.87,8.18,8.12,0.53,0.0653,52748657.0,449152177.55,449152.17755,44915.217755000005,449.15217755000003,4.491521775500001,0.4491521775500001
002301.SZ,002301,齐心集团,20181130,8.12,8.42,8.43,8.01,8.43,-0.31,-0.0368,42797768.0,347863752.13,347863.75213,34786.375213,347.86375212999997,3.4786375212999996,0.34786375213
002301.SZ,002301,齐心集团,20181123,8.43,8.01,9.25,7.66,7.84,0.59,0.0753,114002586.0,958332240.22,958332.24022,95833.22402200001,958.3322402200001,9.583322402200002,0.9583322402200002
002301.SZ,002301,齐心集团,20181019,7.84,10.71,10.8,7.84,10.77,-2.93,-0.2721,8799341.0,87353275.81,87353.27581,8735.327581000001,87.35327581000001,0.8735327581000001,0.08735327581
002301.SZ,002301,齐心集团,20181012,10.77,10.7,10.88,10.31,10.78,-0.01,-0.0009,10156911.0,108080011.32,108080.01131999999,10808.001132,108.08001132,1.0808001132,0.10808001132
002301.SZ,002301,齐心集团,20180928,10.78,10.96,10.96,10.25,10.99,-0.21,-0.0191,10101605.0,106706975.13,106706.97512999999,10670.697513,106.70697512999999,1.0670697512999998,0.10670697512999998
002301.SZ,002301,齐心集团,20180921,10.99,11.02,11.31,10.87,11.02,-0.03,-0.0027,9592186.0,105238269.64,105238.26964,10523.826964,105.23826964,1.0523826964,0.10523826964
002301.SZ,002301,齐心集团,20180914,11.02,11.2,11.33,10.88,11.26,-0.24,-0.0213,14838922.0,164649243.83,164649.24383000002,16464.924383,164.64924383000002,1.6464924383000001,0.16464924383
002301.SZ,002301,齐心集团,20180907,11.26,11.49,11.88,11.13,11.55,-0.29,-0.0251,13023770.0,147256876.91,147256.87691,14725.687691,147.25687691,1.4725687690999998,0.14725687690999997
002301.SZ,002301,齐心集团,20180831,11.55,11.2,11.78,10.8,11.26,0.29,0.0258,13898929.0,155982316.76,155982.31676,15598.231676,155.98231676,1.5598231676,0.15598231676000002
002301.SZ,002301,齐心集团,20180824,11.26,11.28,11.77,10.9,11.28,-0.02,-0.0018,17337041.0,195020604.7,195020.6047,19502.06047,195.0206047,1.950206047,0.1950206047
002301.SZ,002301,齐心集团,20180817,11.28,10.43,11.78,10.3,10.43,0.85,0.0815,21559199.0,242297074.75,242297.07475,24229.707475,242.29707474999998,2.4229707475,0.24229707475
002301.SZ,002301,齐心集团,20180810,10.43,10.7,10.75,10.32,10.73,-0.3,-0.028,8786164.0,92174114.91,92174.11490999999,9217.411490999999,92.17411490999999,0.9217411490999998,0.09217411490999998
002301.SZ,002301,齐心集团,20180803,10.73,10.68,10.76,10.32,10.67,0.06,0.0056,11196127.0,118055016.67,118055.01667,11805.501667,118.05501667,1.1805501667,0.11805501667
002301.SZ,002301,齐心集团,20180727,10.67,10.58,10.98,10.48,10.55,0.12,0.0114,21462253.0,229437066.48,229437.06647999998,22943.706648,229.43706648,2.2943706648,0.22943706648
002301.SZ,002301,齐心集团,20180720,10.55,10.7,11.36,10.25,10.73,-0.18,-0.0168,28035856.0,302228471.22,302228.47122,30222.847122,302.22847122,3.0222847122000003,0.30222847122
002301.SZ,002301,齐心集团,20180713,10.73,9.45,10.86,8.42,10.5,0.23,0.0219,90143832.0,822496653.63,822496.65363,82249.665363,822.49665363,8.2249665363,0.82249665363
002301.SZ,002301,齐心集团,20180202,15.8,17.42,18.2,15.8,17.38,-1.58,-0.0909,12712349.0,219731994.05,219731.99405,21973.199405,219.73199405,2.1973199405,0.21973199405
002301.SZ,002301,齐心集团,20180126,17.38,17.3,17.58,17.05,17.4,-0.02,-0.0011,9766839.0,168459826.6,168459.8266,16845.98266,168.4598266,1.684598266,0.1684598266
002301.SZ,002301,齐心集团,20180119,17.4,17.37,17.44,17.06,17.37,0.03,0.0017,6669334.0,115279389.21,115279.38921,11527.938920999999,115.27938920999999,1.1527938920999998,0.11527938920999999
002301.SZ,002301,齐心集团,20180112,17.37,17.92,18.0,17.18,17.91,-0.54,-0.0302,9178718.0,161759476.79,161759.47679,16175.947678999999,161.75947678999998,1.6175947678999998,0.16175947678999997
002301.SZ,002301,齐心集团,20180105,17.91,17.21,18.07,17.18,17.3,0.61,0.0353,7115085.0,125469616.88,125469.61688,12546.961688,125.46961687999999,1.2546961687999998,0.12546961687999997
002301.SZ,002301,齐心集团,20171229,17.3,18.19,18.21,16.7,18.08,-0.78,-0.0431,11977428.0,212640518.04,212640.51804,21264.051804,212.64051804,2.1264051804,0.21264051804
002301.SZ,002301,齐心集团,20171222,18.08,17.71,18.4,17.51,17.71,0.37,0.0209,12615188.0,227370746.1,227370.7461,22737.07461,227.3707461,2.273707461,0.2273707461
002301.SZ,002301,齐心集团,20171215,17.71,17.95,18.1,17.3,17.83,-0.12,-0.0067,14476451.0,257132216.9,257132.2169,25713.22169,257.1322169,2.571322169,0.2571322169
002301.SZ,002301,齐心集团,20171208,17.83,17.48,17.9,17.24,17.48,0.35,0.02,6873379.0,121299251.82,121299.25181999999,12129.925181999999,121.29925182,1.2129925181999999,0.12129925181999998
002301.SZ,002301,齐心集团,20171201,17.48,17.26,17.56,17.0,17.26,0.22,0.0127,8462546.0,145420111.19,145420.11119,14542.011118999999,145.42011119,1.4542011119,0.14542011119
002301.SZ,002301,齐心集团,20171124,17.26,17.5,17.72,16.61,17.5,-0.24,-0.0137,7553626.0,131092672.47,131092.67247,13109.267247,131.09267247,1.3109267247,0.13109267247
002301.SZ,002301,齐心集团,20171117,17.5,17.99,18.87,17.4,17.98,-0.48,-0.0267,10127873.0,182075457.16,182075.45716,18207.545716,182.07545716,1.8207545716000002,0.18207545716
002301.SZ,002301,齐心集团,20171110,17.98,17.29,18.2,16.92,17.25,0.73,0.0423,11491383.0,204106441.07,204106.44107,20410.644107,204.10644107,2.0410644106999998,0.20410644106999998
002301.SZ,002301,齐心集团,20171103,17.25,18.15,18.35,17.21,18.1,-0.85,-0.047,6675876.0,118741842.19,118741.84219,11874.184218999999,118.74184218999999,1.1874184219,0.11874184218999999
002301.SZ,002301,齐心集团,20171027,18.1,17.82,18.2,17.73,17.83,0.27,0.0151,4340850.0,77965189.66,77965.18966,7796.518966000001,77.96518966000001,0.7796518966000001,0.07796518966000002
002301.SZ,002301,齐心集团,20171020,17.83,18.16,18.87,17.53,18.09,-0.26,-0.0144,11843706.0,216352035.73,216352.03573,21635.203573,216.35203572999998,2.1635203573,0.21635203573
002301.SZ,002301,齐心集团,20171013,18.09,18.11,18.24,17.84,18.07,0.02,0.0011,6343795.0,114226146.9,114226.1469,11422.61469,114.2261469,1.1422614690000001,0.11422614690000002
002301.SZ,002301,齐心集团,20170929,18.07,18.8,19.0,17.93,18.92,-0.85,-0.0449,8207311.0,150017096.93,150017.09693,15001.709693,150.01709693,1.5001709693,0.15001709693
002301.SZ,002301,齐心集团,20170922,18.92,19.3,19.62,18.75,19.3,-0.38,-0.0197,8445809.0,162478858.86,162478.85886,16247.885886,162.47885886,1.6247885886,0.16247885886
002301.SZ,002301,齐心集团,20170915,19.3,18.38,19.63,18.25,18.23,1.07,0.0587,14304694.0,273687043.89,273687.04389,27368.704389,273.68704389,2.7368704389,0.27368704389
002301.SZ,002301,齐心集团,20170908,18.23,18.02,18.38,17.81,17.98,0.25,0.0139,8976119.0,162890689.3,162890.6893,16289.06893,162.8906893,1.628906893,0.1628906893
002301.SZ,002301,齐心集团,20170901,17.98,17.66,18.4,17.56,17.64,0.34,0.0193,10693850.0,192858369.86,192858.36986,19285.836986000002,192.85836986,1.9285836986,0.19285836986
002301.SZ,002301,齐心集团,20170825,17.64,18.28,18.5,17.49,18.28,-0.64,-0.035,10612434.0,191777371.46,191777.37146,19177.737146,191.77737145999998,1.9177737145999998,0.19177737145999998
002301.SZ,002301,齐心集团,20170818,18.28,18.15,18.77,18.15,18.15,0.13,0.0072,6751880.0,124916774.54,124916.77454000001,12491.677454,124.91677454,1.2491677454,0.12491677454000001
002301.SZ,002301,齐心集团,20170811,18.15,18.79,19.35,17.92,18.8,-0.65,-0.0346,14614238.0,274479904.5,274479.9045,27447.99045,274.47990450000003,2.744799045,0.27447990450000004
002301.SZ,002301,齐心集团,20170804,18.8,18.6,19.28,17.8,18.59,0.21,0.0113,18989492.0,348471329.94,348471.32994,34847.132994,348.47132994,3.4847132993999996,0.34847132993999996
002301.SZ,002301,齐心集团,20170728,18.59,18.42,19.18,18.0,18.63,-0.04,-0.0021,9709197.0,181726298.87,181726.29887,18172.629887,181.72629887,1.8172629887,0.18172629887
002301.SZ,002301,齐心集团,20170721,18.63,20.09,20.29,16.56,20.19,-1.56,-0.0773,26845281.0,488208645.31,488208.64531,48820.864531,488.20864531,4.8820864531,0.48820864531
002301.SZ,002301,齐心集团,20170714,20.19,20.86,20.96,20.03,20.82,-0.63,-0.0303,7598365.0,154958732.14,154958.73213999998,15495.873213999997,154.95873213999997,1.5495873213999998,0.15495873213999997
002301.SZ,002301,齐心集团,20170707,20.82,20.83,21.48,20.57,20.73,0.09,0.0043,6806402.0,141537635.76,141537.63576,14153.763576000001,141.53763576,1.4153763576,0.14153763576
002301.SZ,002301,齐心集团,20170630,20.73,20.84,21.2,20.55,20.87,-0.14,-0.0067,6667366.0,138524908.57,138524.90857,13852.490857,138.52490857,1.3852490857000002,0.13852490857000002
002301.SZ,002301,齐心集团,20170623,20.87,20.9,22.23,20.51,21.79,-0.92,-0.0422,14130049.0,296807162.56,296807.16256,29680.716256000003,296.80716256000005,2.9680716256000004,0.29680716256000006
002301.SZ,002301,齐心集团,20170616,21.79,23.0,24.65,21.79,22.83,-1.04,-0.0456,12001614.0,270896560.37,270896.56037,27089.656037,270.89656037000003,2.7089656037000003,0.27089656037000004
002301.SZ,002301,齐心集团,20170609,22.83,21.09,22.89,20.93,20.93,1.9,0.0908,7254071.0,159202810.43,159202.81043,15920.281043,159.20281043,1.5920281043,0.15920281043
002301.SZ,002301,齐心集团,20170602,20.93,21.36,21.64,20.81,21.19,-0.26,-0.0123,2884850.0,61280614.6,61280.6146,6128.06146,61.2806146,0.612806146,0.061280614600000005
002301.SZ,002301,齐心集团,20170526,21.19,21.99,21.99,19.22,21.91,-0.72,-0.0329,10906632.0,223242040.03,223242.04003,22324.204003,223.24204003,2.2324204003,0.22324204003
002301.SZ,002301,齐心集团,20170519,21.91,21.85,22.1,21.5,21.77,0.14,0.0064,4556911.0,99179073.87,99179.07387000001,9917.907387000001,99.17907387000001,0.9917907387000001,0.09917907387000001
002301.SZ,002301,齐心集团,20170512,21.77,22.15,22.97,21.68,22.59,-0.82,-0.0363,5095578.0,113323912.41,113323.91240999999,11332.391241,113.32391240999999,1.1332391241,0.11332391240999999
002301.SZ,002301,齐心集团,20170505,22.59,23.13,23.27,22.35,23.13,-0.54,-0.0233,2444081.0,56018233.69,56018.23369,5601.823369,56.018233689999995,0.5601823369,0.056018233689999995
002301.SZ,002301,齐心集团,20170428,23.13,22.8,23.2,22.32,22.82,0.31,0.0136,3723164.0,84271558.67,84271.55867,8427.155867,84.27155866999999,0.8427155866999999,0.08427155867
002301.SZ,002301,齐心集团,20170421,22.82,22.71,23.19,22.22,22.79,0.03,0.0013,6157177.0,139926274.25,139926.27425,13992.627424999999,139.92627424999998,1.3992627424999997,0.13992627424999998
002301.SZ,002301,齐心集团,20170414,22.79,24.11,24.23,22.61,24.11,-1.32,-0.0547,9012071.0,211731136.14,211731.13614,21173.113613999998,211.73113614,2.1173113614,0.21173113614
002301.SZ,002301,齐心集团,20170407,24.11,23.52,24.55,23.37,23.52,0.59,0.0251,5964759.0,142186520.88,142186.52088,14218.652087999999,142.18652088,1.4218652088,0.14218652088
002301.SZ,002301,齐心集团,20170331,23.52,23.51,24.16,23.03,23.5,0.02,0.0009,9661081.0,228240310.28,228240.31028,22824.031028,228.24031028000002,2.2824031028,0.22824031028
002301.SZ,002301,齐心集团,20170324,23.5,22.95,23.88,22.72,22.89,0.61,0.0266,16737147.0,391336194.42,391336.19442,39133.619442,391.33619442,3.9133619442,0.39133619442
002301.SZ,002301,齐心集团,20170317,22.89,21.64,22.99,21.55,21.68,1.21,0.0558,15173533.0,338548824.46,338548.82446,33854.882445999996,338.54882445999993,3.3854882445999994,0.33854882445999995
002301.SZ,002301,齐心集团,20170310,21.68,21.5,21.75,21.13,21.78,-0.1,-0.0046,10198395.0,218446641.27,218446.64127000002,21844.664127000004,218.44664127000004,2.1844664127000004,0.21844664127000005
002301.SZ,002301,齐心集团,20170303,21.78,21.01,22.88,20.77,20.85,0.93,0.0446,9970429.0,213586436.84,213586.43684,21358.643684000002,213.58643684000003,2.1358643684000005,0.21358643684000006
002301.SZ,002301,齐心集团,20170224,20.85,20.78,20.95,20.48,20.79,0.06,0.0029,7304098.0,151224610.08,151224.61008,15122.461008000002,151.22461008000002,1.5122461008,0.15122461008000002
002301.SZ,002301,齐心集团,20170217,20.79,20.93,21.41,20.62,20.94,-0.15,-0.0072,6403599.0,134802709.67,134802.70966999998,13480.270966999999,134.80270966999998,1.3480270966999999,0.13480270967
002301.SZ,002301,齐心集团,20170210,20.94,21.11,21.36,20.5,21.11,-0.17,-0.0081,6310824.0,132806037.4,132806.0374,13280.60374,132.8060374,1.328060374,0.13280603740000002
002301.SZ,002301,齐心集团,20170203,21.11,21.1,21.34,21.07,21.14,-0.03,-0.0014,508376.0,10781755.35,10781.75535,1078.1755349999999,10.78175535,0.1078175535,0.01078175535
002301.SZ,002301,齐心集团,20170126,21.14,20.62,21.33,20.21,20.9,0.24,0.0115,3757091.0,78591541.29,78591.54129000001,7859.1541290000005,78.59154129000001,0.7859154129000001,0.07859154129000001
002301.SZ,002301,齐心集团,20170120,20.9,21.29,21.66,20.12,21.48,-0.58,-0.027,6160239.0,128114065.1,128114.06509999999,12811.406509999999,128.11406509999998,1.2811406509999999,0.12811406509999998
002301.SZ,002301,齐心集团,20170113,21.48,22.38,22.65,20.0,22.35,-0.87,-0.0389,9081151.0,197618827.78,197618.82778,19761.882778,197.61882778,1.9761882778,0.19761882778
002301.SZ,002301,齐心集团,20170106,22.35,21.75,23.07,21.75,21.7,0.65,0.03,9594125.0,215639081.17,215639.08117,21563.908117,215.63908117,2.1563908117,0.21563908117000002
002301.SZ,002301,齐心集团,20161230,21.7,21.9,22.25,21.31,21.89,-0.19,-0.0087,7374447.0,160472659.08,160472.65908,16047.265908000001,160.47265908,1.6047265908,0.16047265908
002301.SZ,002301,齐心集团,20161223,21.89,20.2,22.78,19.91,20.33,1.56,0.0767,12819523.0,270964175.47,270964.17547,27096.417547,270.96417547,2.7096417547,0.27096417546999996
002301.SZ,002301,齐心集团,20161216,20.33,21.41,21.5,18.0,21.48,-1.15,-0.0535,12656994.0,256363111.79,256363.11179,25636.311179,256.36311179,2.5636311179,0.25636311179
002301.SZ,002301,齐心集团,20161209,21.48,22.28,22.44,21.27,22.34,-0.86,-0.0385,9455161.0,206790256.82,206790.25681999998,20679.025682,206.79025682,2.0679025682,0.20679025682000002
002301.SZ,002301,齐心集团,20161202,22.34,22.09,22.99,22.09,22.0,0.34,0.0155,13626026.0,306269384.53,306269.38453,30626.938453,306.26938452999997,3.0626938452999997,0.30626938452999997
002301.SZ,002301,齐心集团,20161125,22.0,23.23,23.64,21.5,23.11,-1.11,-0.048,15213372.0,346214837.28,346214.83728,34621.483728,346.21483728,3.4621483727999998,0.34621483727999997
002301.SZ,002301,齐心集团,20161118,23.11,23.11,24.65,22.59,23.3,-0.19,-0.0082,12826657.0,298576815.75,298576.81575,29857.681575000002,298.57681575000004,2.9857681575000004,0.29857681575000006
002301.SZ,002301,齐心集团,20161111,23.3,23.12,23.82,22.72,23.3,0.0,0.0,15862118.0,370206000.98,370206.00098,37020.600098,370.20600098,3.7020600098,0.37020600098
002301.SZ,002301,齐心集团,20161104,23.3,24.31,24.42,22.7,24.26,-0.96,-0.0396,13299984.0,311270466.37,311270.46637,31127.046637,311.27046637,3.1127046637,0.31127046637
002301.SZ,002301,齐心集团,20161028,24.26,23.53,25.35,23.25,23.55,0.71,0.0301,17500020.0,428456406.42,428456.40642,42845.640642,428.45640642,4.2845640642000005,0.42845640642000005
002301.SZ,002301,齐心集团,20161021,23.55,22.92,24.2,22.92,22.83,0.72,0.0315,23513701.0,558797147.76,558797.14776,55879.71477599999,558.7971477599999,5.587971477599999,0.5587971477599999
002301.SZ,002301,齐心集团,20161014,22.83,21.8,22.95,21.6,21.8,1.03,0.0472,16685383.0,372126775.95,372126.77595,37212.677595,372.12677595,3.7212677595000003,0.37212677595000004
002301.SZ,002301,齐心集团,20160930,21.8,21.5,22.0,21.29,21.5,0.3,0.014,11731238.0,254723793.48,254723.79348,25472.379348,254.72379347999998,2.5472379348,0.25472379348
002301.SZ,002301,齐心集团,20160923,21.5,21.35,21.93,21.26,21.38,0.12,0.0056,10512274.0,227413185.85,227413.18584999998,22741.318584999997,227.41318584999996,2.2741318584999997,0.22741318584999998
002301.SZ,002301,齐心集团,20160914,21.38,20.9,21.82,20.73,21.35,0.03,0.0014,6215267.0,132211498.28,132211.49828,13221.149828,132.21149828,1.3221149828,0.13221149828
002301.SZ,002301,齐心集团,20160909,21.35,21.0,21.66,20.77,20.97,0.38,0.0181,8772073.0,186404414.95,186404.41494999998,18640.441495,186.40441495,1.8640441495,0.18640441494999999
002301.SZ,002301,齐心集团,20160902,20.97,21.23,21.5,20.54,21.23,-0.26,-0.0122,10021420.0,210476783.98,210476.78397999998,21047.678397999996,210.47678397999996,2.1047678397999996,0.21047678397999997
002301.SZ,002301,齐心集团,20160826,21.23,21.85,21.99,20.82,21.87,-0.64,-0.0293,17555886.0,373658162.52,373658.16251999995,37365.816252,373.65816251999996,3.7365816251999995,0.37365816251999995
002301.SZ,002301,齐心集团,20160819,21.87,22.3,22.87,21.69,22.48,-0.61,-0.0271,21799564.0,487073872.86,487073.87286,48707.387286,487.07387286,4.8707387286,0.48707387286000003
002301.SZ,002301,齐心集团,20160812,22.48,22.11,22.88,20.92,21.95,0.53,0.0241,36433246.0,793218353.16,793218.3531599999,79321.835316,793.21835316,7.9321835316,0.79321835316
002301.SZ,002301,齐心集团,20160805,21.95,20.05,22.37,20.01,20.33,1.62,0.0797,23482480.0,504030255.72,504030.25572,50403.025572,504.03025572,5.0403025572,0.50403025572
002301.SZ,002301,齐心集团,20160729,20.33,20.53,20.8,19.62,20.52,-0.19,-0.0093,11422896.0,231857938.31,231857.93831,23185.793831,231.85793830999998,2.3185793831,0.23185793830999998
002301.SZ,002301,齐心集团,20160722,20.52,20.52,21.08,20.06,20.52,0.0,0.0,9687833.0,199869455.54,199869.45554,19986.945553999998,199.86945554,1.9986945554,0.19986945554
002301.SZ,002301,齐心集团,20160715,20.52,21.81,22.0,19.9,21.81,-1.29,-0.0591,22857397.0,474582291.36,474582.29136000003,47458.229136,474.58229136,4.7458229136,0.47458229135999996
002301.SZ,002301,齐心集团,20160708,21.81,20.4,22.18,20.14,20.44,1.37,0.067,25917904.0,546848851.58,546848.85158,54684.885158000005,546.8488515800001,5.468488515800001,0.5468488515800001
002301.SZ,002301,齐心集团,20160701,20.44,20.93,21.5,20.0,21.05,-0.61,-0.029,23199143.0,480236220.56,480236.22056,48023.622056,480.23622056,4.8023622056,0.48023622056
002301.SZ,002301,齐心集团,20160624,21.05,21.39,22.16,20.23,21.63,-0.58,-0.0268,26198749.0,559450214.29,559450.2142899999,55945.02142899999,559.45021429,5.5945021429,0.55945021429
002301.SZ,002301,齐心集团,20160617,21.63,19.39,22.22,18.75,19.75,1.88,0.0952,36983777.0,749755787.4,749755.7874,74975.57874,749.7557873999999,7.497557873999999,0.7497557873999999
002301.SZ,002301,齐心集团,20160608,19.75,18.65,20.0,18.6,18.46,1.29,0.0699,19646077.0,377660620.25,377660.62025,37766.062025,377.66062024999997,3.7766062024999996,0.37766062024999997
002301.SZ,002301,齐心集团,20160603,18.46,17.67,18.76,17.25,17.67,0.79,0.0447,17609797.0,320564630.75,320564.63075,32056.463075,320.56463075,3.2056463075,0.32056463074999997
002301.SZ,002301,齐心集团,20160527,17.67,17.75,18.52,17.01,17.7,-0.03,-0.0017,13121888.0,232442974.94,232442.97494,23244.297494,232.44297494,2.3244297494,0.23244297494000002
002301.SZ,002301,齐心集团,20160520,17.7,16.7,18.0,16.58,16.82,0.88,0.0523,16145918.0,279605853.55,279605.85355,27960.585355,279.60585355,2.7960585355000003,0.27960585355
002301.SZ,002301,齐心集团,20160513,16.82,17.83,18.04,16.3,18.02,-1.2,-0.0666,21153780.0,364124758.57,364124.75857,36412.475857,364.12475857,3.6412475857,0.36412475857
002301.SZ,002301,齐心集团,20160506,18.02,19.1,19.95,17.9,18.84,-0.82,-0.0435,18771788.0,360256461.59,360256.46158999996,36025.646158999996,360.25646158999996,3.6025646158999995,0.36025646158999997
002301.SZ,002301,齐心集团,20160429,18.84,18.33,19.36,18.11,18.21,0.63,0.0346,21914388.0,411852571.93,411852.57193000003,41185.257193000005,411.85257193000007,4.118525719300001,0.4118525719300001
002301.SZ,002301,齐心集团,20160422,18.21,20.3,21.66,16.65,20.8,-2.59,-0.1245,40771098.0,823450183.05,823450.18305,82345.018305,823.4501830500001,8.234501830500001,0.8234501830500001
002301.SZ,002301,齐心集团,20160415,20.8,17.6,21.22,17.46,17.38,3.42,0.1968,52983013.0,1043817711.8,1043817.7117999999,104381.77118,1043.8177117999999,10.438177117999999,1.0438177117999998
002301.SZ,002301,齐心集团,20160408,17.38,18.51,19.16,17.1,18.88,-1.5,-0.0794,27763706.0,510235471.96,510235.47196,51023.547196,510.23547196,5.1023547196,0.51023547196
002301.SZ,002301,齐心集团,20160401,18.88,19.48,19.48,17.28,17.71,1.17,0.0661,28163930.0,520760863.24,520760.86324000004,52076.086324,520.76086324,5.2076086324,0.52076086324
002301.SZ,002301,齐心集团,20160318,17.71,16.49,17.71,15.7,16.3,1.41,0.0865,30673131.0,514918949.78,514918.94977999997,51491.894978,514.9189497799999,5.149189497799999,0.51491894978
002301.SZ,002301,齐心集团,20160311,16.3,15.3,16.3,15.0,15.3,1.0,0.0654,18449357.0,291509808.26,291509.80825999996,29150.980825999995,291.50980825999994,2.9150980825999993,0.29150980825999995
002301.SZ,002301,齐心集团,20160304,15.3,15.09,17.14,14.11,15.04,0.26,0.0173,26981368.0,410972220.91,410972.22091000003,41097.222091,410.97222091000003,4.1097222091,0.41097222091
002301.SZ,002301,齐心集团,20160226,15.04,17.3,17.99,14.5,17.33,-2.29,-0.1321,28671655.0,466598979.1,466598.9791,46659.89791,466.5989791,4.665989791,0.46659897910000003
002301.SZ,002301,齐心集团,20160219,17.33,16.3,17.99,15.33,17.03,0.3,0.0176,29462846.0,512088974.27,512088.97427,51208.897427,512.08897427,5.1208897427,0.51208897427
002301.SZ,002301,齐心集团,20160205,17.03,14.74,17.5,14.3,14.74,2.29,0.1554,20795191.0,335426369.62,335426.36962,33542.636962000004,335.42636962000006,3.3542636962000008,0.33542636962000005
002301.SZ,002301,齐心集团,20160129,14.74,16.38,16.6,14.69,16.1,-1.36,-0.0845,9673312.0,154017722.53,154017.72253,15401.772253,154.01772253,1.5401772253,0.15401772252999998
002301.SZ,002301,齐心集团,20160122,16.1,16.6,17.17,15.0,16.45,-0.35,-0.0213,22119638.0,364608917.25,364608.91725,36460.891725,364.60891725,3.6460891725,0.36460891725
002301.SZ,002301,齐心集团,20160115,16.45,17.95,18.89,15.51,18.7,-2.25,-0.1203,33439406.0,565179589.94,565179.5899400001,56517.95899400001,565.17958994,5.651795899400001,0.5651795899400001
002301.SZ,002301,齐心集团,20160108,18.7,21.59,22.0,17.2,21.82,-3.12,-0.143,24096920.0,472341250.87,472341.25087,47234.125087,472.34125087,4.7234125087,0.47234125087
002301.SZ,002301,齐心集团,20151231,21.82,23.72,24.22,21.5,23.44,-1.62,-0.0691,18470602.0,424789456.52,424789.45652,42478.945652,424.78945652000004,4.2478945652,0.42478945652
002301.SZ,002301,齐心集团,20151225,23.44,23.25,24.03,22.6,23.31,0.13,0.0056,20565023.0,480047279.55,480047.27955000004,48004.727955,480.04727955000004,4.8004727955,0.48004727955000004
002301.SZ,002301,齐心集团,20151218,23.31,21.49,24.45,21.15,21.44,1.87,0.0872,34089874.0,785293994.27,785293.99427,78529.399427,785.29399427,7.8529399427,0.78529399427
002301.SZ,002301,齐心集团,20151211,21.44,22.3,25.0,21.0,22.22,-0.78,-0.0351,39180918.0,907882892.47,907882.8924700001,90788.28924700001,907.8828924700001,9.078828924700002,0.9078828924700002
002301.SZ,002301,齐心集团,20151204,22.22,22.93,23.48,20.53,23.1,-0.88,-0.0381,34337386.0,751200998.18,751200.99818,75120.099818,751.20099818,7.5120099818,0.7512009981800001
002301.SZ,002301,齐心集团,20151127,23.1,26.75,27.27,22.58,25.64,-2.54,-0.0991,78630371.0,1949594453.89,1949594.45389,194959.445389,1949.59445389,19.4959445389,1.94959445389
002301.SZ,002301,齐心集团,20151120,25.64,23.31,25.64,23.0,25.9,-0.26,-0.01,29899919.0,724909305.79,724909.30579,72490.930579,724.9093057900001,7.249093057900001,0.72490930579
002301.SZ,002301,齐心集团,20150703,25.92,32.51,32.8,25.71,31.74,-5.82,-0.1834,44561701.0,1239738514.72,1239738.51472,123973.85147200001,1239.73851472,12.3973851472,1.23973851472
002301.SZ,002301,齐心集团,20150626,31.74,32.51,37.0,29.61,32.9,-1.16,-0.0353,65149043.0,2184839052.93,2184839.05293,218483.905293,2184.83905293,21.8483905293,2.18483905293
002301.SZ,002301,齐心集团,20150619,32.9,34.0,35.5,29.05,34.42,-1.52,-0.0442,70057657.0,2292353173.08,2292353.17308,229235.317308,2292.35317308,22.9235317308,2.29235317308
002301.SZ,002301,齐心集团,20150612,34.42,32.34,36.0,29.03,32.3,2.12,0.0656,64329061.0,2090259223.02,2090259.22302,209025.922302,2090.25922302,20.9025922302,2.09025922302
002301.SZ,002301,齐心集团,20150605,32.3,32.83,35.38,29.57,31.12,1.18,0.0379,85086114.0,2757459025.47,2757459.0254699998,275745.902547,2757.4590254699997,27.5745902547,2.7574590254699998
002301.SZ,002301,齐心集团,20150529,31.12,23.0,31.12,22.31,23.11,8.01,0.3466,81792580.0,2202950368.13,2202950.3681300003,220295.03681300004,2202.9503681300002,22.029503681300003,2.2029503681300002
002301.SZ,002301,齐心集团,20150522,23.11,22.52,24.55,22.3,23.35,-0.24,-0.0103,44719916.0,1038789705.91,1038789.70591,103878.970591,1038.78970591,10.3878970591,1.03878970591
002301.SZ,002301,齐心集团,20150515,23.35,18.8,23.67,18.34,18.6,4.75,0.2554,62382043.0,1296229155.49,1296229.15549,129622.915549,1296.22915549,12.9622915549,1.29622915549
002301.SZ,002301,齐心集团,20150508,18.6,19.07,19.75,17.35,19.07,-0.47,-0.0246,33983292.0,625289290.71,625289.2907100001,62528.929071000006,625.28929071,6.252892907100001,0.6252892907100001
002301.SZ,002301,齐心集团,20150430,19.07,18.81,19.5,17.0,18.77,0.3,0.016,45998719.0,840474858.36,840474.8583600001,84047.485836,840.4748583600001,8.404748583600002,0.8404748583600001
002301.SZ,002301,齐心集团,20150424,18.77,18.1,21.8,18.1,16.45,2.32,0.141,51079994.0,1008218280.09,1008218.28009,100821.828009,1008.21828009,10.0821828009,1.00821828009
002301.SZ,002301,齐心集团,20150320,16.45,15.02,16.5,15.02,15.9,0.55,0.0346,27369836.0,436046427.51,436046.42751,43604.642751,436.04642751,4.3604642751,0.43604642751
002301.SZ,002301,齐心集团,20150313,15.9,12.85,16.63,12.65,12.91,2.99,0.2316,50078756.0,742298940.16,742298.94016,74229.894016,742.29894016,7.422989401600001,0.7422989401600001
002301.SZ,002301,齐心集团,20150306,12.91,13.15,14.03,12.6,13.15,-0.24,-0.0183,36980417.0,482824357.93,482824.35793,48282.435793,482.82435792999996,4.8282435793,0.48282435792999995
002301.SZ,002301,齐心集团,20150227,13.15,11.96,13.2,11.72,12.0,1.15,0.0958,18593652.0,229945643.33,229945.64333000002,22994.564333000002,229.94564333000002,2.2994564333,0.22994564333
002301.SZ,002301,齐心集团,20150217,12.0,10.91,12.1,10.9,10.88,1.12,0.1029,17791066.0,203491315.33,203491.31533,20349.131533,203.49131533,2.0349131532999998,0.20349131532999998
002301.SZ,002301,齐心集团,20150213,10.88,9.96,10.98,9.85,9.93,0.95,0.0957,25616295.0,265523986.49,265523.98649,26552.398649,265.52398648999997,2.6552398648999995,0.26552398649
002301.SZ,002301,齐心集团,20150206,9.93,9.48,10.8,9.41,9.5,0.43,0.0453,43998593.0,447803575.6,447803.57560000004,44780.357560000004,447.80357560000004,4.478035756000001,0.44780357560000006
002301.SZ,002301,齐心集团,20150130,9.5,9.59,9.95,9.36,9.56,-0.06,-0.0063,34311414.0,329464204.11,329464.20411,32946.420411,329.46420410999997,3.2946420410999995,0.32946420410999994
002301.SZ,002301,齐心集团,20150123,9.56,8.5,9.68,8.23,8.7,0.86,0.0989,51128843.0,464000104.43,464000.10443,46400.010443,464.00010442999996,4.6400010443,0.46400010443
002301.SZ,002301,齐心集团,20150116,8.7,8.65,9.08,8.61,8.38,0.32,0.0382,14964862.0,131311116.5,131311.1165,13131.11165,131.3111165,1.313111165,0.1313111165
002301.SZ,002301,齐心集团,20150109,8.38,8.51,8.77,8.37,8.51,-0.13,-0.0153,18331892.0,157314461.85,157314.46185,15731.446184999999,157.31446185,1.5731446184999998,0.15731446184999998
002301.SZ,002301,齐心集团,20141231,8.51,9.09,9.26,8.2,9.15,-0.64,-0.0699,20754563.0,178954862.45,178954.86245,17895.486245,178.95486245,1.7895486245,0.17895486245
002301.SZ,002301,齐心集团,20141226,9.15,9.09,9.37,8.56,9.09,0.06,0.0066,40439034.0,362455928.53,362455.92853,36245.592852999995,362.45592852999994,3.6245592852999993,0.3624559285299999
002301.SZ,002301,齐心集团,20141219,9.09,8.68,9.44,8.5,8.79,0.3,0.0341,76499561.0,684505248.56,684505.24856,68450.524856,684.50524856,6.8450524856,0.6845052485600001
002301.SZ,002301,齐心集团,20141212,8.79,8.26,8.87,7.65,8.28,0.51,0.0616,54463156.0,448769226.97,448769.22697,44876.922697,448.76922697000003,4.4876922697,0.44876922697
002301.SZ,002301,齐心集团,20141205,8.28,8.93,9.01,8.2,8.12,0.16,0.0197,89664473.0,782799649.76,782799.64976,78279.96497599999,782.7996497599999,7.827996497599998,0.7827996497599998
002301.SZ,002301,齐心集团,20140711,8.14,7.84,8.14,7.84,7.85,0.29,0.0369,5286533.0,42395632.0,42395.632,4239.5632,42.395632,0.42395632,0.042395632
002301.SZ,002301,齐心集团,20140704,7.85,7.48,8.03,7.41,7.45,0.4,0.0537,24768095.0,192308948.0,192308.948,19230.894800000002,192.30894800000002,1.9230894800000002,0.19230894800000004
002301.SZ,002301,齐心集团,20140627,7.45,7.1,7.55,7.05,7.19,0.26,0.0362,11354186.0,83384472.0,83384.472,8338.447199999999,83.38447199999999,0.8338447199999999,0.08338447199999999
002301.SZ,002301,齐心集团,20140620,7.19,7.74,7.75,7.1,7.74,-0.55,-0.0711,13522851.0,100018464.0,100018.464,10001.8464,100.01846400000001,1.00018464,0.100018464
002301.SZ,002301,齐心集团,20140613,7.74,7.63,7.89,7.4,7.63,0.11,0.0144,10105119.0,76840015.0,76840.015,7684.0015,76.84001500000001,0.7684001500000001,0.07684001500000001
002301.SZ,002301,齐心集团,20140606,7.63,7.82,7.98,7.56,7.85,-0.22,-0.028,8054489.0,62569443.0,62569.443,6256.9443,62.569443,0.62569443,0.062569443
002301.SZ,002301,齐心集团,20140530,7.85,7.8,8.16,7.65,7.9,-0.05,-0.0063,19032784.0,150044360.0,150044.36,15004.435999999998,150.04435999999998,1.5004435999999999,0.15004436
002301.SZ,002301,齐心集团,20140523,7.9,7.15,8.5,7.09,7.13,0.77,0.108,31768224.0,252547106.0,252547.106,25254.7106,252.54710599999999,2.5254710599999997,0.25254710599999997
002301.SZ,002301,齐心集团,20140516,7.13,7.2,7.41,7.07,7.14,-0.01,-0.0014,5477198.0,39591172.0,39591.172,3959.1171999999997,39.591172,0.39591172,0.039591172
002301.SZ,002301,齐心集团,20140509,7.14,7.18,7.51,7.0,7.14,0.0,0.0,6216965.0,45106276.0,45106.276,4510.6276,45.106276,0.45106276,0.045106276
002301.SZ,002301,齐心集团,20140430,7.14,7.58,7.6,7.0,7.54,-0.4,-0.0531,3841878.0,27403308.0,27403.308,2740.3308,27.403308000000003,0.27403308000000004,0.027403308000000005
002301.SZ,002301,齐心集团,20140425,7.54,7.77,7.8,7.4,7.79,-0.25,-0.0321,6490281.0,49290249.0,49290.249,4929.0249,49.290249,0.49290249,0.049290249
002301.SZ,002301,齐心集团,20140418,7.79,7.8,7.99,7.77,7.82,-0.03,-0.0038,8444270.0,66295732.0,66295.732,6629.573200000001,66.295732,0.66295732,0.066295732
002301.SZ,002301,齐心集团,20140411,7.82,8.01,8.15,7.79,8.01,-0.19,-0.0237,8962339.0,71388692.0,71388.692,7138.869199999999,71.38869199999999,0.7138869199999999,0.07138869199999999
002301.SZ,002301,齐心集团,20140404,8.01,7.72,8.09,7.66,7.69,0.32,0.0416,5035145.0,39386408.0,39386.408,3938.6408,39.386408,0.39386408,0.039386408
002301.SZ,002301,齐心集团,20140328,7.69,8.09,8.11,7.66,8.04,-0.35,-0.0435,7550066.0,59679195.0,59679.195,5967.9195,59.679195,0.59679195,0.059679195
002301.SZ,002301,齐心集团,20140321,8.04,8.06,8.39,7.66,8.25,-0.21,-0.0255,9159290.0,74246717.0,74246.717,7424.671700000001,74.246717,0.7424671700000001,0.074246717
002301.SZ,002301,齐心集团,20140314,8.25,8.9,9.25,7.6,8.98,-0.73,-0.0813,21885573.0,184776206.0,184776.206,18477.620600000002,184.77620600000003,1.8477620600000002,0.18477620600000003
002301.SZ,002301,齐心集团,20140307,8.98,8.84,9.07,8.25,8.85,0.13,0.0147,27105115.0,238201928.0,238201.928,23820.1928,238.201928,2.38201928,0.238201928
002301.SZ,002301,齐心集团,20140228,8.85,8.72,9.62,8.49,8.76,0.09,0.0103,49712741.0,451343028.0,451343.028,45134.3028,451.343028,4.51343028,0.451343028
002301.SZ,002301,齐心集团,20140221,8.76,9.25,9.59,8.7,9.24,-0.48,-0.0519,32887084.0,298583936.0,298583.936,29858.3936,298.583936,2.98583936,0.298583936
002301.SZ,002301,齐心集团,20140214,9.24,8.81,9.65,8.81,8.95,0.29,0.0324,26942548.0,247651948.0,247651.948,24765.1948,247.651948,2.47651948,0.24765194799999998
002301.SZ,002301,齐心集团,20140207,8.95,8.65,8.98,8.54,8.72,0.23,0.0264,3004207.0,26674050.0,26674.05,2667.4049999999997,26.674049999999998,0.2667405,0.026674049999999998
002301.SZ,002301,齐心集团,20140130,8.72,8.43,8.9,8.25,8.42,0.3,0.0356,9497152.0,80778001.0,80778.001,8077.8001,80.778001,0.80778001,0.080778001
002301.SZ,002301,齐心集团,20140124,8.42,7.64,8.49,7.54,7.7,0.72,0.0935,14380217.0,118587366.0,118587.366,11858.7366,118.587366,1.18587366,0.118587366
002301.SZ,002301,齐心集团,20140117,7.7,7.68,7.96,7.25,7.73,-0.03,-0.0039,6069220.0,45864093.0,45864.093,4586.4093,45.864093000000004,0.45864093000000006,0.04586409300000001
002301.SZ,002301,齐心集团,20140110,7.73,8.03,8.14,7.16,8.12,-0.39,-0.048,12508508.0,98817999.0,98817.999,9881.7999,98.817999,0.98817999,0.098817999
002301.SZ,002301,齐心集团,20140103,8.12,7.86,8.28,7.82,7.86,0.26,0.0331,10095669.0,81705689.0,81705.689,8170.5689,81.705689,0.81705689,0.081705689
002301.SZ,002301,齐心集团,20131227,7.86,7.88,8.2,7.55,7.92,-0.06,-0.0076,16590934.0,129421350.0,129421.35,12942.135,129.42135,1.2942135,0.12942135
002301.SZ,002301,齐心集团,20131220,7.92,8.6,9.65,7.8,8.71,-0.79,-0.0907,58511946.0,525535560.0,525535.56,52553.556000000004,525.53556,5.255355600000001,0.52553556
002301.SZ,002301,齐心集团,20131213,8.71,8.26,9.16,8.21,8.26,0.45,0.0545,21003486.0,182394999.0,182394.999,18239.499900000003,182.394999,1.82394999,0.182394999
002301.SZ,002301,齐心集团,20131206,8.26,8.39,8.58,7.9,8.63,-0.37,-0.0429,13033297.0,108182482.0,108182.482,10818.2482,108.182482,1.08182482,0.108182482
002301.SZ,002301,齐心集团,20131129,8.63,8.16,8.7,7.84,8.16,0.47,0.0576,17124294.0,141583320.0,141583.32,14158.332,141.58332000000001,1.4158332000000002,0.14158332
002301.SZ,002301,齐心集团,20131122,8.16,8.75,9.18,8.15,8.54,-0.38,-0.0445,22971165.0,197658680.0,197658.68,19765.868,197.65867999999998,1.9765867999999998,0.19765867999999998
002301.SZ,002301,齐心集团,20131115,8.54,7.8,8.74,7.8,7.88,0.66,0.0838,17534029.0,147508380.0,147508.38,14750.838,147.50838,1.4750838,0.14750838
002301.SZ,002301,齐心集团,20131108,7.88,7.72,8.25,7.65,7.71,0.17,0.022,8784694.0,70185422.0,70185.422,7018.542200000001,70.185422,0.70185422,0.070185422
002301.SZ,002301,齐心集团,20131101,7.71,8.26,8.59,7.46,8.34,-0.63,-0.0755,17183781.0,139654274.0,139654.274,13965.4274,139.65427400000002,1.3965427400000001,0.13965427400000002
002301.SZ,002301,齐心集团,20131025,8.34,8.78,8.89,7.47,8.8,-0.46,-0.0523,27151079.0,226264136.0,226264.136,22626.4136,226.264136,2.26264136,0.226264136
002301.SZ,002301,齐心集团,20131018,8.8,8.53,8.95,7.76,8.48,0.32,0.0377,37720263.0,320476432.0,320476.432,32047.6432,320.476432,3.2047643199999998,0.320476432
002301.SZ,002301,齐心集团,20131011,8.48,7.42,8.63,7.35,7.49,0.99,0.1322,36336840.0,295154080.0,295154.08,29515.408000000003,295.15408,2.9515408,0.29515408
002301.SZ,002301,齐心集团,20130930,7.49,7.25,7.73,7.23,7.22,0.27,0.0374,9086832.0,68094264.0,68094.264,6809.426399999999,68.094264,0.6809426399999999,0.06809426399999999
002301.SZ,002301,齐心集团,20130927,7.22,6.3,7.53,6.25,6.29,0.93,0.1479,42216088.0,292595120.0,292595.12,29259.512,292.59512,2.9259512,0.29259512
002301.SZ,002301,齐心集团,20130918,6.29,6.36,6.37,6.12,6.31,-0.02,-0.0032,8737640.0,54398083.0,54398.083,5439.8083,54.398083,0.54398083,0.054398083
002301.SZ,002301,齐心集团,20130913,6.31,6.6,6.78,6.26,6.74,-0.43,-0.0638,20070475.0,130172508.0,130172.508,13017.2508,130.172508,1.30172508,0.130172508
002301.SZ,002301,齐心集团,20130906,6.74,6.36,6.86,6.15,6.35,0.39,0.0614,31824118.0,208388496.0,208388.496,20838.8496,208.388496,2.0838849600000002,0.20838849600000003
002301.SZ,002301,齐心集团,20130830,6.35,5.86,6.55,5.69,5.8,0.55,0.0948,41048626.0,258050454.0,258050.454,25805.0454,258.050454,2.58050454,0.25805045400000004
002301.SZ,002301,齐心集团,20130823,5.8,5.9,6.1,5.7,5.91,-0.11,-0.0186,12238627.0,72221471.0,72221.471,7222.1471,72.22147100000001,0.72221471,0.07222147100000001
002301.SZ,002301,齐心集团,20130816,5.91,6.37,6.59,5.88,6.4,-0.49,-0.0766,21864077.0,136334222.0,136334.222,13633.4222,136.334222,1.36334222,0.136334222
002301.SZ,002301,齐心集团,20130809,6.4,6.23,6.59,5.77,6.26,0.14,0.0224,31960969.0,198921818.0,198921.818,19892.1818,198.92181799999997,1.9892181799999997,0.19892181799999997
002301.SZ,002301,齐心集团,20130802,6.26,5.74,6.57,5.64,5.74,0.52,0.0906,42892721.0,267926344.0,267926.344,26792.6344,267.926344,2.6792634399999997,0.267926344
002301.SZ,002301,齐心集团,20130726,5.74,5.12,5.82,5.03,5.2,0.54,0.1038,16556264.0,90787344.0,90787.344,9078.7344,90.78734399999999,0.9078734399999999,0.09078734399999999
002301.SZ,002301,齐心集团,20130719,5.2,4.92,5.36,4.85,5.1,0.1,0.0196,15377078.0,78591904.0,78591.904,7859.1903999999995,78.591904,0.78591904,0.078591904
002301.SZ,002301,齐心集团,20130712,5.1,4.83,5.2,4.63,4.9,0.2,0.0408,8568938.0,42494124.0,42494.124,4249.4124,42.494124,0.42494124,0.042494124
002301.SZ,002301,齐心集团,20130705,4.9,4.86,5.06,4.73,4.91,-0.01,-0.002,9376233.0,46160780.0,46160.78,4616.0779999999995,46.160779999999995,0.46160779999999996,0.04616078
002301.SZ,002301,齐心集团,20130628,4.91,5.15,5.2,4.3,5.14,-0.23,-0.0447,11703345.0,55620450.0,55620.45,5562.045,55.62045,0.5562045,0.05562045
002301.SZ,002301,齐心集团,20130621,5.14,5.72,5.72,4.98,5.68,-0.54,-0.0951,8097412.0,43752022.0,43752.022,4375.2022,43.752022,0.43752021999999996,0.043752021999999995
002301.SZ,002301,齐心集团,20130614,5.68,5.62,5.8,5.56,5.89,-0.21,-0.0357,3634575.0,20568345.0,20568.345,2056.8345,20.568345,0.20568345000000002,0.020568345000000002
002301.SZ,002301,齐心集团,20130607,5.89,6.39,6.42,5.89,6.41,-0.52,-0.0811,11339160.0,69359404.0,69359.404,6935.9403999999995,69.359404,0.69359404,0.069359404
002301.SZ,002301,齐心集团,20130531,6.41,6.6,6.71,6.39,6.58,-0.17,-0.0258,14133557.0,92121841.0,92121.841,9212.1841,92.121841,0.92121841,0.09212184100000001
002301.SZ,002301,齐心集团,20130524,6.58,6.37,6.65,6.31,6.35,0.23,0.0362,16643584.0,108791064.0,108791.064,10879.1064,108.791064,1.08791064,0.108791064
002301.SZ,002301,齐心集团,20130517,6.35,6.4,6.55,6.23,6.4,-0.05,-0.0078,11295286.0,71901241.0,71901.241,7190.124099999999,71.90124099999998,0.7190124099999998,0.07190124099999998
002301.SZ,002301,齐心集团,20130510,6.4,6.21,6.43,6.15,6.24,0.16,0.0256,13975518.0,88041471.0,88041.471,8804.1471,88.041471,0.88041471,0.08804147100000001
002301.SZ,002301,齐心集团,20130503,6.24,5.86,6.29,5.76,5.86,0.38,0.0648,5922165.0,36278622.0,36278.622,3627.8622000000005,36.278622000000006,0.36278622000000005,0.036278622
002301.SZ,002301,齐心集团,20130426,5.86,6.1,6.19,5.85,6.13,-0.27,-0.044,8072626.0,48507474.0,48507.474,4850.7474,48.507474,0.48507474,0.048507474
002301.SZ,002301,齐心集团,20130419,6.13,5.9,6.17,5.67,5.95,0.18,0.0303,7548273.0,45158155.0,45158.155,4515.8155,45.158154999999994,0.45158154999999994,0.04515815499999999
002301.SZ,002301,齐心集团,20130412,5.95,5.77,5.98,5.65,5.87,0.08,0.0136,6096034.0,35461081.0,35461.081,3546.1081,35.461081,0.35461081,0.035461081
002301.SZ,002301,齐心集团,20130403,5.87,5.96,6.05,5.78,5.96,-0.09,-0.0151,3879357.0,23035181.0,23035.181,2303.5181000000002,23.035181,0.23035181000000002,0.023035181000000002
002301.SZ,002301,齐心集团,20130329,5.96,6.1,6.19,5.9,6.1,-0.14,-0.023,13594711.0,82539532.0,82539.532,8253.9532,82.539532,0.8253953199999999,0.082539532
002301.SZ,002301,齐心集团,20130322,6.1,5.95,6.26,5.9,5.95,0.15,0.0252,19642084.0,120000783.0,120000.783,12000.0783,120.000783,1.2000078299999999,0.12000078299999999
002301.SZ,002301,齐心集团,20130315,5.95,6.27,6.55,5.83,6.28,-0.33,-0.0525,15716509.0,97428368.0,97428.368,9742.836800000001,97.428368,0.9742836800000001,0.09742836800000002
002301.SZ,002301,齐心集团,20130308,6.28,6.68,6.68,6.23,6.71,-0.43,-0.0641,25711585.0,165472296.0,165472.296,16547.2296,165.472296,1.65472296,0.165472296
002301.SZ,002301,齐心集团,20130301,6.71,6.89,6.89,6.31,6.87,-0.16,-0.0233,29766555.0,196758170.0,196758.17,19675.817000000003,196.75817000000004,1.9675817000000004,0.19675817000000004
002301.SZ,002301,齐心集团,20130222,6.87,7.21,7.66,6.7,7.16,-0.29,-0.0405,48229724.0,346581052.0,346581.052,34658.105200000005,346.58105200000006,3.4658105200000007,0.34658105200000006
002301.SZ,002301,齐心集团,20130208,7.16,7.12,7.2,6.54,7.1,0.06,0.0085,33445392.0,228355400.0,228355.4,22835.54,228.3554,2.283554,0.22835540000000001
002301.SZ,002301,齐心集团,20130201,7.1,6.14,7.63,6.11,6.17,0.93,0.1507,68821449.0,480281124.0,480281.124,48028.1124,480.281124,4.80281124,0.48028112399999995
002301.SZ,002301,齐心集团,20130125,6.17,5.72,6.2,5.7,5.76,0.41,0.0712,28378296.0,168997996.0,168997.996,16899.799600000002,168.99799600000003,1.6899799600000003,0.16899799600000004
002301.SZ,002301,齐心集团,20130118,5.76,5.3,5.85,5.27,5.32,0.44,0.0827,13414997.0,75924651.0,75924.651,7592.465099999999,75.924651,0.75924651,0.075924651
002301.SZ,002301,齐心集团,20130111,5.32,5.32,5.59,5.29,5.35,-0.03,-0.0056,9522015.0,51916175.0,51916.175,5191.6175,51.916175,0.51916175,0.051916174999999995
002301.SZ,002301,齐心集团,20130104,5.35,5.35,5.43,5.27,5.35,0.0,0.0,3324960.0,17807522.0,17807.522,1780.7522000000001,17.807522000000002,0.17807522000000003,0.017807522000000003
002301.SZ,002301,齐心集团,20121228,5.35,5.14,5.5,5.08,5.14,0.21,0.0409,8559832.0,45321396.0,45321.396,4532.1396,45.32139600000001,0.4532139600000001,0.04532139600000001
002301.SZ,002301,齐心集团,20121221,5.14,5.04,5.29,5.02,5.03,0.11,0.0219,7348035.0,37823927.0,37823.927,3782.3927000000003,37.823927000000005,0.37823927000000007,0.03782392700000001
002301.SZ,002301,齐心集团,20121214,5.03,4.85,5.06,4.77,4.83,0.2,0.0414,6984246.0,34311537.0,34311.537,3431.1537,34.311537,0.34311537000000003,0.034311537
002301.SZ,002301,齐心集团,20121207,4.83,4.83,4.85,4.45,4.83,0.0,0.0,6437120.0,30432190.0,30432.19,3043.219,30.432190000000002,0.30432190000000003,0.030432190000000005
002301.SZ,002301,齐心集团,20121130,4.83,5.32,5.39,4.75,5.31,-0.48,-0.0904,3771066.0,19133818.0,19133.818,1913.3817999999999,19.133817999999998,0.19133817999999997,0.019133817999999997
002301.SZ,002301,齐心集团,20121123,5.31,5.31,5.37,5.22,5.36,-0.05,-0.0093,3018048.0,16053981.0,16053.981,1605.3980999999999,16.053981,0.16053981,0.016053981000000002
002301.SZ,002301,齐心集团,20121116,5.36,5.52,5.58,5.2,5.5,-0.14,-0.0255,5061808.0,27315667.0,27315.667,2731.5667000000003,27.315667000000005,0.27315667000000005,0.027315667000000005
002301.SZ,002301,齐心集团,20121109,5.5,5.74,5.76,5.48,5.74,-0.24,-0.0418,6608797.0,37380555.0,37380.555,3738.0555,37.380555,0.37380555,0.037380554999999996
002301.SZ,002301,齐心集团,20121102,5.74,5.42,5.74,5.36,5.42,0.32,0.059,8190036.0,45833538.0,45833.538,4583.3538,45.833538,0.45833537999999996,0.04583353799999999
002301.SZ,002301,齐心集团,20121026,5.42,5.47,5.71,5.36,5.48,-0.06,-0.0109,7386022.0,41098871.0,41098.871,4109.8871,41.098871,0.41098871000000003,0.041098871
002301.SZ,002301,齐心集团,20121019,5.48,5.58,5.59,5.35,5.6,-0.12,-0.0214,5942910.0,32472919.0,32472.919,3247.2919,32.472919000000005,0.32472919000000006,0.032472919
002301.SZ,002301,齐心集团,20121012,5.6,5.45,5.78,5.3,5.45,0.15,0.0275,9455726.0,52666718.0,52666.718,5266.6718,52.666718,0.52666718,0.052666718
002301.SZ,002301,齐心集团,20120928,5.45,5.46,5.62,5.17,5.5,-0.05,-0.0091,5107320.0,27633836.0,27633.836,2763.3836,27.633836000000002,0.27633836,0.027633836000000002
002301.SZ,002301,齐心集团,20120921,5.5,6.1,6.1,5.49,6.13,-0.63,-0.1028,6062754.0,34920240.0,34920.24,3492.024,34.92024,0.3492024,0.034920240000000005
002301.SZ,002301,齐心集团,20120914,6.13,6.2,6.24,6.04,6.15,-0.02,-0.0033,10303721.0,63395729.0,63395.729,6339.5729,63.395729,0.63395729,0.063395729
002301.SZ,002301,齐心集团,20120907,6.15,5.83,6.22,5.73,5.78,0.37,0.064,9123238.0,54383659.0,54383.659,5438.3659,54.383658999999994,0.54383659,0.054383658999999994
002301.SZ,002301,齐心集团,20120831,5.78,6.1,6.18,5.53,6.11,-0.33,-0.054,8553292.0,50413516.0,50413.516,5041.3516,50.413516,0.50413516,0.050413516000000005
002301.SZ,002301,齐心集团,20120824,6.11,6.14,6.41,6.1,6.18,-0.07,-0.0113,13363662.0,83582941.0,83582.941,8358.294100000001,83.582941,0.8358294100000001,0.08358294100000001
002301.SZ,002301,齐心集团,20120817,6.18,6.41,6.45,6.07,6.38,-0.2,-0.0313,13953915.0,86725882.0,86725.882,8672.5882,86.725882,0.86725882,0.086725882
002301.SZ,002301,齐心集团,20120810,6.38,5.83,6.94,5.83,5.87,0.51,0.0869,41533801.0,269857190.0,269857.19,26985.719,269.85719,2.6985719,0.26985719
002301.SZ,002301,齐心集团,20120803,5.87,5.92,5.99,5.63,5.92,-0.05,-0.0084,5195236.0,30249164.0,30249.164,3024.9164,30.249164,0.30249164,0.030249164000000002
002301.SZ,002301,齐心集团,20120727,5.92,5.77,5.98,5.6,5.82,0.1,0.0172,6254133.0,36661453.0,36661.453,3666.1453,36.661453,0.36661453,0.036661453
002301.SZ,002301,齐心集团,20120720,5.82,5.94,6.03,5.6,6.04,-0.22,-0.0364,9373952.0,54661568.0,54661.568,5466.1568,54.661567999999995,0.5466156799999999,0.054661567999999994
002301.SZ,002301,齐心集团,20120713,6.04,5.95,6.08,5.51,6.03,0.01,0.0017,10386860.0,60045646.0,60045.646,6004.5646,60.045646,0.60045646,0.060045645999999994
002301.SZ,002301,齐心集团,20120706,6.03,12.88,13.09,5.71,12.79,-6.76,-0.5285,10919088.0,104879583.0,104879.583,10487.9583,104.879583,1.04879583,0.104879583
002301.SZ,002301,齐心集团,20120629,12.79,13.01,13.02,12.2,13.15,-0.36,-0.0274,6967324.0,88367599.0,88367.599,8836.759900000001,88.36759900000001,0.8836759900000001,0.088367599
002301.SZ,002301,齐心集团,20120621,13.15,12.91,13.23,12.88,12.91,0.24,0.0186,5600622.0,73363810.0,73363.81,7336.380999999999,73.36381,0.7336381,0.07336381
002301.SZ,002301,齐心集团,20120615,12.91,12.41,13.07,12.41,12.52,0.39,0.0312,6058917.0,78061694.0,78061.694,7806.169400000001,78.061694,0.78061694,0.078061694
002301.SZ,002301,齐心集团,20120608,12.52,12.61,12.67,12.24,12.87,-0.35,-0.0272,4416955.0,55120852.0,55120.852,5512.0851999999995,55.12085199999999,0.5512085199999999,0.055120851999999984
002301.SZ,002301,齐心集团,20120601,12.87,12.4,13.0,12.24,12.4,0.47,0.0379,6126534.0,78137064.0,78137.064,7813.7064,78.137064,0.78137064,0.078137064
002301.SZ,002301,齐心集团,20120525,12.4,12.91,13.07,12.36,12.91,-0.51,-0.0395,5402179.0,69085943.0,69085.943,6908.5943,69.085943,0.69085943,0.06908594300000001
002301.SZ,002301,齐心集团,20120518,12.91,13.32,13.59,12.9,13.21,-0.3,-0.0227,7562400.0,99558600.0,99558.6,9955.86,99.55860000000001,0.9955860000000001,0.09955860000000001
002301.SZ,002301,齐心集团,20120511,13.21,12.99,13.59,12.9,12.98,0.23,0.0177,12537358.0,167057755.0,167057.755,16705.7755,167.057755,1.67057755,0.167057755
002301.SZ,002301,齐心集团,20120504,12.98,12.78,13.0,12.67,12.65,0.33,0.0261,5103749.0,65697666.0,65697.666,6569.7666,65.697666,0.65697666,0.065697666
002301.SZ,002301,齐心集团,20120427,12.65,13.0,13.0,11.76,13.0,-0.35,-0.0269,12825585.0,159026562.0,159026.562,15902.656200000001,159.026562,1.59026562,0.159026562
002301.SZ,002301,齐心集团,20120420,13.0,12.7,13.07,12.61,12.81,0.19,0.0148,9012436.0,115793550.0,115793.55,11579.355,115.79355,1.1579355,0.11579355
002301.SZ,002301,齐心集团,20120413,12.81,12.93,13.04,12.0,12.93,-0.12,-0.0093,12862108.0,162328376.0,162328.376,16232.837599999999,162.328376,1.6232837599999999,0.162328376
002301.SZ,002301,齐心集团,20120406,12.93,12.25,12.95,12.13,12.15,0.78,0.0642,7323371.0,91763292.0,91763.292,9176.3292,91.763292,0.9176329200000001,0.09176329200000001
002301.SZ,002301,齐心集团,20120330,12.15,13.27,13.58,11.85,13.48,-1.33,-0.0987,11607572.0,147339278.0,147339.278,14733.9278,147.339278,1.4733927800000002,0.14733927800000002
002301.SZ,002301,齐心集团,20120323,13.48,14.28,14.38,13.36,14.38,-0.9,-0.0626,17699386.0,247197318.0,247197.318,24719.7318,247.19731800000002,2.4719731800000004,0.24719731800000005
002301.SZ,002301,齐心集团,20120316,14.38,13.78,15.65,13.6,13.85,0.53,0.0383,33574090.0,480795588.0,480795.588,48079.5588,480.795588,4.80795588,0.480795588
002301.SZ,002301,齐心集团,20120309,13.85,14.03,14.63,13.43,13.91,-0.06,-0.0043,30339950.0,421665124.0,421665.124,42166.5124,421.665124,4.21665124,0.421665124
002301.SZ,002301,齐心集团,20120302,13.91,12.38,13.99,12.25,12.51,1.4,0.1119,37151191.0,507174722.0,507174.722,50717.472200000004,507.17472200000003,5.071747220000001,0.507174722
002301.SZ,002301,齐心集团,20120224,12.51,11.99,12.62,11.73,11.89,0.62,0.0521,6592598.0,80334880.0,80334.88,8033.488,80.33488,0.8033488,0.08033488
002301.SZ,002301,齐心集团,20120217,11.89,11.4,11.96,11.26,11.41,0.48,0.0421,6430685.0,74639065.0,74639.065,7463.9065,74.639065,0.74639065,0.074639065
002301.SZ,002301,齐心集团,20120210,11.41,11.2,11.46,10.77,11.2,0.21,0.0188,6490175.0,72614563.0,72614.563,7261.4563,72.614563,0.72614563,0.072614563
002301.SZ,002301,齐心集团,20120203,11.2,10.75,11.5,10.57,10.71,0.49,0.0458,7790097.0,85928469.0,85928.469,8592.8469,85.928469,0.8592846900000001,0.08592846900000001
002301.SZ,002301,齐心集团,20120120,10.71,10.6,11.02,10.22,10.64,0.07,0.0066,2467640.0,26282337.0,26282.337,2628.2336999999998,26.282337,0.26282337,0.026282337
002301.SZ,002301,齐心集团,20120113,10.64,10.5,11.43,10.33,10.5,0.14,0.0133,2581813.0,28631181.0,28631.181,2863.1181,28.631181,0.28631181,0.028631181
002301.SZ,002301,齐心集团,20120106,10.5,11.4,11.4,10.1,11.1,-0.6,-0.0541,750032.0,8005315.0,8005.315,800.5314999999999,8.005315,0.08005314999999999,0.008005314999999999
002301.SZ,002301,齐心集团,20111230,11.1,11.51,11.65,10.57,11.51,-0.41,-0.0356,1437255.0,15839520.0,15839.52,1583.952,15.83952,0.1583952,0.015839520000000003
002301.SZ,002301,齐心集团,20111223,11.51,12.0,12.19,10.51,12.0,-0.49,-0.0408,2206493.0,25637958.0,25637.958,2563.7958,25.637957999999998,0.25637958,0.025637958
002301.SZ,002301,齐心集团,20111216,12.0,13.71,13.72,11.5,13.64,-1.64,-0.1202,3336304.0,41473203.0,41473.203,4147.3203,41.473203000000005,0.41473203000000003,0.041473203
002301.SZ,002301,齐心集团,20111209,13.64,13.64,13.97,13.22,13.66,-0.02,-0.0015,2347466.0,32046411.0,32046.411,3204.6411,32.046411,0.32046410999999997,0.032046411
002301.SZ,002301,齐心集团,20111202,13.66,14.3,14.5,13.4,14.57,-0.91,-0.0625,4341411.0,60233083.0,60233.083,6023.3083,60.23308299999999,0.60233083,0.060233083
002301.SZ,002301,齐心集团,20111125,14.57,14.7,15.04,14.38,14.71,-0.14,-0.0095,4428215.0,65262963.0,65262.963,6526.2963,65.262963,0.65262963,0.065262963
002301.SZ,002301,齐心集团,20111118,14.71,15.04,15.38,14.47,14.9,-0.19,-0.0128,5196911.0,77472472.0,77472.472,7747.2472,77.472472,0.7747247199999999,0.07747247199999999
002301.SZ,002301,齐心集团,20111111,14.9,14.91,16.45,14.83,14.91,-0.01,-0.0007,10289934.0,159696026.0,159696.026,15969.602600000002,159.69602600000002,1.5969602600000001,0.15969602600000002
002301.SZ,002301,齐心集团,20111104,14.91,14.6,15.6,14.55,14.76,0.15,0.0102,8187725.0,123465526.0,123465.526,12346.552599999999,123.465526,1.23465526,0.123465526
002301.SZ,002301,齐心集团,20111028,14.76,13.37,15.38,13.2,13.33,1.43,0.1073,4583886.0,67031522.0,67031.522,6703.1521999999995,67.031522,0.67031522,0.067031522
002301.SZ,002301,齐心集团,20111021,13.33,13.96,14.43,13.16,14.08,-0.75,-0.0533,900098.0,12332523.0,12332.523,1233.2522999999999,12.332522999999998,0.12332522999999998,0.012332522999999998
002301.SZ,002301,齐心集团,20111014,14.08,13.31,14.23,13.06,13.26,0.82,0.0618,1964912.0,26899566.0,26899.566,2689.9566,26.899566,0.26899566,0.026899566000000003
002301.SZ,002301,齐心集团,20110930,13.26,13.65,13.77,12.8,13.63,-0.37,-0.0271,3020329.0,39907105.0,39907.105,3990.7105,39.907105,0.39907105000000004,0.039907105000000005
002301.SZ,002301,齐心集团,20110923,13.63,14.88,14.88,13.4,14.71,-1.08,-0.0734,1551930.0,21805733.0,21805.733,2180.5733,21.805733,0.21805733,0.021805733
002301.SZ,002301,齐心集团,20110916,14.71,14.44,14.97,13.85,14.48,0.23,0.0159,1552435.0,22673349.0,22673.349,2267.3349,22.673348999999998,0.22673348999999998,0.022673349
002301.SZ,002301,齐心集团,20110909,14.48,14.75,14.97,13.97,14.94,-0.46,-0.0308,2733263.0,39666535.0,39666.535,3966.6535000000003,39.666535,0.39666535,0.039666535
002301.SZ,002301,齐心集团,20110902,14.94,15.08,15.49,14.56,15.08,-0.14,-0.0093,5541366.0,83212172.0,83212.172,8321.217200000001,83.21217200000001,0.8321217200000001,0.083212172
002301.SZ,002301,齐心集团,20110826,15.08,13.7,15.27,13.7,13.7,1.38,0.1007,6862628.0,101036769.0,101036.769,10103.6769,101.036769,1.01036769,0.101036769
002301.SZ,002301,齐心集团,20110819,13.7,13.58,14.19,13.26,13.69,0.01,0.0007,2687790.0,37078988.0,37078.988,3707.8988,37.078988,0.37078988,0.037078988
002301.SZ,002301,齐心集团,20110812,13.69,13.8,14.07,12.55,13.97,-0.28,-0.02,3980244.0,53652413.0,53652.413,5365.2413,53.652412999999996,0.53652413,0.053652412999999996
002301.SZ,002301,齐心集团,20110805,13.97,14.18,14.47,13.58,14.19,-0.22,-0.0155,2196393.0,31011479.0,31011.479,3101.1479,31.011478999999998,0.31011479,0.031011478999999998
002301.SZ,002301,齐心集团,20110729,14.19,14.67,14.67,13.92,14.67,-0.48,-0.0327,2103080.0,29840339.0,29840.339,2984.0339,29.840339,0.29840339,0.029840339
002301.SZ,002301,齐心集团,20110722,14.67,15.36,15.45,13.72,15.35,-0.68,-0.0443,5143749.0,77004651.0,77004.651,7700.465099999999,77.004651,0.7700465099999999,0.077004651
002301.SZ,002301,齐心集团,20110715,15.35,14.95,15.99,14.65,14.95,0.4,0.0268,12298661.0,186746842.0,186746.842,18674.6842,186.746842,1.8674684199999998,0.18674684199999997
002301.SZ,002301,齐心集团,20110708,14.95,14.1,15.19,14.1,14.08,0.87,0.0618,7257689.0,106467254.0,106467.254,10646.7254,106.467254,1.06467254,0.10646725399999998
002301.SZ,002301,齐心集团,20110701,14.08,14.03,14.28,13.91,14.04,0.04,0.0028,2460499.0,34706389.0,34706.389,3470.6389000000004,34.706389,0.34706389000000004,0.034706389000000004
002301.SZ,002301,齐心集团,20110624,14.04,13.32,14.21,13.32,13.44,0.6,0.0446,1740684.0,23865965.0,23865.965,2386.5965,23.865965000000003,0.23865965000000003,0.023865965000000003
002301.SZ,002301,齐心集团,20110617,13.44,13.61,14.48,13.33,13.83,-0.39,-0.0282,2073120.0,28810145.0,28810.145,2881.0145,28.810145000000002,0.28810145000000004,0.028810145000000002
002301.SZ,002301,齐心集团,20110610,13.83,13.4,14.15,13.35,13.46,0.37,0.0275,2404019.0,33038926.0,33038.926,3303.8926,33.038926000000004,0.33038926,0.033038926
002301.SZ,002301,齐心集团,20110603,13.46,13.73,13.74,13.18,13.73,-0.27,-0.0197,2057356.0,27513800.0,27513.8,2751.38,27.5138,0.275138,0.027513799999999998
002301.SZ,002301,齐心集团,20110527,13.73,14.31,15.41,13.7,14.5,-0.77,-0.0531,8172711.0,120399087.0,120399.087,12039.9087,120.399087,1.20399087,0.12039908699999999
002301.SZ,002301,齐心集团,20110520,14.5,14.45,14.69,14.13,14.56,-0.06,-0.0041,1952459.0,28053743.0,28053.743,2805.3743,28.053743,0.28053743000000003,0.028053743000000003
002301.SZ,002301,齐心集团,20110513,14.56,14.2,14.66,13.88,14.19,0.37,0.0261,2601514.0,37093280.0,37093.28,3709.328,37.09328,0.3709328,0.03709328
002301.SZ,002301,齐心集团,20110506,14.19,13.95,14.24,13.8,13.9,0.29,0.0209,1653795.0,23187546.0,23187.546,2318.7545999999998,23.187545999999998,0.23187545999999998,0.023187545999999996
002301.SZ,002301,齐心集团,20110429,13.9,15.04,15.14,13.71,15.11,-1.21,-0.0801,2623839.0,37617014.0,37617.014,3761.7014000000004,37.617014000000005,0.37617014000000004,0.037617014000000004
002301.SZ,002301,齐心集团,20110422,15.11,15.61,15.78,14.8,15.78,-0.67,-0.0425,5023081.0,76119931.0,76119.931,7611.9931,76.119931,0.76119931,0.076119931
002301.SZ,002301,齐心集团,20110415,15.78,16.15,16.27,15.6,16.15,-0.37,-0.0229,3379642.0,53622840.0,53622.84,5362.284,53.62284,0.5362283999999999,0.05362283999999999
002301.SZ,002301,齐心集团,20110408,16.15,15.8,16.2,15.66,15.88,0.27,0.017,1939001.0,30760720.0,30760.72,3076.072,30.760720000000003,0.3076072,0.030760720000000002
002301.SZ,002301,齐心集团,20110401,15.88,15.99,16.72,15.7,15.95,-0.07,-0.0044,9002171.0,147149238.0,147149.238,14714.9238,147.149238,1.47149238,0.147149238
002301.SZ,002301,齐心集团,20110325,15.95,15.55,16.0,15.38,15.59,0.36,0.0231,4779906.0,75042217.0,75042.217,7504.2217,75.042217,0.7504221699999999,0.075042217
002301.SZ,002301,齐心集团,20110318,15.59,16.3,16.68,15.45,16.4,-0.81,-0.0494,4215059.0,67487167.0,67487.167,6748.7167,67.487167,0.67487167,0.067487167
002301.SZ,002301,齐心集团,20110311,16.4,16.0,17.5,16.0,15.96,0.44,0.0276,7341117.0,123301666.0,123301.666,12330.1666,123.30166600000001,1.23301666,0.123301666
002301.SZ,002301,齐心集团,20110304,15.96,15.96,16.73,15.71,16.11,-0.15,-0.0093,6295336.0,102136783.0,102136.783,10213.6783,102.136783,1.02136783,0.102136783
002301.SZ,002301,齐心集团,20110225,16.11,15.26,16.42,15.06,15.31,0.8,0.0523,8284763.0,130545840.0,130545.84,13054.583999999999,130.54584,1.3054584,0.13054584
002301.SZ,002301,齐心集团,20110218,15.31,15.1,15.9,15.09,15.1,0.21,0.0139,5957390.0,91832247.0,91832.247,9183.2247,91.83224700000001,0.9183224700000001,0.091832247
002301.SZ,002301,齐心集团,20110211,15.1,14.6,15.22,14.3,14.66,0.44,0.03,2279030.0,33630137.0,33630.137,3363.0137000000004,33.630137000000005,0.33630137000000004,0.033630137000000004
002301.SZ,002301,齐心集团,20110201,14.66,14.6,14.7,14.43,14.62,0.04,0.0027,1064050.0,15520915.0,15520.915,1552.0915,15.520915,0.15520915000000002,0.015520915000000001
002301.SZ,002301,齐心集团,20110128,14.62,14.33,14.66,13.88,14.35,0.27,0.0188,3333023.0,47562594.0,47562.594,4756.2594,47.562594,0.47562593999999997,0.047562594
002301.SZ,002301,齐心集团,20110121,14.35,15.79,15.79,14.05,15.8,-1.45,-0.0918,4161423.0,61361340.0,61361.34,6136.134,61.36134,0.6136134,0.06136134
002301.SZ,002301,齐心集团,20110114,15.8,16.76,16.84,15.76,16.78,-0.98,-0.0584,4127752.0,66759551.0,66759.551,6675.955100000001,66.75955100000002,0.6675955100000002,0.06675955100000001
002301.SZ,002301,齐心集团,20110107,16.78,16.42,16.96,16.4,16.42,0.36,0.0219,4972679.0,82985918.0,82985.918,8298.5918,82.985918,0.82985918,0.082985918
002301.SZ,002301,齐心集团,20101231,16.42,17.19,17.35,15.76,17.21,-0.79,-0.0459,5919189.0,96458748.0,96458.748,9645.874800000001,96.45874800000001,0.9645874800000002,0.09645874800000001
002301.SZ,002301,齐心集团,20101224,17.21,18.28,18.33,16.91,18.35,-1.14,-0.0621,5385361.0,95759482.0,95759.482,9575.9482,95.759482,0.9575948200000001,0.095759482
002301.SZ,002301,齐心集团,20101217,18.35,17.75,18.77,17.63,17.6,0.75,0.0426,8997550.0,163837064.0,163837.064,16383.706400000001,163.837064,1.63837064,0.163837064
002301.SZ,002301,齐心集团,20101210,17.6,18.4,18.59,17.36,18.39,-0.79,-0.043,6827072.0,122219016.0,122219.016,12221.901600000001,122.21901600000001,1.22219016,0.122219016
002301.SZ,002301,齐心集团,20101203,18.39,19.88,20.16,18.1,19.82,-1.43,-0.0721,10974917.0,207703320.0,207703.32,20770.332000000002,207.70332000000002,2.0770332000000002,0.20770332000000002
002301.SZ,002301,齐心集团,20101126,19.82,21.0,21.75,19.75,21.3,-1.48,-0.0695,15890806.0,328268552.0,328268.552,32826.855200000005,328.26855200000006,3.2826855200000007,0.32826855200000005
002301.SZ,002301,齐心集团,20101119,21.3,19.22,21.35,19.0,19.22,2.08,0.1082,23080506.0,468532216.0,468532.216,46853.221600000004,468.53221600000006,4.685322160000001,0.4685322160000001
002301.SZ,002301,齐心集团,20101112,19.22,19.48,21.75,19.0,19.29,-0.07,-0.0036,17710296.0,363258936.0,363258.936,36325.893599999996,363.25893599999995,3.6325893599999994,0.3632589359999999
002301.SZ,002301,齐心集团,20101105,19.29,18.89,19.7,18.7,18.89,0.4,0.0212,12174642.0,232014664.0,232014.664,23201.466399999998,232.01466399999998,2.32014664,0.23201466399999998
002301.SZ,002301,齐心集团,20101029,18.89,18.1,20.1,18.08,17.98,0.91,0.0506,15138375.0,290709196.0,290709.196,29070.9196,290.709196,2.9070919600000003,0.290709196
002301.SZ,002301,齐心集团,20101022,17.98,18.29,18.29,17.05,18.48,-0.5,-0.0271,7498233.0,132097880.0,132097.88,13209.788,132.09788,1.3209788,0.13209788
002301.SZ,002301,齐心集团,20101015,18.48,18.6,19.27,18.26,18.72,-0.24,-0.0128,10337175.0,194085376.0,194085.376,19408.5376,194.085376,1.94085376,0.194085376
002301.SZ,002301,齐心集团,20101008,18.72,18.86,18.9,18.47,18.7,0.02,0.0011,1537757.0,28723156.0,28723.156,2872.3156,28.723156,0.28723156,0.028723156
002301.SZ,002301,齐心集团,20100930,18.7,17.4,18.8,17.15,17.11,1.59,0.0929,4461051.0,81141177.0,81141.177,8114.1177,81.141177,0.81141177,0.081141177
002301.SZ,002301,齐心集团,20100921,17.11,18.01,18.2,17.01,18.13,-1.02,-0.0563,1520324.0,26597506.0,26597.506,2659.7506000000003,26.597506000000003,0.26597506000000004,0.026597506000000003
002301.SZ,002301,齐心集团,20100917,18.13,18.64,19.2,17.7,18.64,-0.51,-0.0274,7871971.0,146908927.0,146908.927,14690.8927,146.908927,1.46908927,0.146908927
002301.SZ,002301,齐心集团,20100910,18.64,18.69,19.17,18.34,18.49,0.15,0.0081,10556860.0,198380948.0,198380.948,19838.0948,198.380948,1.98380948,0.198380948
002301.SZ,002301,齐心集团,20100903,18.49,18.23,18.67,17.9,18.23,0.26,0.0143,8055565.0,147592932.0,147592.932,14759.2932,147.592932,1.4759293199999999,0.14759293199999998
002301.SZ,002301,齐心集团,20100827,18.23,17.97,18.48,17.53,18.12,0.11,0.0061,6274731.0,113179433.0,113179.433,11317.9433,113.179433,1.13179433,0.113179433
002301.SZ,002301,齐心集团,20100820,18.12,18.47,19.24,18.1,18.48,-0.36,-0.0195,14153323.0,265963376.0,265963.376,26596.3376,265.963376,2.6596337599999997,0.265963376
002301.SZ,002301,齐心集团,20100813,18.48,19.29,19.68,17.88,19.25,-0.77,-0.04,8205504.0,153944848.0,153944.848,15394.4848,153.944848,1.5394484800000001,0.15394484800000002
002301.SZ,002301,齐心集团,20100806,19.25,19.48,19.48,18.5,19.43,-0.18,-0.0093,8698106.0,166586510.0,166586.51,16658.651,166.58651,1.6658651,0.16658651
002301.SZ,002301,齐心集团,20100730,19.43,18.29,19.92,18.11,18.18,1.25,0.0688,8317416.0,159358262.0,159358.262,15935.8262,159.358262,1.59358262,0.159358262
002301.SZ,002301,齐心集团,20100723,18.18,17.6,18.46,17.0,17.85,0.33,0.0185,5426162.0,97401686.0,97401.686,9740.1686,97.40168600000001,0.9740168600000001,0.09740168600000002
002301.SZ,002301,齐心集团,20100716,27.08,27.1,27.9,26.39,27.18,-0.1,-0.0037,2829706.0,76246271.0,76246.271,7624.6271,76.246271,0.7624627099999999,0.07624627099999999
002301.SZ,002301,齐心集团,20100709,27.18,25.62,27.61,24.58,25.4,1.78,0.0701,3938353.0,102305754.0,102305.754,10230.5754,102.305754,1.02305754,0.102305754
002301.SZ,002301,齐心集团,20100702,25.4,27.86,28.0,24.9,27.87,-2.47,-0.0886,1040312.0,27164311.0,27164.311,2716.4311000000002,27.164311,0.27164311,0.027164311000000003
002301.SZ,002301,齐心集团,20100625,27.87,27.0,28.35,26.45,27.08,0.79,0.0292,956783.0,26573369.0,26573.369,2657.3369,26.573369,0.26573369,0.026573369000000003
002301.SZ,002301,齐心集团,20100618,27.08,29.02,29.2,26.47,28.99,-1.91,-0.0659,982343.0,27207852.0,27207.852,2720.7852,27.207852,0.27207852,0.027207851999999998
002301.SZ,002301,齐心集团,20100611,28.99,27.38,29.4,27.3,27.9,1.09,0.0391,3110126.0,88968851.0,88968.851,8896.8851,88.968851,0.88968851,0.088968851
002301.SZ,002301,齐心集团,20100604,27.9,28.09,28.65,27.01,28.09,-0.19,-0.0068,2323270.0,65045965.0,65045.965,6504.5965,65.045965,0.65045965,0.065045965
002301.SZ,002301,齐心集团,20100528,28.09,27.4,28.99,26.99,27.55,0.54,0.0196,3135975.0,87698392.0,87698.392,8769.8392,87.698392,0.87698392,0.087698392
002301.SZ,002301,齐心集团,20100521,27.55,26.51,27.63,25.51,26.91,0.64,0.0238,2547460.0,68108217.0,68108.217,6810.8217,68.10821700000001,0.6810821700000002,0.06810821700000001
002301.SZ,002301,齐心集团,20100514,26.91,28.15,29.49,25.41,28.79,-1.88,-0.0653,3112523.0,84684541.0,84684.541,8468.454099999999,84.684541,0.8468454099999999,0.08468454099999999
002301.SZ,002301,齐心集团,20100507,28.79,28.48,30.4,28.06,28.63,0.16,0.0056,2589390.0,75529270.0,75529.27,7552.927000000001,75.52927000000001,0.7552927000000002,0.07552927000000001
002301.SZ,002301,齐心集团,20100430,28.63,33.47,33.47,27.82,33.85,-5.22,-0.1542,4673641.0,144517371.0,144517.371,14451.737100000002,144.51737100000003,1.4451737100000002,0.144517371
002301.SZ,002301,齐心集团,20100423,33.85,33.5,34.08,32.3,33.53,0.32,0.0095,3669772.0,122186758.0,122186.758,12218.6758,122.18675800000001,1.22186758,0.122186758
002301.SZ,002301,齐心集团,20100416,33.53,36.58,36.75,33.1,36.25,-2.72,-0.075,5179101.0,180962483.0,180962.483,18096.2483,180.962483,1.80962483,0.180962483
002301.SZ,002301,齐心集团,20100409,36.25,35.39,36.5,34.4,35.5,0.75,0.0211,6994716.0,248077564.0,248077.564,24807.756400000002,248.07756400000002,2.48077564,0.248077564
002301.SZ,002301,齐心集团,20100402,35.5,35.51,36.2,34.31,35.44,0.06,0.0017,6603823.0,232364196.0,232364.196,23236.4196,232.36419600000002,2.3236419600000002,0.23236419600000002
002301.SZ,002301,齐心集团,20100326,35.44,35.01,36.16,35.01,35.17,0.27,0.0077,3353813.0,119381930.0,119381.93,11938.193,119.38193,1.1938193,0.11938193
002301.SZ,002301,齐心集团,20100319,35.17,33.69,36.08,33.3,33.9,1.27,0.0375,2158752.0,74381929.0,74381.929,7438.1929,74.381929,0.74381929,0.074381929
002301.SZ,002301,齐心集团,20100312,33.9,31.66,34.58,31.66,31.89,2.01,0.063,2978470.0,99617326.0,99617.326,9961.7326,99.61732599999999,0.99617326,0.09961732599999999
002301.SZ,002301,齐心集团,20100305,31.89,33.5,33.7,31.66,33.29,-1.4,-0.0421,3821881.0,126079440.0,126079.44,12607.944,126.07943999999999,1.2607944,0.12607944
002301.SZ,002301,齐心集团,20100226,33.29,32.0,33.49,30.78,32.08,1.21,0.0377,3003341.0,97463206.0,97463.206,9746.320600000001,97.46320600000001,0.9746320600000001,0.09746320600000001
002301.SZ,002301,齐心集团,20100212,32.08,31.05,32.28,31.05,31.52,0.56,0.0178,1154292.0,36691041.0,36691.041,3669.1040999999996,36.691041,0.36691040999999996,0.036691040999999994
002301.SZ,002301,齐心集团,20100205,31.52,31.8,32.39,30.15,32.2,-0.68,-0.0211,2846733.0,89170270.0,89170.27,8917.027,89.17027,0.8917027000000001,0.08917027000000001
002301.SZ,002301,齐心集团,20100129,32.2,33.0,33.49,31.52,32.51,-0.31,-0.0095,4196617.0,136794226.0,136794.226,13679.4226,136.794226,1.3679422600000002,0.13679422600000002
002301.SZ,002301,齐心集团,20100122,32.51,38.07,38.69,31.88,38.21,-5.7,-0.1492,7806601.0,268461872.0,268461.872,26846.187199999997,268.46187199999997,2.6846187199999996,0.26846187199999993
002301.SZ,002301,齐心集团,20100115,38.21,36.08,39.26,35.62,36.3,1.91,0.0526,4164269.0,158033258.0,158033.258,15803.3258,158.03325800000002,1.58033258,0.158033258
002301.SZ,002301,齐心集团,20100108,36.3,35.23,37.5,34.38,35.2,1.1,0.0313,4063209.0,144225378.0,144225.378,14422.5378,144.225378,1.4422537800000002,0.14422537800000002
002301.SZ,002301,齐心集团,20091231,35.2,35.3,36.3,34.21,35.82,-0.62,-0.0173,2469559.0,87151754.0,87151.754,8715.1754,87.151754,0.8715175399999999,0.087151754
002301.SZ,002301,齐心集团,20091225,35.82,34.4,36.36,33.01,33.61,2.21,0.0658,2421070.0,84215710.0,84215.71,8421.571,84.21571,0.8421571,0.08421571
002301.SZ,002301,齐心集团,20091218,33.61,37.06,37.8,33.5,37.0,-3.39,-0.0916,3119290.0,110387892.0,110387.892,11038.789200000001,110.38789200000001,1.10387892,0.11038789200000002
002301.SZ,002301,齐心集团,20091211,37.0,36.38,38.5,35.58,36.38,0.62,0.017,4285750.0,159904480.0,159904.48,15990.448,159.90448,1.5990448000000002,0.15990448000000002
002301.SZ,002301,齐心集团,20091204,36.38,32.39,38.84,32.11,32.19,4.19,0.1302,10210344.0,364256500.0,364256.5,36425.65,364.2565,3.6425650000000003,0.36425650000000004
002301.SZ,002301,齐心集团,20091127,32.19,35.64,36.0,31.2,35.65,-3.46,-0.0971,10597113.0,358427588.0,358427.588,35842.758799999996,358.42758799999996,3.5842758799999994,0.35842758799999996
002301.SZ,002301,齐心集团,20091120,35.65,34.0,36.46,33.98,33.39,2.26,0.0677,7731726.0,273564548.0,273564.548,27356.4548,273.564548,2.73564548,0.273564548
002301.SZ,002301,齐心集团,20091113,33.39,33.77,35.35,32.75,34.1,-0.71,-0.0208,10990607.0,371774228.0,371774.228,37177.4228,371.774228,3.71774228,0.371774228
002301.SZ,002301,齐心集团,20091106,34.1,28.72,34.9,28.72,30.14,3.96,0.1314,18807792.0,599610888.0,599610.888,59961.088800000005,599.610888,5.99610888,0.5996108880000001
002301.SZ,002301,齐心集团,20091030,30.14,31.51,31.89,29.58,32.0,-1.86,-0.0581,24296021.0,740959784.0,740959.784,74095.97839999999,740.9597839999999,7.409597839999999,0.740959784
002301.SZ,002301,齐心集团,20091023,32.0,28.31,32.79,27.71,20.0,12.0,0.6,44400133.0,1342416192.0,1342416.192,134241.61920000002,1342.4161920000001,13.424161920000001,1.3424161920000002
