ts_code,code,name,trade_date,close,open,high,low,pre_close,change,pct_chg,vol,amount,1K_amount,10K_amount,1M_amount,100M_amount,1B_amount
002651.SZ,002651,利君股份,20200320,4.76,4.57,4.8,4.27,4.53,0.23,0.0508,34765477.0,158179447.13,158179.44713,15817.944712999999,158.17944713,1.5817944713,0.15817944713
002651.SZ,002651,利君股份,20200313,4.53,4.8,4.85,4.3,4.78,-0.25,-0.0523,35137604.0,164000915.9,164000.9159,16400.09159,164.0009159,1.6400091589999999,0.1640009159
002651.SZ,002651,利君股份,20200306,4.78,4.35,4.84,4.28,4.26,0.52,0.1221,36555194.0,170189855.51,170189.85551,17018.985550999998,170.18985550999997,1.7018985550999997,0.17018985550999996
002651.SZ,002651,利君股份,20200228,4.26,4.71,4.73,4.24,4.7,-0.44,-0.0936,30486242.0,138052870.95,138052.87094999998,13805.287094999998,138.05287094999997,1.3805287094999996,0.13805287094999996
002651.SZ,002651,利君股份,20200221,4.7,4.24,4.9,4.24,4.24,0.46,0.1085,55905360.0,259957325.67,259957.32567,25995.732567,259.95732567,2.5995732567,0.25995732566999996
002651.SZ,002651,利君股份,20200214,4.24,4.21,4.34,4.15,4.21,0.03,0.0071,20396351.0,86823862.33,86823.86233,8682.386233000001,86.82386233000001,0.8682386233000001,0.08682386233000002
002651.SZ,002651,利君股份,20200207,4.21,4.23,4.23,3.81,4.7,-0.49,-0.1043,25747000.0,105645764.36,105645.76436,10564.576436,105.64576435999999,1.0564576436,0.10564576435999999
002651.SZ,002651,利君股份,20200123,4.7,4.98,4.99,4.67,5.01,-0.31,-0.0619,18018995.0,87592430.29,87592.43029,8759.243029000001,87.59243029000001,0.8759243029000001,0.08759243029000001
002651.SZ,002651,利君股份,20200117,5.01,4.85,5.12,4.83,4.88,0.13,0.0266,28238886.0,140458960.58,140458.96058,14045.896058000002,140.45896058000002,1.4045896058000003,0.14045896058000001
002651.SZ,002651,利君股份,20200110,4.88,4.88,5.08,4.85,4.87,0.01,0.0021,28801710.0,142566844.9,142566.8449,14256.68449,142.5668449,1.425668449,0.1425668449
002651.SZ,002651,利君股份,20200103,4.87,4.82,4.93,4.78,4.85,0.02,0.0041,20722371.0,100717650.92,100717.65092,10071.765092,100.71765092,1.0071765092,0.10071765092
002651.SZ,002651,利君股份,20191227,4.85,4.55,4.96,4.54,4.63,0.22,0.0475,29200889.0,139649091.26,139649.09126,13964.909125999999,139.64909125999998,1.3964909125999998,0.13964909125999997
002651.SZ,002651,利君股份,20191220,4.63,4.5,4.73,4.49,4.5,0.13,0.0289,14179269.0,65717044.4,65717.0444,6571.7044399999995,65.71704439999999,0.6571704439999999,0.0657170444
002651.SZ,002651,利君股份,20191213,4.5,4.62,4.62,4.46,4.62,-0.12,-0.026,9610050.0,43537903.61,43537.90361,4353.790361,43.53790361,0.4353790361,0.04353790361
002651.SZ,002651,利君股份,20191206,4.62,4.57,4.65,4.53,4.57,0.05,0.0109,6437681.0,29642028.49,29642.028489999997,2964.202849,29.642028489999998,0.2964202849,0.02964202849
002651.SZ,002651,利君股份,20191129,4.57,4.64,4.66,4.5,4.64,-0.07,-0.0151,6532950.0,29810021.0,29810.021,2981.0021,29.810021000000003,0.29810021000000003,0.029810021000000003
002651.SZ,002651,利君股份,20191122,4.64,4.56,4.9,4.53,4.57,0.07,0.0153,31140141.0,148499526.88,148499.52688,14849.952688,148.49952688,1.4849952687999999,0.14849952687999998
002651.SZ,002651,利君股份,20191115,4.57,4.69,4.73,4.48,4.71,-0.14,-0.0297,13441919.0,61960432.7,61960.432700000005,6196.04327,61.9604327,0.619604327,0.0619604327
002651.SZ,002651,利君股份,20191108,4.71,4.84,4.94,4.7,4.84,-0.13,-0.0269,12687678.0,60776040.81,60776.040810000006,6077.604081,60.776040810000005,0.6077604081000001,0.06077604081000001
002651.SZ,002651,利君股份,20191101,4.84,4.68,4.95,4.67,4.69,0.15,0.032,22262087.0,107557427.56,107557.42756,10755.742756,107.55742756,1.0755742756,0.10755742756
002651.SZ,002651,利君股份,20191025,4.69,5.0,5.09,4.59,5.05,-0.36,-0.0713,22134282.0,106945038.92,106945.03892,10694.503892,106.94503892,1.0694503892,0.10694503892
002651.SZ,002651,利君股份,20191018,5.05,5.23,5.35,4.9,5.21,-0.16,-0.0307,64421407.0,333664857.43,333664.85743000003,33366.485743000005,333.66485743000004,3.3366485743000003,0.33366485743
002651.SZ,002651,利君股份,20191011,5.21,5.06,5.28,4.98,5.01,0.2,0.0399,53145135.0,273207738.6,273207.73860000004,27320.773860000005,273.2077386,2.7320773860000003,0.2732077386
002651.SZ,002651,利君股份,20190930,5.01,5.11,5.11,4.94,5.11,-0.1,-0.0196,6536100.0,32877654.0,32877.654,3287.7654,32.877654,0.32877654,0.032877654
002651.SZ,002651,利君股份,20190927,5.11,4.72,5.28,4.65,4.71,0.4,0.0849,87997229.0,447243106.11,447243.10611,44724.310611,447.24310611,4.4724310611,0.44724310611
002651.SZ,002651,利君股份,20190920,4.71,4.77,5.0,4.45,4.74,-0.03,-0.0063,19249936.0,89493616.02,89493.61602,8949.361602,89.49361602,0.8949361602,0.08949361602
002651.SZ,002651,利君股份,20190912,4.74,4.78,4.8,4.68,4.71,0.03,0.0064,11263879.0,53258574.58,53258.57458,5325.857458,53.25857458,0.5325857458000001,0.05325857458000001
002651.SZ,002651,利君股份,20190906,4.71,4.53,4.88,4.53,4.54,0.17,0.0374,23130588.0,109271468.74,109271.46874,10927.146874,109.27146874,1.0927146874,0.10927146874
002651.SZ,002651,利君股份,20190830,4.54,4.39,4.67,4.36,4.49,0.05,0.0111,15825726.0,72105559.56,72105.55956000001,7210.555956000001,72.10555956000002,0.7210555956000002,0.07210555956000002
002651.SZ,002651,利君股份,20190823,4.49,4.34,4.49,4.34,4.32,0.17,0.0394,11994431.0,53134080.13,53134.08013,5313.408013,53.13408013,0.5313408013,0.053134080130000004
002651.SZ,002651,利君股份,20190816,4.32,4.22,4.56,4.19,4.22,0.1,0.0237,11000268.0,47683371.51,47683.37151,4768.337151,47.68337151,0.4768337151,0.04768337151
002651.SZ,002651,利君股份,20190809,4.22,4.46,4.48,4.14,4.44,-0.22,-0.0495,7500121.0,32227407.82,32227.40782,3222.740782,32.227407819999996,0.3222740782,0.03222740782
002651.SZ,002651,利君股份,20190802,4.44,4.66,4.69,4.4,4.65,-0.21,-0.0452,9138950.0,41719469.25,41719.46925,4171.946925,41.71946925,0.4171946925,0.04171946925
002651.SZ,002651,利君股份,20190726,4.65,4.79,4.84,4.63,4.83,-0.18,-0.0373,9751200.0,45753619.0,45753.619,4575.3619,45.753619,0.45753619,0.045753619
002651.SZ,002651,利君股份,20190719,4.83,4.82,5.02,4.74,4.82,0.01,0.0021,8374528.0,40931299.95,40931.29995,4093.1299950000002,40.93129995,0.40931299950000005,0.04093129995000001
002651.SZ,002651,利君股份,20190712,4.82,4.99,5.0,4.72,5.0,-0.18,-0.036,11636413.0,56174748.66,56174.74866,5617.474866,56.17474866,0.5617474866,0.056174748659999996
002651.SZ,002651,利君股份,20190705,5.0,4.95,5.39,4.95,4.88,0.12,0.0246,21350057.0,108506291.08,108506.29108,10850.629108,108.50629108,1.0850629108,0.10850629108000001
002651.SZ,002651,利君股份,20190628,4.88,4.96,5.03,4.86,4.97,-0.09,-0.0181,13146487.0,65157138.73,65157.13873,6515.713873,65.15713873,0.6515713873,0.06515713873
002651.SZ,002651,利君股份,20190621,4.97,4.77,5.02,4.5,4.73,0.24,0.0507,14750738.0,71552774.84,71552.77484,7155.277484,71.55277484,0.7155277484,0.07155277484
002651.SZ,002651,利君股份,20190614,4.73,4.67,4.97,4.66,4.66,0.07,0.015,12052847.0,58112493.87,58112.49387,5811.249387,58.11249387,0.5811249387,0.058112493870000004
002651.SZ,002651,利君股份,20190606,4.66,5.08,5.08,4.64,5.02,-0.36,-0.0717,10334555.0,49812773.42,49812.773420000005,4981.277342,49.812773420000006,0.49812773420000006,0.049812773420000005
002651.SZ,002651,利君股份,20190531,5.02,4.96,5.14,4.83,4.89,0.13,0.0266,13810287.0,69414329.26,69414.32926,6941.4329259999995,69.41432925999999,0.6941432925999999,0.06941432925999999
002651.SZ,002651,利君股份,20190524,4.89,4.94,5.17,4.83,4.96,-0.07,-0.0141,15801973.0,79601059.94,79601.05993999999,7960.105994,79.60105994,0.7960105994,0.07960105994
002651.SZ,002651,利君股份,20190517,4.96,5.43,5.43,4.88,5.27,-0.31,-0.0588,32315261.0,166322126.62,166322.12662,16632.212661999998,166.32212661999998,1.6632212661999999,0.16632212661999998
002651.SZ,002651,利君股份,20190510,5.27,4.99,5.27,4.65,5.15,0.12,0.0233,21488323.0,105910760.75,105910.76075,10591.076075,105.91076075000001,1.0591076075,0.10591076075000001
002651.SZ,002651,利君股份,20190430,5.15,5.27,5.32,4.93,5.25,-0.1,-0.019,8354793.0,42723963.88,42723.96388,4272.396388,42.72396388,0.4272396388,0.04272396388
002651.SZ,002651,利君股份,20190426,5.25,5.86,6.01,5.24,5.86,-0.61,-0.1041,39349580.0,224474472.72,224474.47272,22447.447271999998,224.47447271999997,2.2447447271999996,0.22447447271999996
002651.SZ,002651,利君股份,20190419,5.86,5.88,6.06,5.5,5.83,0.03,0.0051,44576985.0,259772101.1,259772.1011,25977.21011,259.7721011,2.597721011,0.2597721011
002651.SZ,002651,利君股份,20190412,5.83,5.77,5.98,5.55,5.75,0.08,0.0139,40382183.0,232079702.67,232079.70267,23207.970267,232.07970267000002,2.3207970267,0.23207970267000003
002651.SZ,002651,利君股份,20190404,5.75,5.52,5.79,5.5,5.48,0.27,0.0493,30124272.0,171758929.22,171758.92922,17175.892922,171.75892922,1.7175892922,0.17175892922
002651.SZ,002651,利君股份,20190329,5.48,5.48,5.88,5.29,5.63,-0.15,-0.0266,38616531.0,216293044.28,216293.04428,21629.304428,216.29304428,2.1629304428,0.21629304428
002651.SZ,002651,利君股份,20190322,5.63,5.54,5.68,5.43,5.55,0.08,0.0144,34573623.0,192551583.24,192551.58324,19255.158324,192.55158324,1.9255158324000001,0.19255158324000002
002651.SZ,002651,利君股份,20190315,5.55,5.42,6.0,5.39,5.45,0.1,0.0183,50993583.0,288549457.63,288549.45763,28854.945763000003,288.54945763,2.8854945763,0.28854945763
002651.SZ,002651,利君股份,20190308,5.45,5.35,6.36,5.2,5.3,0.15,0.0283,107776158.0,629583983.48,629583.98348,62958.398348,629.58398348,6.295839834800001,0.6295839834800001
002651.SZ,002651,利君股份,20190301,5.3,4.85,5.39,4.85,4.83,0.47,0.0973,52246177.0,265914946.64,265914.94664,26591.494663999998,265.91494664,2.6591494663999997,0.26591494664
002651.SZ,002651,利君股份,20190222,4.83,4.66,4.9,4.66,4.63,0.2,0.0432,30925380.0,147426467.58,147426.46758000003,14742.646758000003,147.42646758000004,1.4742646758000004,0.14742646758000005
002651.SZ,002651,利君股份,20190215,4.63,4.41,4.71,4.38,4.38,0.25,0.0571,21108902.0,96380254.96,96380.25495999999,9638.025495999998,96.38025495999999,0.9638025495999999,0.09638025496
002651.SZ,002651,利君股份,20190201,4.38,4.6,4.69,4.2,4.63,-0.25,-0.054,21230100.0,93885645.64,93885.64564,9388.564564,93.88564564,0.9388564564,0.09388564564
002651.SZ,002651,利君股份,20190125,4.63,4.76,4.99,4.6,4.78,-0.15,-0.0314,56424557.0,271872282.29,271872.28229,27187.228229,271.87228229,2.7187228229,0.27187228229
002651.SZ,002651,利君股份,20190118,4.78,4.69,4.94,4.57,4.7,0.08,0.017,48105651.0,228639166.17,228639.16616999998,22863.916617,228.63916616999998,2.2863916616999997,0.22863916616999996
002651.SZ,002651,利君股份,20190111,4.7,4.37,4.87,4.35,4.41,0.29,0.0658,55644771.0,256442791.71,256442.79171000002,25644.279171000002,256.44279171,2.5644279170999997,0.25644279170999995
002651.SZ,002651,利君股份,20190104,4.41,4.1,4.57,4.05,4.09,0.32,0.0782,15780182.0,68843725.86,68843.72586,6884.372586,68.84372586,0.6884372586,0.06884372586000001
002651.SZ,002651,利君股份,20181228,4.09,4.24,4.28,4.03,4.25,-0.16,-0.0376,8402608.0,34763507.73,34763.50773,3476.3507729999997,34.76350772999999,0.34763507729999993,0.03476350772999999
002651.SZ,002651,利君股份,20181221,4.25,4.23,4.3,4.18,4.25,0.0,0.0,7448094.0,31527128.15,31527.128149999997,3152.712815,31.52712815,0.3152712815,0.03152712815
002651.SZ,002651,利君股份,20181214,4.25,4.41,4.45,4.23,4.44,-0.19,-0.0428,12704593.0,55317906.1,55317.9061,5531.79061,55.3179061,0.553179061,0.0553179061
002651.SZ,002651,利君股份,20181207,4.44,4.52,4.77,4.43,4.38,0.06,0.0137,21097218.0,96583252.09,96583.25209000001,9658.325209,96.58325209,0.9658325209,0.09658325209
002651.SZ,002651,利君股份,20181130,4.38,4.29,4.53,4.26,4.29,0.09,0.021,10730517.0,47243199.21,47243.19921,4724.319921,47.24319921,0.4724319921,0.047243199209999996
002651.SZ,002651,利君股份,20181123,4.29,4.66,4.83,4.21,4.66,-0.37,-0.0794,21438506.0,98274483.17,98274.48317,9827.448317,98.27448317,0.9827448316999999,0.09827448317
002651.SZ,002651,利君股份,20181116,4.66,4.35,4.73,4.35,4.37,0.29,0.0664,23959632.0,109952506.83,109952.50683,10995.250683,109.95250683,1.0995250683,0.10995250682999999
002651.SZ,002651,利君股份,20181109,4.37,4.33,4.42,4.3,4.34,0.03,0.0069,12425173.0,54056213.82,54056.21382,5405.621381999999,54.056213819999996,0.5405621382,0.05405621382
002651.SZ,002651,利君股份,20181102,4.34,4.24,4.34,4.12,4.21,0.13,0.0309,10897324.0,46469942.59,46469.942590000006,4646.994259000001,46.46994259000001,0.4646994259000001,0.04646994259000001
002651.SZ,002651,利君股份,20181026,4.21,4.18,4.36,4.07,4.14,0.07,0.0169,10269474.0,43649466.56,43649.46656,4364.946656,43.64946656,0.4364946656,0.04364946656
002651.SZ,002651,利君股份,20181019,4.14,4.18,4.25,4.02,4.18,-0.04,-0.0096,9586240.0,39684956.65,39684.95665,3968.495665,39.68495665,0.3968495665,0.03968495665
002651.SZ,002651,利君股份,20181012,4.18,4.55,4.73,3.91,4.59,-0.41,-0.0893,17237125.0,76132715.47,76132.71547,7613.271546999999,76.13271547,0.7613271546999999,0.07613271546999999
002651.SZ,002651,利君股份,20180928,4.59,4.62,5.1,4.54,4.64,-0.05,-0.0108,28097829.0,134346564.86,134346.56486,13434.656486000002,134.34656486000003,1.3434656486000003,0.13434656486000002
002651.SZ,002651,利君股份,20180921,4.64,4.48,4.67,4.36,4.51,0.13,0.0288,15022240.0,68453657.77,68453.65776999999,6845.365776999999,68.45365776999999,0.6845365776999999,0.06845365776999998
002651.SZ,002651,利君股份,20180914,4.51,4.8,4.81,4.46,4.8,-0.29,-0.0604,12888070.0,58996407.85,58996.40785,5899.6407850000005,58.996407850000004,0.5899640785,0.05899640785
002651.SZ,002651,利君股份,20180907,4.8,4.82,4.97,4.78,4.87,-0.07,-0.0144,7989764.0,38970139.4,38970.1394,3897.01394,38.9701394,0.38970139400000003,0.038970139400000006
002651.SZ,002651,利君股份,20180831,4.87,4.93,5.08,4.85,4.93,-0.06,-0.0122,8836012.0,44074692.48,44074.69248,4407.469247999999,44.074692479999996,0.44074692479999994,0.04407469248
002651.SZ,002651,利君股份,20180824,4.93,4.9,4.99,4.78,4.9,0.03,0.0061,8563804.0,42123391.7,42123.3917,4212.33917,42.1233917,0.421233917,0.0421233917
002651.SZ,002651,利君股份,20180817,4.9,5.03,5.17,4.86,5.1,-0.2,-0.0392,9679724.0,48718962.94,48718.96294,4871.896294,48.718962940000004,0.48718962940000005,0.048718962940000006
002651.SZ,002651,利君股份,20180810,5.1,4.95,5.1,4.81,4.94,0.16,0.0324,10996125.0,54911129.76,54911.129759999996,5491.112975999999,54.911129759999994,0.5491112976,0.054911129759999996
002651.SZ,002651,利君股份,20180803,4.94,5.41,5.47,4.92,5.49,-0.55,-0.1002,16815307.0,87513555.95,87513.55595000001,8751.355595,87.51355595000001,0.8751355595000001,0.08751355595000002
002651.SZ,002651,利君股份,20180727,5.49,5.17,5.76,5.16,5.19,0.3,0.0578,36161223.0,196858953.54,196858.95354,19685.895354,196.85895354000002,1.9685895354000003,0.19685895354000002
002651.SZ,002651,利君股份,20180720,5.19,5.14,5.25,5.06,5.14,0.05,0.0097,13059124.0,67384723.06,67384.72306,6738.472306000001,67.38472306,0.6738472306,0.06738472306
002651.SZ,002651,利君股份,20180713,5.14,5.04,5.23,4.92,5.02,0.12,0.0239,14180097.0,72321279.14,72321.27914,7232.127914,72.32127914,0.7232127914,0.07232127914
002651.SZ,002651,利君股份,20180706,5.02,5.1,5.38,4.83,5.15,-0.13,-0.0252,20906602.0,107206258.03,107206.25803,10720.625802999999,107.20625802999999,1.0720625803,0.10720625802999999
002651.SZ,002651,利君股份,20180629,5.15,5.75,5.79,4.9,5.67,-0.52,-0.0917,22590774.0,120467328.96,120467.32896,12046.732896,120.46732895999999,1.2046732895999999,0.12046732895999998
002651.SZ,002651,利君股份,20180622,5.67,5.9,5.9,5.15,6.03,-0.36,-0.0597,20660985.0,115851823.06,115851.82306,11585.182305999999,115.85182305999999,1.1585182306,0.11585182306
002651.SZ,002651,利君股份,20180615,6.03,6.65,6.75,6.0,6.61,-0.58,-0.0877,22641657.0,143239095.18,143239.09518,14323.909518,143.23909518,1.4323909518,0.14323909518
002651.SZ,002651,利君股份,20180608,6.61,6.29,7.0,6.19,6.19,0.42,0.0679,35273555.0,233128332.5,233128.3325,23312.83325,233.1283325,2.331283325,0.23312833249999998
002651.SZ,002651,利君股份,20180601,6.19,6.82,6.86,6.15,6.84,-0.65,-0.095,21887361.0,140561903.01,140561.90300999998,14056.190300999999,140.56190300999998,1.4056190300999998,0.14056190301
002651.SZ,002651,利君股份,20180525,6.84,7.1,7.24,6.75,7.05,-0.21,-0.0298,29487620.0,206805454.45,206805.45445,20680.545445,206.80545444999998,2.0680545445,0.20680545444999998
002651.SZ,002651,利君股份,20180518,7.05,6.9,7.41,6.68,6.9,0.15,0.0217,35776963.0,248900021.02,248900.02102000001,24890.002102000002,248.90002102000003,2.4890002102000004,0.24890002102000003
002651.SZ,002651,利君股份,20180511,6.9,6.93,7.25,6.85,6.93,-0.03,-0.0043,30939203.0,219607945.51,219607.94551,21960.794551,219.60794550999998,2.1960794550999996,0.21960794550999996
002651.SZ,002651,利君股份,20180504,6.93,6.84,7.12,6.77,6.88,0.05,0.0073,16198217.0,113018827.97,113018.82797,11301.882797,113.01882797,1.1301882797,0.11301882797
002651.SZ,002651,利君股份,20180427,6.88,6.51,7.63,6.51,6.61,0.27,0.0408,85670082.0,612441654.75,612441.65475,61244.165475,612.44165475,6.1244165475,0.61244165475
002651.SZ,002651,利君股份,20180420,6.61,6.91,7.1,6.42,6.96,-0.35,-0.0503,49887535.0,340595363.97,340595.36397,34059.536397,340.59536397000005,3.4059536397000003,0.34059536397
002651.SZ,002651,利君股份,20180413,6.96,7.25,7.56,6.95,7.25,-0.29,-0.04,39982155.0,289789029.16,289789.02916000003,28978.902916000003,289.78902916000004,2.8978902916000004,0.28978902916000004
002651.SZ,002651,利君股份,20180404,7.25,7.9,8.0,7.18,7.91,-0.66,-0.0834,38687425.0,291296363.87,291296.36387,29129.636387,291.29636387,2.9129636387,0.29129636387
002651.SZ,002651,利君股份,20180330,7.91,7.34,8.27,7.19,7.42,0.49,0.066,133709380.0,1061665097.33,1061665.09733,106166.509733,1061.66509733,10.6166509733,1.0616650973300001
002651.SZ,002651,利君股份,20180323,7.42,7.5,8.16,7.15,7.46,-0.04,-0.0054,118150674.0,917065044.32,917065.0443200001,91706.50443200002,917.0650443200002,9.170650443200001,0.9170650443200001
002651.SZ,002651,利君股份,20180316,7.46,6.81,7.65,6.78,6.79,0.67,0.0987,77354453.0,573995641.64,573995.6416399999,57399.564163999996,573.9956416399999,5.739956416399999,0.5739956416399999
002651.SZ,002651,利君股份,20180309,6.79,6.53,7.07,6.53,6.48,0.31,0.0478,27353641.0,186339970.01,186339.97001,18633.997001,186.33997001,1.8633997001,0.18633997001
002651.SZ,002651,利君股份,20180302,6.48,6.32,6.62,6.24,6.32,0.16,0.0253,18461724.0,118701974.89,118701.97489,11870.197489,118.70197489,1.1870197489,0.11870197489
002651.SZ,002651,利君股份,20180223,6.32,6.13,6.5,6.13,6.07,0.25,0.0412,7508472.0,47244086.34,47244.08634,4724.408634,47.24408634,0.4724408634,0.047244086340000005
002651.SZ,002651,利君股份,20180214,6.07,5.65,6.34,5.6,5.58,0.49,0.0878,21181372.0,128734924.45,128734.92445,12873.492445,128.73492445,1.2873492444999999,0.12873492444999998
002651.SZ,002651,利君股份,20180209,5.58,7.14,7.2,5.58,7.17,-1.59,-0.2218,22053449.0,139068443.71,139068.44371000002,13906.844371000003,139.06844371000003,1.3906844371000002,0.13906844371000002
002651.SZ,002651,利君股份,20180202,7.17,7.41,7.66,7.0,7.38,-0.21,-0.0285,28336995.0,209613240.76,209613.24076,20961.324075999997,209.61324075999997,2.0961324076,0.20961324075999999
002651.SZ,002651,利君股份,20180126,7.38,7.3,7.43,7.1,7.23,0.15,0.0207,30988112.0,226366040.75,226366.04075,22636.604075,226.36604075,2.2636604074999997,0.22636604074999997
002651.SZ,002651,利君股份,20180119,7.23,7.08,7.58,6.82,7.1,0.13,0.0183,25783015.0,184652256.5,184652.2565,18465.22565,184.6522565,1.846522565,0.1846522565
002651.SZ,002651,利君股份,20180112,7.1,7.28,7.33,7.0,7.28,-0.18,-0.0247,17073521.0,122290269.29,122290.26929000001,12229.026929000001,122.29026929000001,1.2229026929000002,0.12229026929000002
002651.SZ,002651,利君股份,20180105,7.28,7.03,7.4,7.01,7.01,0.27,0.0385,24768646.0,178498853.48,178498.85348,17849.885348,178.49885348,1.7849885348,0.17849885348
002651.SZ,002651,利君股份,20171229,7.01,6.97,7.13,6.75,6.95,0.06,0.0086,19791675.0,137287363.28,137287.36328,13728.736327999999,137.28736328,1.3728736328,0.13728736328
002651.SZ,002651,利君股份,20171222,6.95,7.08,7.23,6.9,7.04,-0.09,-0.0128,17554342.0,124282200.95,124282.20095,12428.220095,124.28220095,1.2428220095,0.12428220095
002651.SZ,002651,利君股份,20171215,7.04,7.09,7.19,6.95,7.1,-0.06,-0.0085,19015002.0,134324512.92,134324.51291999998,13432.451291999998,134.32451292,1.3432451291999998,0.13432451291999997
002651.SZ,002651,利君股份,20171208,7.1,7.57,7.59,6.82,7.56,-0.46,-0.0608,29510103.0,211094267.07,211094.26707,21109.426707,211.09426707,2.1109426707,0.21109426707
002651.SZ,002651,利君股份,20171201,7.56,7.7,7.72,7.43,7.63,-0.07,-0.0092,23036335.0,173876953.06,173876.95306,17387.695306,173.87695306,1.7387695306,0.17387695306
002651.SZ,002651,利君股份,20171124,7.63,8.74,8.74,7.55,9.32,-1.69,-0.1813,62096785.0,506324290.12,506324.29012,50632.429012,506.32429012,5.0632429012,0.50632429012
002651.SZ,002651,利君股份,20171117,9.32,9.11,9.9,9.06,9.11,0.21,0.0231,100668763.0,957413616.28,957413.61628,95741.361628,957.41361628,9.5741361628,0.95741361628
002651.SZ,002651,利君股份,20171110,9.11,9.03,9.4,8.72,9.14,-0.03,-0.0033,36568010.0,334708892.64,334708.89264,33470.889264,334.70889264,3.3470889263999997,0.33470889264
002651.SZ,002651,利君股份,20171103,9.14,9.09,9.54,8.81,9.07,0.07,0.0077,55407858.0,514437947.2,514437.9472,51443.79472,514.4379471999999,5.144379472,0.5144379472
002651.SZ,002651,利君股份,20171027,9.07,8.86,9.1,8.78,8.8,0.27,0.0307,17403854.0,155796019.55,155796.01955000003,15579.601955000002,155.79601955,1.5579601955000002,0.15579601955000003
002651.SZ,002651,利君股份,20171020,8.8,9.23,9.27,8.67,9.26,-0.46,-0.0497,27522752.0,247407958.37,247407.95837,24740.795837,247.40795837000002,2.4740795837,0.24740795837000001
002651.SZ,002651,利君股份,20171013,9.26,9.5,9.89,9.19,9.42,-0.16,-0.017,63885165.0,608945138.19,608945.1381900001,60894.51381900001,608.9451381900001,6.089451381900001,0.6089451381900001
002651.SZ,002651,利君股份,20170929,9.42,9.22,9.45,8.99,9.22,0.2,0.0217,30896759.0,286081705.96,286081.70596,28608.170596,286.08170596,2.8608170596000004,0.28608170596000004
002651.SZ,002651,利君股份,20170922,9.22,9.18,9.33,9.11,9.21,0.01,0.0011,18502709.0,170948038.48,170948.03848,17094.803848,170.94803848,1.7094803848,0.17094803848
002651.SZ,002651,利君股份,20170915,9.21,9.6,9.98,9.2,9.56,-0.35,-0.0366,64161135.0,610836791.3,610836.7912999999,61083.67912999999,610.8367912999998,6.108367912999999,0.6108367912999999
002651.SZ,002651,利君股份,20170908,9.56,9.44,9.63,9.25,9.38,0.18,0.0192,42987185.0,405918284.16,405918.28416000004,40591.828416000004,405.91828416000004,4.0591828416,0.40591828416000003
002651.SZ,002651,利君股份,20170901,9.38,9.4,9.58,9.35,9.35,0.03,0.0032,41835506.0,395322563.39,395322.56338999997,39532.256339,395.32256338999997,3.9532256339,0.39532256339
002651.SZ,002651,利君股份,20170825,9.35,9.44,9.79,9.15,9.4,-0.05,-0.0053,44465396.0,416664361.05,416664.36105,41666.436105,416.66436105,4.1666436105,0.41666436105000004
002651.SZ,002651,利君股份,20170818,9.4,9.05,9.67,8.98,9.0,0.4,0.0444,50143500.0,465475230.43,465475.23043,46547.523043,465.47523043,4.6547523043000005,0.46547523043000005
002651.SZ,002651,利君股份,20170811,9.0,9.14,9.2,8.93,9.14,-0.14,-0.0153,38835191.0,351346624.63,351346.62463,35134.662463,351.34662463,3.5134662463,0.35134662463
002651.SZ,002651,利君股份,20170804,9.14,9.05,9.41,8.77,9.01,0.13,0.0144,47866906.0,432378016.67,432378.01667000004,43237.80166700001,432.3780166700001,4.323780166700001,0.4323780166700001
002651.SZ,002651,利君股份,20170728,9.01,8.85,9.13,8.69,8.88,0.13,0.0146,39165089.0,350508139.14,350508.13914,35050.813914,350.50813913999997,3.5050813913999996,0.35050813913999995
002651.SZ,002651,利君股份,20170721,8.88,9.91,9.91,8.72,9.99,-1.11,-0.1111,56788293.0,514972000.14,514972.00013999996,51497.200013999995,514.97200014,5.1497200013999995,0.51497200014
002651.SZ,002651,利君股份,20170714,9.99,10.09,10.35,9.68,10.09,-0.1,-0.0099,73045920.0,734454460.06,734454.46006,73445.446006,734.45446006,7.3445446006,0.73445446006
002651.SZ,002651,利君股份,20170707,10.09,9.72,10.28,9.7,9.71,0.38,0.0391,62943377.0,626586195.04,626586.1950399999,62658.61950399999,626.5861950399999,6.265861950399999,0.6265861950399999
002651.SZ,002651,利君股份,20170630,9.71,9.49,10.38,9.27,9.42,0.29,0.0308,87773667.0,866011603.93,866011.60393,86601.160393,866.01160393,8.6601160393,0.86601160393
002651.SZ,002651,利君股份,20170623,9.42,9.71,10.12,9.02,9.7,-0.28,-0.0289,81027309.0,779853778.5,779853.7785,77985.37785,779.8537785000001,7.798537785000001,0.7798537785
002651.SZ,002651,利君股份,20170616,9.7,8.91,9.87,8.7,9.03,0.67,0.0742,97551297.0,918657034.53,918657.03453,91865.703453,918.6570345299999,9.1865703453,0.91865703453
002651.SZ,002651,利君股份,20170609,9.03,8.52,9.3,8.47,8.58,0.45,0.0524,65016013.0,577419043.77,577419.04377,57741.904377,577.41904377,5.774190437700001,0.5774190437700001
002651.SZ,002651,利君股份,20170602,8.58,8.9,8.96,8.05,8.81,-0.23,-0.0261,39726935.0,339157296.86,339157.29686,33915.729686,339.15729686,3.3915729686,0.33915729685999996
002651.SZ,002651,利君股份,20170526,8.81,10.31,10.42,8.53,10.33,-1.52,-0.1471,64910998.0,602288023.85,602288.02385,60228.802385,602.2880238500001,6.022880238500001,0.6022880238500001
002651.SZ,002651,利君股份,20170519,10.33,10.12,11.19,10.12,10.23,0.1,0.0098,80101707.0,851115849.32,851115.84932,85111.584932,851.1158493199999,8.5111584932,0.85111584932
002651.SZ,002651,利君股份,20170512,10.23,11.92,12.1,10.06,12.23,-2.0,-0.1635,79613500.0,876409506.44,876409.50644,87640.950644,876.40950644,8.7640950644,0.8764095064399999
002651.SZ,002651,利君股份,20170505,12.23,11.24,13.46,11.08,11.03,1.2,0.1088,114857481.0,1428747899.39,1428747.8993900002,142874.789939,1428.7478993900002,14.287478993900002,1.4287478993900002
002651.SZ,002651,利君股份,20170428,11.03,12.19,12.2,10.29,12.19,-1.16,-0.0952,59950638.0,657765779.02,657765.77902,65776.577902,657.7657790200001,6.577657790200001,0.6577657790200001
002651.SZ,002651,利君股份,20170421,12.19,13.4,13.4,11.36,13.85,-1.66,-0.1199,77575985.0,946621082.98,946621.0829800001,94662.108298,946.6210829800001,9.466210829800001,0.9466210829800001
002651.SZ,002651,利君股份,20170414,13.85,15.26,16.55,13.73,15.53,-1.68,-0.1082,158266003.0,2464501567.69,2464501.56769,246450.156769,2464.50156769,24.645015676899998,2.4645015676899997
002651.SZ,002651,利君股份,20170407,15.53,15.31,16.13,14.85,15.33,0.2,0.013,82007710.0,1279384562.97,1279384.56297,127938.45629700001,1279.3845629700002,12.793845629700002,1.2793845629700002
002651.SZ,002651,利君股份,20170331,15.33,13.86,16.96,13.65,13.85,1.48,0.1069,268449459.0,4206790439.17,4206790.43917,420679.043917,4206.79043917,42.067904391700004,4.206790439170001
002651.SZ,002651,利君股份,20170324,13.85,14.33,14.68,13.49,14.41,-0.56,-0.0389,75018485.0,1058661448.7,1058661.4487,105866.14487,1058.6614487,10.586614486999999,1.0586614487
002651.SZ,002651,利君股份,20170317,14.41,15.2,15.57,14.24,15.06,-0.65,-0.0432,93241697.0,1378983896.15,1378983.8961500002,137898.38961500002,1378.9838961500002,13.789838961500003,1.3789838961500003
002651.SZ,002651,利君股份,20170310,15.06,14.3,15.45,14.27,14.23,0.83,0.0583,105890591.0,1573326045.83,1573326.04583,157332.604583,1573.32604583,15.733260458300002,1.5733260458300002
002651.SZ,002651,利君股份,20170303,14.23,14.44,15.1,14.12,14.52,-0.29,-0.02,94524729.0,1388535805.08,1388535.8050799998,138853.58050799998,1388.5358050799998,13.885358050799999,1.3885358050799999
002651.SZ,002651,利君股份,20170224,14.52,14.87,15.14,14.33,14.76,-0.24,-0.0163,100377708.0,1479657679.22,1479657.67922,147965.767922,1479.65767922,14.796576792200002,1.4796576792200002
002651.SZ,002651,利君股份,20170217,14.76,15.88,16.23,14.61,16.42,-1.66,-0.1011,167112636.0,2593839071.64,2593839.0716399997,259383.90716399997,2593.83907164,25.9383907164,2.59383907164
002651.SZ,002651,利君股份,20170210,16.42,15.95,18.5,15.4,16.34,0.08,0.0049,450339385.0,7723337561.5,7723337.5615,772333.75615,7723.3375615,77.233375615,7.7233375615
002651.SZ,002651,利君股份,20170203,16.34,17.47,17.5,16.34,18.16,-1.82,-0.1002,33085242.0,548587852.54,548587.85254,54858.785254,548.58785254,5.4858785253999995,0.54858785254
002651.SZ,002651,利君股份,20170126,18.16,14.5,19.4,14.22,14.85,3.31,0.2229,335076646.0,5737123009.57,5737123.00957,573712.300957,5737.12300957,57.3712300957,5.73712300957
002651.SZ,002651,利君股份,20170120,14.85,10.89,14.85,10.8,11.03,3.82,0.3463,343370157.0,4578986352.94,4578986.35294,457898.635294,4578.98635294,45.7898635294,4.57898635294
002651.SZ,002651,利君股份,20170113,11.03,12.39,12.61,10.72,12.4,-1.37,-0.1105,94484688.0,1144459418.95,1144459.41895,114445.94189500001,1144.45941895,11.444594189500002,1.1444594189500001
002651.SZ,002651,利君股份,20170106,12.4,11.74,12.59,11.63,11.73,0.67,0.0571,107494958.0,1304416572.19,1304416.57219,130441.657219,1304.41657219,13.044165721899999,1.3044165721899998
002651.SZ,002651,利君股份,20161230,11.73,11.25,12.38,10.69,11.47,0.26,0.0227,94603882.0,1100146950.89,1100146.9508900002,110014.69508900002,1100.1469508900002,11.001469508900001,1.1001469508900001
002651.SZ,002651,利君股份,20161223,11.47,11.76,12.05,11.3,11.67,-0.2,-0.0171,106586259.0,1242065347.69,1242065.34769,124206.53476899999,1242.06534769,12.4206534769,1.24206534769
002651.SZ,002651,利君股份,20161216,11.67,11.54,11.67,10.29,11.69,-0.02,-0.0017,68141669.0,743422233.93,743422.23393,74342.223393,743.42223393,7.4342223393,0.74342223393
002651.SZ,002651,利君股份,20161209,11.69,10.96,11.85,10.95,11.12,0.57,0.0513,60419799.0,686831630.32,686831.63032,68683.163032,686.8316303199999,6.868316303199999,0.6868316303199999
002651.SZ,002651,利君股份,20161202,11.12,11.9,11.97,11.06,11.86,-0.74,-0.0624,59844152.0,691461314.31,691461.3143099999,69146.13143099999,691.4613143099999,6.9146131430999995,0.6914613143099999
002651.SZ,002651,利君股份,20161125,11.86,12.13,12.39,11.57,12.1,-0.24,-0.0198,112487314.0,1354235035.5,1354235.0355,135423.50355,1354.2350354999999,13.542350354999998,1.3542350355
002651.SZ,002651,利君股份,20161118,12.1,12.9,15.2,11.98,12.96,-0.86,-0.0664,270636052.0,3553039539.77,3553039.53977,355303.953977,3553.0395397700004,35.530395397700005,3.5530395397700003
002651.SZ,002651,利君股份,20161111,12.96,10.35,13.48,10.3,10.35,2.61,0.2522,191753460.0,2349616174.56,2349616.1745599997,234961.61745599998,2349.6161745599998,23.4961617456,2.34961617456
002651.SZ,002651,利君股份,20161104,10.35,10.36,10.49,10.17,10.45,-0.1,-0.0096,23290099.0,240665177.71,240665.17771000002,24066.517771000003,240.66517771000002,2.4066517771000004,0.24066517771000004
002651.SZ,002651,利君股份,20161028,10.45,10.71,10.78,10.28,10.77,-0.32,-0.0297,44307782.0,467130592.47,467130.59247000003,46713.059247000005,467.13059247000007,4.6713059247,0.46713059247000005
002651.SZ,002651,利君股份,20161021,10.77,10.37,11.28,10.23,10.42,0.35,0.0336,80169819.0,870706279.39,870706.27939,87070.627939,870.70627939,8.7070627939,0.87070627939
002651.SZ,002651,利君股份,20161014,10.42,9.9,10.72,9.9,9.89,0.53,0.0536,33491518.0,345923737.91,345923.73791,34592.373791000005,345.92373791000006,3.4592373791000006,0.3459237379100001
002651.SZ,002651,利君股份,20160930,9.89,9.93,10.35,9.78,9.98,-0.09,-0.009,25446181.0,255330670.8,255330.67080000002,25533.06708,255.3306708,2.553306708,0.2553306708
002651.SZ,002651,利君股份,20160923,9.98,9.64,10.15,9.64,9.64,0.34,0.0353,24468427.0,241548117.65,241548.11765,24154.811765,241.54811765,2.4154811765,0.24154811765
002651.SZ,002651,利君股份,20160914,9.64,10.25,10.5,9.59,10.6,-0.96,-0.0906,26889026.0,268064004.68,268064.00468,26806.400468,268.06400468,2.6806400468,0.26806400467999997
002651.SZ,002651,利君股份,20160909,10.6,10.08,11.09,10.02,10.08,0.52,0.0516,101439484.0,1090036123.63,1090036.12363,109003.61236300001,1090.03612363,10.9003612363,1.09003612363
002651.SZ,002651,利君股份,20160902,10.08,9.88,10.43,9.8,9.87,0.21,0.0213,43875157.0,447297177.32,447297.17732,44729.717732000005,447.29717732000006,4.4729717732,0.44729717732
002651.SZ,002651,利君股份,20160826,9.87,9.99,10.48,9.54,9.93,-0.06,-0.006,32499760.0,321219155.19,321219.15519,32121.915519000002,321.21915519000004,3.2121915519,0.32121915519
002651.SZ,002651,利君股份,20160819,9.93,9.74,10.16,9.68,9.76,0.17,0.0174,29933912.0,298285042.08,298285.04208,29828.504208,298.28504208,2.9828504207999997,0.29828504207999995
002651.SZ,002651,利君股份,20160812,9.76,9.48,10.18,9.25,9.49,0.27,0.0285,32125053.0,313761044.83,313761.04482999997,31376.104482999996,313.76104482999995,3.1376104482999994,0.31376104482999995
002651.SZ,002651,利君股份,20160805,9.49,9.69,9.78,9.33,9.68,-0.19,-0.0196,22138401.0,211274993.81,211274.99381,21127.499381,211.27499381,2.1127499381000003,0.21127499381000003
002651.SZ,002651,利君股份,20160729,9.68,10.35,10.98,9.6,10.25,-0.57,-0.0556,56194598.0,581812353.24,581812.35324,58181.235323999994,581.81235324,5.8181235324,0.5818123532399999
002651.SZ,002651,利君股份,20160722,10.25,10.58,10.68,10.25,10.64,-0.39,-0.0367,44819668.0,469386427.51,469386.42751,46938.642751,469.38642751,4.6938642751,0.46938642751000004
002651.SZ,002651,利君股份,20160715,10.64,10.97,11.13,10.38,10.95,-0.31,-0.0283,72066828.0,779659721.72,779659.72172,77965.97217200001,779.6597217200001,7.796597217200001,0.7796597217200001
002651.SZ,002651,利君股份,20160708,10.95,10.8,12.49,10.69,11.02,-0.07,-0.0064,178033836.0,2020954495.2,2020954.4952,202095.44952,2020.9544951999999,20.209544951999998,2.0209544952
002651.SZ,002651,利君股份,20160701,11.02,8.71,11.2,8.7,8.76,2.26,0.258,132309822.0,1329093221.4,1329093.2214000002,132909.32214,1329.0932214,13.290932214,1.3290932214
002651.SZ,002651,利君股份,20160624,8.76,8.73,9.26,8.33,8.71,0.05,0.0057,59874808.0,529576513.46,529576.5134599999,52957.65134599999,529.5765134599999,5.295765134599999,0.5295765134599999
002651.SZ,002651,利君股份,20160617,8.71,8.76,8.92,8.15,8.96,-0.25,-0.0279,37391490.0,321810363.43,321810.36343,32181.036343000003,321.81036343000005,3.2181036343000007,0.3218103634300001
002651.SZ,002651,利君股份,20160608,8.96,8.33,9.3,8.2,8.33,0.63,0.0756,26617859.0,227790924.66,227790.92466,22779.092466,227.79092465999997,2.2779092465999997,0.22779092465999998
002651.SZ,002651,利君股份,20160603,8.33,7.87,8.62,7.76,7.88,0.45,0.0571,31504861.0,259399051.86,259399.05186,25939.905186,259.39905186,2.5939905186,0.25939905186
002651.SZ,002651,利君股份,20160527,7.88,7.96,8.12,7.6,7.97,-0.09,-0.0113,15421235.0,122094215.62,122094.21562,12209.421562,122.09421562,1.2209421562,0.12209421562
002651.SZ,002651,利君股份,20160520,7.97,7.97,8.18,7.55,8.0,-0.03,-0.0038,19339982.0,152507286.12,152507.28612,15250.728612,152.50728612,1.5250728612,0.15250728612
002651.SZ,002651,利君股份,20160513,8.0,8.42,8.49,7.76,8.64,-0.64,-0.0741,19130605.0,155748329.21,155748.32921,15574.832921,155.74832920999998,1.5574832920999997,0.15574832920999998
002651.SZ,002651,利君股份,20160506,8.64,8.4,9.59,8.36,8.43,0.21,0.0249,36389877.0,327831785.44,327831.78544,32783.178544,327.83178544000003,3.2783178544000005,0.32783178544
002651.SZ,002651,利君股份,20160429,8.43,8.42,8.65,8.17,8.45,-0.02,-0.0024,21231390.0,179387217.58,179387.21758000003,17938.721758000003,179.38721758000003,1.7938721758000002,0.17938721758000004
002651.SZ,002651,利君股份,20160422,8.45,9.4,9.4,8.22,9.5,-1.05,-0.1105,35090681.0,307286428.05,307286.42805,30728.642805,307.28642805,3.0728642804999997,0.30728642804999995
002651.SZ,002651,利君股份,20160415,9.5,9.41,9.88,9.3,9.36,0.14,0.015,55447773.0,530048895.22,530048.8952200001,53004.889522000005,530.0488952200001,5.300488952200001,0.5300488952200001
002651.SZ,002651,利君股份,20160408,9.36,8.92,9.48,8.9,8.97,0.39,0.0435,46176081.0,426032390.06,426032.39006,42603.239006,426.03239006,4.2603239006,0.42603239006000004
002651.SZ,002651,利君股份,20160401,8.97,9.01,9.5,8.77,8.88,0.09,0.0101,56595025.0,516425028.7,516425.02869999997,51642.50287,516.4250287,5.164250287,0.5164250287
002651.SZ,002651,利君股份,20160325,8.88,9.02,9.48,8.64,9.01,-0.13,-0.0144,59616905.0,538995855.92,538995.85592,53899.585592,538.99585592,5.3899585592,0.53899585592
002651.SZ,002651,利君股份,20160318,9.01,7.95,9.01,7.6,7.77,1.24,0.1596,37732746.0,310647563.55,310647.56355,31064.756355,310.64756355000003,3.1064756355000003,0.31064756355
002651.SZ,002651,利君股份,20160311,7.77,7.94,8.09,7.55,7.79,-0.02,-0.0026,22239330.0,173692986.59,173692.98659000001,17369.298659,173.69298659,1.7369298659,0.17369298659000001
002651.SZ,002651,利君股份,20160304,7.79,8.0,8.48,7.3,8.01,-0.22,-0.0275,32693012.0,258982950.49,258982.95049000002,25898.295049,258.98295049,2.5898295049,0.25898295049
002651.SZ,002651,利君股份,20160226,8.01,9.13,9.28,7.77,9.02,-1.01,-0.112,34205696.0,299616609.68,299616.60968,29961.660968,299.61660968,2.9961660968,0.29961660968000003
002651.SZ,002651,利君股份,20160219,9.02,8.21,9.16,8.08,8.56,0.46,0.0537,34961188.0,306906321.31,306906.32131,30690.632131000002,306.90632131,3.0690632131,0.30690632131
002651.SZ,002651,利君股份,20160205,8.56,8.1,8.88,7.75,8.09,0.47,0.0581,29570723.0,245221692.6,245221.69259999998,24522.16926,245.22169259999998,2.4522169259999997,0.24522169259999999
002651.SZ,002651,利君股份,20160129,8.09,9.64,9.73,7.68,9.52,-1.43,-0.1502,33690574.0,291213697.72,291213.69772000005,29121.369772000005,291.21369772,2.9121369772000003,0.29121369772000005
002651.SZ,002651,利君股份,20160122,9.52,8.57,10.11,8.46,8.7,0.82,0.0943,56997116.0,547444853.08,547444.85308,54744.485308,547.44485308,5.4744485308,0.54744485308
002651.SZ,002651,利君股份,20160115,8.7,9.8,10.16,8.51,10.2,-1.5,-0.1471,32942323.0,302722271.41,302722.27141000004,30272.227141000003,302.72227141,3.0272227141,0.30272227141
002651.SZ,002651,利君股份,20160108,10.2,12.95,12.97,9.2,12.87,-2.67,-0.2075,32827964.0,360683791.73,360683.79173,36068.379173,360.68379173,3.6068379173,0.36068379173
002651.SZ,002651,利君股份,20151231,12.87,13.58,13.65,12.82,13.52,-0.65,-0.0481,29207852.0,383931435.59,383931.43558999995,38393.143559,383.93143559,3.8393143558999996,0.38393143559
002651.SZ,002651,利君股份,20151225,13.52,13.69,14.24,13.21,13.84,-0.32,-0.0231,35132980.0,483336540.51,483336.54050999996,48333.654051,483.33654050999996,4.8333654050999995,0.48333654050999997
002651.SZ,002651,利君股份,20151218,13.84,12.76,14.45,12.58,12.89,0.95,0.0737,42671207.0,580925801.52,580925.80152,58092.580151999995,580.9258015199999,5.809258015199999,0.58092580152
002651.SZ,002651,利君股份,20151211,12.89,14.41,14.55,12.86,14.25,-1.36,-0.0954,39020230.0,530237818.17,530237.81817,53023.781816999995,530.23781817,5.3023781817,0.53023781817
002651.SZ,002651,利君股份,20151204,14.25,14.2,14.49,12.85,14.33,-0.08,-0.0056,58232159.0,797754710.41,797754.7104099999,79775.471041,797.7547104099999,7.977547104099999,0.7977547104099999
002651.SZ,002651,利君股份,20151127,14.33,16.11,16.5,14.04,16.15,-1.82,-0.1127,90227742.0,1401967384.68,1401967.3846800001,140196.73846800003,1401.9673846800004,14.019673846800004,1.4019673846800003
002651.SZ,002651,利君股份,20151120,16.15,15.04,16.83,14.59,15.05,1.1,0.0731,146423428.0,2285960414.94,2285960.41494,228596.041494,2285.96041494,22.859604149400003,2.2859604149400004
002651.SZ,002651,利君股份,20151113,15.05,12.65,15.48,12.34,12.74,2.31,0.1813,148666871.0,2049398614.6,2049398.6146,204939.86146,2049.3986145999997,20.493986145999997,2.0493986146
002651.SZ,002651,利君股份,20151106,12.74,12.12,12.84,11.55,12.53,0.21,0.0168,88870394.0,1094302231.96,1094302.23196,109430.223196,1094.30223196,10.943022319599999,1.09430223196
002651.SZ,002651,利君股份,20151030,12.53,13.13,13.3,11.71,12.49,0.04,0.0032,142186739.0,1816417907.98,1816417.9079800001,181641.790798,1816.41790798,18.1641790798,1.81641790798
002651.SZ,002651,利君股份,20151023,12.49,11.75,12.49,10.63,11.7,0.79,0.0675,120738241.0,1419656075.59,1419656.07559,141965.607559,1419.65607559,14.1965607559,1.41965607559
002651.SZ,002651,利君股份,20151016,11.7,10.28,12.0,10.28,10.2,1.5,0.1471,127629492.0,1450971426.14,1450971.42614,145097.142614,1450.9714261400002,14.509714261400001,1.4509714261400002
002651.SZ,002651,利君股份,20151009,10.2,10.0,10.3,9.75,9.56,0.64,0.0669,30047283.0,302224511.98,302224.51198,30222.451198000002,302.22451198000005,3.0222451198000004,0.30222451198000005
002651.SZ,002651,利君股份,20150930,9.56,9.92,10.98,9.38,10.39,-0.83,-0.0799,42900966.0,430359994.65,430359.99464999995,43035.99946499999,430.3599946499999,4.303599946499999,0.43035999464999997
002651.SZ,002651,利君股份,20150925,25.98,21.8,28.39,21.45,22.16,3.82,0.1724,57830705.0,1487857563.31,1487857.5633099999,148785.75633099998,1487.85756331,14.878575633099999,1.48785756331
002651.SZ,002651,利君股份,20150918,22.16,29.0,29.3,21.3,29.0,-6.84,-0.2359,41438404.0,1007441273.67,1007441.2736699999,100744.127367,1007.44127367,10.0744127367,1.00744127367
002651.SZ,002651,利君股份,20150911,29.0,23.09,32.2,23.09,25.65,3.35,0.1306,68951673.0,1919846144.69,1919846.14469,191984.614469,1919.8461446899998,19.198461446899998,1.9198461446899997
002651.SZ,002651,利君股份,20150710,25.65,34.84,34.84,25.65,31.67,-6.02,-0.1901,12852336.0,369561001.22,369561.00122000003,36956.100122,369.56100122000004,3.6956100122000004,0.36956100122
002651.SZ,002651,利君股份,20150703,31.67,47.7,48.26,31.67,47.3,-15.63,-0.3304,39867103.0,1551018207.07,1551018.20707,155101.820707,1551.01820707,15.5101820707,1.55101820707
002651.SZ,002651,利君股份,20150626,47.3,48.05,57.98,43.4,48.0,-0.7,-0.0146,27984819.0,1478170952.02,1478170.95202,147817.095202,1478.17095202,14.7817095202,1.47817095202
002651.SZ,002651,利君股份,20150619,48.0,63.15,66.5,47.2,64.0,-16.0,-0.25,20178520.0,1136787497.74,1136787.49774,113678.749774,1136.78749774,11.3678749774,1.1367874977399999
002651.SZ,002651,利君股份,20150612,64.0,59.2,67.9,55.5,59.3,4.7,0.0793,23266171.0,1405012027.25,1405012.02725,140501.202725,1405.01202725,14.050120272500001,1.4050120272500002
002651.SZ,002651,利君股份,20150605,59.3,49.5,60.0,49.5,49.35,9.95,0.2016,42987451.0,2337437661.32,2337437.66132,233743.766132,2337.4376613199997,23.3743766132,2.33743766132
002651.SZ,002651,利君股份,20150529,49.35,40.0,53.25,39.55,41.07,8.28,0.2016,57956038.0,2802043569.34,2802043.56934,280204.356934,2802.04356934,28.0204356934,2.80204356934
002651.SZ,002651,利君股份,20150522,41.07,39.4,41.36,37.5,39.86,1.21,0.0304,37387452.0,1467789565.31,1467789.56531,146778.956531,1467.78956531,14.6778956531,1.46778956531
002651.SZ,002651,利君股份,20150515,39.86,36.91,45.66,35.8,36.29,3.57,0.0984,30820161.0,1248669254.41,1248669.25441,124866.925441,1248.66925441,12.486692544099999,1.2486692544099998
002651.SZ,002651,利君股份,20150508,36.29,33.25,36.48,32.66,33.15,3.14,0.0947,15207976.0,531135711.98,531135.71198,53113.571198000005,531.13571198,5.3113571198,0.53113571198
002651.SZ,002651,利君股份,20150430,33.15,35.45,36.36,31.91,35.45,-2.3,-0.0649,11775604.0,397061865.79,397061.86579,39706.186579,397.06186579,3.9706186579000002,0.39706186579
002651.SZ,002651,利君股份,20150424,35.45,33.31,37.2,31.2,33.8,1.65,0.0488,22655288.0,779997871.08,779997.8710800001,77999.787108,779.9978710800001,7.799978710800001,0.7799978710800002
002651.SZ,002651,利君股份,20150417,33.8,29.15,35.86,29.15,28.88,4.92,0.1704,32444889.0,1054634062.35,1054634.06235,105463.406235,1054.63406235,10.5463406235,1.0546340623500001
002651.SZ,002651,利君股份,20150410,28.88,30.26,31.48,27.15,30.14,-1.26,-0.0418,16381267.0,481241587.55,481241.58755,48124.158755,481.24158754999996,4.812415875499999,0.4812415875499999
002651.SZ,002651,利君股份,20150403,30.14,28.01,30.19,27.81,28.46,1.68,0.059,18606859.0,538534399.36,538534.39936,53853.439936,538.5343993600001,5.3853439936,0.53853439936
002651.SZ,002651,利君股份,20150327,28.46,27.55,29.42,27.55,27.49,0.97,0.0353,20855705.0,593834158.81,593834.1588099999,59383.41588099999,593.83415881,5.938341588099999,0.5938341588099999
002651.SZ,002651,利君股份,20150320,27.49,25.6,27.95,25.4,25.57,1.92,0.0751,22820831.0,608928534.17,608928.53417,60892.853417,608.92853417,6.0892853417,0.60892853417
002651.SZ,002651,利君股份,20150313,25.57,26.84,27.62,25.05,26.84,-1.27,-0.0473,22377391.0,586839419.72,586839.41972,58683.941972,586.83941972,5.868394197200001,0.5868394197200001
002651.SZ,002651,利君股份,20150306,26.84,25.91,26.87,25.71,25.81,1.03,0.0399,13234912.0,347989895.3,347989.89530000003,34798.989530000006,347.98989530000006,3.4798989530000006,0.3479898953000001
002651.SZ,002651,利君股份,20150227,25.81,25.35,25.86,24.7,25.33,0.48,0.0189,5011484.0,127327588.91,127327.58890999999,12732.758891,127.32758890999999,1.2732758890999998,0.12732758890999998
002651.SZ,002651,利君股份,20150217,25.33,25.2,25.4,25.03,25.49,-0.16,-0.0063,4822623.0,121733877.87,121733.87787000001,12173.387787000001,121.73387787000001,1.2173387787,0.12173387787
002651.SZ,002651,利君股份,20150213,25.49,25.98,28.51,24.61,25.98,-0.49,-0.0189,16087213.0,427419293.45,427419.29345,42741.929345,427.41929344999994,4.274192934499999,0.42741929344999996
002651.SZ,002651,利君股份,20150206,25.98,27.47,27.47,25.64,27.8,-1.82,-0.0655,4512400.0,120321297.97,120321.29797,12032.129797,120.32129796999999,1.2032129797,0.12032129796999999
002651.SZ,002651,利君股份,20150130,27.8,27.88,29.32,27.03,27.88,-0.08,-0.0029,8333272.0,236809869.39,236809.86938999998,23680.986939,236.80986939,2.3680986939,0.23680986938999998
002651.SZ,002651,利君股份,20150123,27.88,25.0,27.89,24.06,25.65,2.23,0.0869,6584470.0,174673124.9,174673.1249,17467.31249,174.6731249,1.746731249,0.1746731249
002651.SZ,002651,利君股份,20150116,25.65,24.06,26.88,24.06,24.15,1.5,0.0621,7614893.0,197164188.71,197164.18871000002,19716.418871,197.16418871000002,1.9716418871,0.19716418871000002
002651.SZ,002651,利君股份,20150109,24.15,22.03,26.18,21.62,22.8,1.35,0.0592,8817651.0,206695189.02,206695.18902000002,20669.518902000003,206.69518902000004,2.0669518902000004,0.20669518902000003
002651.SZ,002651,利君股份,20141231,22.8,27.65,27.65,21.33,27.65,-4.85,-0.1754,9423811.0,228440103.68,228440.10368,22844.010368,228.44010368,2.2844010368,0.22844010367999998
002651.SZ,002651,利君股份,20141226,27.65,28.42,28.7,24.16,28.42,-0.77,-0.0271,7510226.0,197651174.79,197651.17479,19765.117479,197.65117479,1.9765117479,0.19765117479
002651.SZ,002651,利君股份,20141219,28.42,29.0,30.89,27.69,29.2,-0.78,-0.0267,6008365.0,174607841.96,174607.84196000002,17460.784196,174.60784196,1.7460784196,0.17460784196
002651.SZ,002651,利君股份,20141212,29.2,29.15,32.25,27.03,29.59,-0.39,-0.0132,8943481.0,266845741.05,266845.74105,26684.574105,266.84574105,2.6684574105000003,0.26684574105000003
002651.SZ,002651,利君股份,20141205,29.59,29.7,29.85,26.5,29.79,-0.2,-0.0067,8010826.0,228101948.29,228101.94829,22810.194829,228.10194829,2.2810194829,0.22810194829000002
002651.SZ,002651,利君股份,20141128,29.79,30.09,30.88,28.5,29.59,0.2,0.0068,9916224.0,293312855.53,293312.85552999994,29331.285552999994,293.3128555299999,2.9331285552999993,0.2933128555299999
002651.SZ,002651,利君股份,20141121,29.59,26.07,30.8,25.44,26.23,3.36,0.1281,11264908.0,315799200.95,315799.20094999997,31579.920094999998,315.79920095,3.1579920095,0.31579920095
002651.SZ,002651,利君股份,20141114,26.23,25.18,27.35,24.8,25.18,1.05,0.0417,10170791.0,266175849.67,266175.84966999997,26617.584966999995,266.17584966999993,2.661758496699999,0.2661758496699999
002651.SZ,002651,利君股份,20141107,25.18,25.7,26.13,24.58,25.86,-0.68,-0.0263,5639302.0,142802590.3,142802.5903,14280.259030000001,142.80259030000002,1.4280259030000002,0.14280259030000003
002651.SZ,002651,利君股份,20141031,25.86,24.15,26.59,24.15,24.67,1.19,0.0482,6533983.0,166516686.4,166516.6864,16651.66864,166.5166864,1.665166864,0.1665166864
002651.SZ,002651,利君股份,20141024,24.67,25.36,27.5,24.61,25.37,-0.7,-0.0276,9724118.0,250631240.43,250631.24043,25063.124043,250.63124043,2.5063124043,0.25063124043
002651.SZ,002651,利君股份,20141017,25.37,26.68,26.68,24.09,26.77,-1.4,-0.0523,7692131.0,194941284.39,194941.28439,19494.128439,194.94128439,1.9494128439,0.19494128439
002651.SZ,002651,利君股份,20141010,26.77,25.6,27.98,25.23,25.65,1.12,0.0437,8139917.0,218463416.13,218463.41613,21846.341613,218.46341613,2.1846341613,0.21846341613
002651.SZ,002651,利君股份,20140930,25.65,24.6,25.9,24.16,24.49,1.16,0.0474,5719603.0,144364122.61,144364.12261000002,14436.412261000001,144.36412261,1.4436412261,0.14436412261
002651.SZ,002651,利君股份,20140926,24.49,27.75,27.75,23.6,28.1,-3.61,-0.1285,21302151.0,533057643.41,533057.64341,53305.764341,533.05764341,5.330576434099999,0.53305764341
002651.SZ,002651,利君股份,20140919,28.1,27.3,29.23,25.93,27.15,0.95,0.035,9059865.0,250610031.57,250610.03157,25061.003157,250.61003157,2.5061003157,0.25061003157
002651.SZ,002651,利君股份,20140912,27.15,24.8,27.15,23.88,24.68,2.47,0.1001,6835553.0,171559153.35,171559.15335,17155.915335,171.55915335,1.7155915335,0.17155915335
002651.SZ,002651,利君股份,20140905,24.68,23.12,25.55,22.66,23.59,1.09,0.0462,12184568.0,297928124.65,297928.12464999995,29792.812464999995,297.92812465,2.9792812465,0.29792812464999996
002651.SZ,002651,利君股份,20140829,23.59,21.24,24.17,21.24,21.88,1.71,0.0782,19040208.0,441747411.68,441747.41168,44174.741168,441.74741168,4.4174741168,0.44174741168000003
002651.SZ,002651,利君股份,20140822,21.88,19.75,22.1,18.83,19.06,2.82,0.148,10561532.0,217815388.51,217815.38851,21781.538850999998,217.81538850999996,2.1781538850999995,0.21781538850999996
002651.SZ,002651,利君股份,20140815,19.06,18.72,19.35,18.5,18.72,0.34,0.0182,6329349.0,119916354.44,119916.35444,11991.635444,119.91635443999999,1.1991635444,0.11991635444
002651.SZ,002651,利君股份,20140808,18.72,17.52,18.94,17.45,17.54,1.18,0.0673,8101448.0,148509747.15,148509.74715,14850.974715,148.50974715,1.4850974715,0.14850974715
002651.SZ,002651,利君股份,20140801,17.54,17.62,17.9,17.4,17.62,-0.08,-0.0045,5776158.0,101856373.22,101856.37322,10185.637321999999,101.85637321999998,1.0185637321999998,0.10185637321999999
002651.SZ,002651,利君股份,20140725,17.62,17.77,17.9,17.0,17.77,-0.15,-0.0084,3499922.0,61361076.0,61361.076,6136.1076,61.361076000000004,0.61361076,0.061361076
002651.SZ,002651,利君股份,20140718,17.77,17.27,18.2,17.13,17.26,0.51,0.0295,6102871.0,107696458.94,107696.45894,10769.645894,107.69645894,1.0769645894,0.10769645893999999
002651.SZ,002651,利君股份,20140711,17.26,17.56,17.56,16.62,17.36,-0.1,-0.0058,5149098.0,87680418.0,87680.418,8768.0418,87.680418,0.87680418,0.08768041800000001
002651.SZ,002651,利君股份,20140704,17.36,16.59,17.44,16.49,16.58,0.78,0.047,8367789.0,141334070.0,141334.07,14133.407000000001,141.33407,1.4133407,0.14133407
002651.SZ,002651,利君股份,20140627,16.58,16.26,16.69,16.13,16.26,0.32,0.0197,4219712.0,69710686.0,69710.686,6971.0686000000005,69.71068600000001,0.6971068600000001,0.06971068600000001
002651.SZ,002651,利君股份,20140620,16.26,17.05,17.58,16.0,17.18,-0.92,-0.0536,3192182.0,54127158.0,54127.158,5412.7158,54.127158,0.54127158,0.054127157999999995
002651.SZ,002651,利君股份,20140613,17.18,17.18,17.32,16.5,17.2,-0.02,-0.0012,3414881.0,58035008.0,58035.008,5803.5008,58.035008,0.58035008,0.058035008
002651.SZ,002651,利君股份,20140606,17.2,18.5,19.0,17.13,18.44,-1.24,-0.0672,4822047.0,87339868.0,87339.868,8733.9868,87.33986800000001,0.8733986800000001,0.08733986800000001
002651.SZ,002651,利君股份,20140530,18.44,18.76,19.49,17.76,18.81,-0.37,-0.0197,7005979.0,130993738.0,130993.738,13099.3738,130.993738,1.30993738,0.130993738
002651.SZ,002651,利君股份,20140523,18.81,16.78,19.0,16.78,16.78,2.03,0.121,8999175.0,162939096.0,162939.096,16293.909599999999,162.93909599999998,1.6293909599999998,0.16293909599999998
002651.SZ,002651,利君股份,20140516,16.78,17.16,17.16,16.33,16.69,0.09,0.0054,3879045.0,65103655.0,65103.655,6510.3655,65.103655,0.65103655,0.06510365500000001
002651.SZ,002651,利君股份,20140509,16.69,15.44,17.0,15.43,15.53,1.16,0.0747,4333007.0,70882400.0,70882.4,7088.24,70.8824,0.708824,0.0708824
002651.SZ,002651,利君股份,20140430,15.53,15.22,15.65,14.85,15.35,0.18,0.0117,1396638.0,21290931.0,21290.931,2129.0931,21.290931,0.21290931000000002,0.021290931000000003
002651.SZ,002651,利君股份,20140425,15.35,16.7,17.15,15.2,16.98,-1.63,-0.096,4170236.0,67001711.0,67001.711,6700.1711,67.001711,0.67001711,0.06700171099999999
002651.SZ,002651,利君股份,20140418,16.98,16.4,17.35,16.29,16.4,0.58,0.0354,2867798.0,48277343.0,48277.343,4827.7343,48.277343,0.48277343,0.048277343
002651.SZ,002651,利君股份,20140411,16.4,16.2,17.18,16.1,16.22,0.18,0.0111,2696973.0,44842528.0,44842.528,4484.2528,44.842528,0.44842528000000004,0.044842528000000006
002651.SZ,002651,利君股份,20140404,16.22,16.01,16.4,15.78,15.96,0.26,0.0163,2440711.0,39265810.0,39265.81,3926.5809999999997,39.265809999999995,0.39265809999999995,0.03926581
002651.SZ,002651,利君股份,20140328,15.96,17.85,17.99,15.88,17.9,-1.94,-0.1084,4262241.0,71540562.0,71540.562,7154.056200000001,71.54056200000001,0.7154056200000001,0.071540562
002651.SZ,002651,利君股份,20140321,17.9,17.29,18.45,17.13,17.25,0.65,0.0377,3244041.0,57874654.0,57874.654,5787.4654,57.874654,0.57874654,0.057874654000000005
002651.SZ,002651,利君股份,20140314,17.25,18.16,18.54,17.1,18.11,-0.86,-0.0475,2829483.0,49995835.0,49995.835,4999.5835,49.995835,0.49995835,0.049995835
002651.SZ,002651,利君股份,20140307,18.11,18.35,19.18,17.5,18.44,-0.33,-0.0179,3673519.0,66767576.0,66767.576,6676.7576,66.767576,0.6676757600000001,0.06676757600000001
002651.SZ,002651,利君股份,20140228,18.44,20.18,20.88,17.5,20.2,-1.76,-0.0871,6431335.0,123741042.0,123741.042,12374.1042,123.741042,1.23741042,0.123741042
002651.SZ,002651,利君股份,20140221,20.2,21.49,21.49,19.0,20.89,-0.69,-0.033,6089752.0,123688058.0,123688.058,12368.8058,123.688058,1.23688058,0.123688058
002651.SZ,002651,利君股份,20140214,20.89,17.94,21.99,17.81,17.94,2.95,0.1644,12412666.0,250408840.0,250408.84,25040.884,250.40883999999997,2.5040883999999997,0.25040883999999997
002651.SZ,002651,利君股份,20140207,17.94,17.52,18.0,17.52,17.57,0.37,0.0211,729373.0,12988114.0,12988.114,1298.8114,12.988114000000001,0.12988114,0.012988114
002651.SZ,002651,利君股份,20140130,17.57,18.41,19.2,17.41,18.5,-0.93,-0.0503,5065387.0,93568926.0,93568.926,9356.892600000001,93.568926,0.9356892600000001,0.09356892600000001
002651.SZ,002651,利君股份,20140124,18.5,16.99,18.86,16.4,16.99,1.51,0.0889,9581292.0,169824008.0,169824.008,16982.4008,169.824008,1.69824008,0.169824008
002651.SZ,002651,利君股份,20140117,16.99,16.08,17.66,15.7,16.0,0.99,0.0619,13632300.0,225062544.0,225062.544,22506.254399999998,225.06254399999997,2.25062544,0.22506254399999998
002651.SZ,002651,利君股份,20140110,16.0,15.1,16.02,14.4,15.2,0.8,0.0526,8570498.0,132003548.0,132003.548,13200.354800000001,132.00354800000002,1.3200354800000003,0.13200354800000003
002651.SZ,002651,利君股份,20140103,15.2,15.19,15.69,15.0,15.07,0.13,0.0086,6032720.0,92602648.0,92602.648,9260.2648,92.602648,0.92602648,0.092602648
002651.SZ,002651,利君股份,20131227,15.07,14.43,15.36,13.96,14.42,0.65,0.0451,7732920.0,114659880.0,114659.88,11465.988000000001,114.65988000000002,1.1465988000000003,0.11465988000000002
002651.SZ,002651,利君股份,20131220,14.42,16.0,16.04,14.25,15.98,-1.56,-0.0976,9442618.0,141927566.0,141927.566,14192.756599999999,141.92756599999998,1.4192756599999998,0.14192756599999998
002651.SZ,002651,利君股份,20131213,15.98,15.25,16.94,15.15,15.4,0.58,0.0377,26666383.0,425297052.0,425297.052,42529.705200000004,425.29705200000006,4.252970520000001,0.42529705200000006
002651.SZ,002651,利君股份,20131206,15.4,14.0,16.6,12.93,14.22,1.18,0.083,27292112.0,413631176.0,413631.176,41363.1176,413.631176,4.13631176,0.413631176
002651.SZ,002651,利君股份,20131129,14.22,13.28,14.37,13.24,13.39,0.83,0.062,9221923.0,127609134.0,127609.134,12760.913400000001,127.60913400000001,1.27609134,0.127609134
002651.SZ,002651,利君股份,20131122,13.39,13.15,13.55,12.98,13.12,0.27,0.0206,7244442.0,95772171.0,95772.171,9577.2171,95.772171,0.95772171,0.09577217099999999
002651.SZ,002651,利君股份,20131115,13.12,12.12,13.4,12.0,12.13,0.99,0.0816,5626146.0,71119473.0,71119.473,7111.9473,71.119473,0.71119473,0.071119473
002651.SZ,002651,利君股份,20131108,12.13,12.38,12.58,11.98,12.49,-0.36,-0.0288,4485838.0,54829619.0,54829.619,5482.9619,54.829619,0.54829619,0.054829618999999996
002651.SZ,002651,利君股份,20131101,12.49,13.4,13.63,12.17,13.39,-0.9,-0.0672,5024970.0,63763153.0,63763.153,6376.3153,63.763153,0.6376315300000001,0.063763153
002651.SZ,002651,利君股份,20131025,13.39,12.81,14.39,12.81,12.87,0.52,0.0404,12289459.0,168265268.0,168265.268,16826.5268,168.265268,1.68265268,0.168265268
002651.SZ,002651,利君股份,20131018,12.87,13.15,13.3,12.67,13.08,-0.21,-0.0161,4779060.0,62117766.0,62117.766,6211.7766,62.117766,0.6211776600000001,0.062117766000000005
002651.SZ,002651,利君股份,20131011,13.08,12.88,13.35,12.75,12.88,0.2,0.0155,5780670.0,75438233.0,75438.233,7543.823299999999,75.438233,0.75438233,0.075438233
002651.SZ,002651,利君股份,20130930,12.88,12.69,12.88,12.69,12.74,0.14,0.011,611843.0,7852127.0,7852.127,785.2127,7.852127,0.07852127,0.007852127
002651.SZ,002651,利君股份,20130927,12.74,12.65,13.09,12.54,12.63,0.11,0.0087,6132376.0,78550872.0,78550.872,7855.0872,78.550872,0.7855087199999999,0.078550872
002651.SZ,002651,利君股份,20130918,12.63,12.89,13.1,12.5,12.85,-0.22,-0.0171,3229867.0,41441870.0,41441.87,4144.187,41.44187,0.41441870000000003,0.041441870000000006
002651.SZ,002651,利君股份,20130913,12.85,12.71,13.0,12.7,12.75,0.1,0.0078,5733972.0,73534440.0,73534.44,7353.444,73.53444,0.7353444,0.07353444
002651.SZ,002651,利君股份,20130906,12.75,12.17,13.27,12.02,12.2,0.55,0.0451,8469408.0,107390444.0,107390.444,10739.0444,107.390444,1.07390444,0.107390444
002651.SZ,002651,利君股份,20130830,12.2,12.18,12.56,12.13,12.13,0.07,0.0058,5321711.0,65759660.0,65759.66,6575.966,65.75966,0.6575966,0.06575966
002651.SZ,002651,利君股份,20130823,12.13,12.0,12.41,11.98,12.08,0.05,0.0041,4127968.0,50544856.0,50544.856,5054.4856,50.544856,0.50544856,0.050544856000000006
002651.SZ,002651,利君股份,20130816,12.08,12.4,12.95,12.07,12.3,-0.22,-0.0179,7163520.0,89745101.0,89745.101,8974.5101,89.74510099999999,0.8974510099999999,0.089745101
002651.SZ,002651,利君股份,20130809,12.3,12.18,12.49,12.06,12.06,0.24,0.0199,5722650.0,70160500.0,70160.5,7016.05,70.1605,0.701605,0.0701605
002651.SZ,002651,利君股份,20130802,12.06,12.01,12.2,11.52,12.11,-0.05,-0.0041,4006333.0,47864493.0,47864.493,4786.4493,47.864493,0.47864493,0.047864493
002651.SZ,002651,利君股份,20130726,12.11,11.53,12.24,11.53,11.8,0.31,0.0263,4858150.0,58043039.0,58043.039,5804.3039,58.043039,0.58043039,0.058043039
002651.SZ,002651,利君股份,20130719,11.8,12.53,12.96,11.77,12.53,-0.73,-0.0583,9095326.0,113387982.0,113387.982,11338.798200000001,113.38798200000001,1.13387982,0.113387982
002651.SZ,002651,利君股份,20130712,12.53,13.69,14.68,12.11,13.84,-1.31,-0.0947,16725377.0,222870336.0,222870.336,22287.033600000002,222.87033600000004,2.2287033600000004,0.22287033600000003
002651.SZ,002651,利君股份,20130705,13.84,12.28,13.88,12.1,12.4,1.44,0.1161,8542050.0,114461413.0,114461.413,11446.1413,114.461413,1.14461413,0.11446141299999998
002651.SZ,002651,利君股份,20130628,12.4,13.6,13.6,11.55,13.7,-1.3,-0.0949,4005814.0,50141288.0,50141.288,5014.1288,50.141288,0.5014128800000001,0.050141288000000006
002651.SZ,002651,利君股份,20130621,13.7,14.56,14.7,13.6,14.65,-0.95,-0.0648,2697811.0,38359401.0,38359.401,3835.9401,38.359401,0.38359401,0.038359401
002651.SZ,002651,利君股份,20130614,14.65,14.2,14.65,14.03,14.45,0.2,0.0138,1197364.0,17173126.0,17173.126,1717.3126,17.173126,0.17173126,0.017173126
002651.SZ,002651,利君股份,20130607,14.45,15.68,15.75,14.11,15.58,-1.13,-0.0725,4521354.0,67522507.0,67522.507,6752.2507,67.52250699999999,0.6752250699999999,0.06752250699999998
002651.SZ,002651,利君股份,20130531,15.58,15.09,15.77,14.8,15.09,0.49,0.0325,8055702.0,123530314.0,123530.314,12353.0314,123.530314,1.23530314,0.123530314
002651.SZ,002651,利君股份,20130524,15.09,15.3,15.79,14.78,15.27,-0.18,-0.0118,10838031.0,164458344.0,164458.344,16445.8344,164.458344,1.6445834400000001,0.164458344
002651.SZ,002651,利君股份,20130517,15.27,14.3,15.49,14.13,14.3,0.97,0.0678,15719215.0,235399638.0,235399.638,23539.9638,235.399638,2.35399638,0.235399638
002651.SZ,002651,利君股份,20130510,14.3,14.0,14.4,13.66,13.98,0.32,0.0229,8374934.0,117227247.0,117227.247,11722.7247,117.227247,1.17227247,0.117227247
002651.SZ,002651,利君股份,20130503,13.98,13.52,14.09,13.47,13.52,0.46,0.034,1921371.0,26558954.0,26558.954,2655.8954000000003,26.558954000000004,0.26558954,0.026558954000000003
002651.SZ,002651,利君股份,20130426,13.52,14.3,14.31,13.4,13.95,-0.43,-0.0308,9373102.0,129467332.0,129467.332,12946.733199999999,129.467332,1.29467332,0.129467332
002651.SZ,002651,利君股份,20130419,13.95,12.52,14.2,12.01,12.55,1.4,0.1116,8428517.0,114986160.0,114986.16,11498.616,114.98616,1.1498616,0.11498615999999999
002651.SZ,002651,利君股份,20130412,12.55,12.9,13.2,12.0,13.29,-0.74,-0.0557,1401263.0,17933614.0,17933.614,1793.3614000000002,17.933614000000002,0.17933614000000003,0.017933614000000004
002651.SZ,002651,利君股份,20130403,13.29,13.2,13.4,13.03,13.2,0.09,0.0068,1116124.0,14727032.0,14727.032,1472.7032,14.727032,0.14727031999999998,0.014727031999999998
002651.SZ,002651,利君股份,20130329,13.2,13.1,14.83,13.01,13.19,0.01,0.0008,8737118.0,123141281.0,123141.281,12314.1281,123.14128099999999,1.23141281,0.12314128099999999
002651.SZ,002651,利君股份,20130322,13.19,13.38,13.38,12.8,13.25,-0.06,-0.0045,1472504.0,19294656.0,19294.656,1929.4656,19.294656,0.19294656,0.019294656
002651.SZ,002651,利君股份,20130315,13.25,13.85,13.93,13.08,13.89,-0.64,-0.0461,2214950.0,29974287.0,29974.287,2997.4287,29.974287,0.29974287,0.029974287
002651.SZ,002651,利君股份,20130308,13.89,14.06,14.23,13.62,14.3,-0.41,-0.0287,4999427.0,69458056.0,69458.056,6945.8056,69.458056,0.69458056,0.069458056
002651.SZ,002651,利君股份,20130301,14.3,13.8,14.32,13.58,13.77,0.53,0.0385,2517002.0,35055534.0,35055.534,3505.5534,35.055533999999994,0.35055533999999994,0.03505553399999999
002651.SZ,002651,利君股份,20130222,13.77,14.7,14.73,13.6,14.69,-0.92,-0.0626,3941208.0,55638917.0,55638.917,5563.8917,55.638917,0.55638917,0.055638916999999996
002651.SZ,002651,利君股份,20130208,14.69,14.0,14.76,13.9,13.93,0.76,0.0546,5104273.0,73604009.0,73604.009,7360.400900000001,73.604009,0.73604009,0.073604009
002651.SZ,002651,利君股份,20130201,13.93,13.46,13.99,13.41,13.45,0.48,0.0357,2343971.0,32226570.0,32226.57,3222.657,32.22657,0.32226570000000004,0.03222657
002651.SZ,002651,利君股份,20130125,13.45,14.15,14.45,13.45,14.1,-0.65,-0.0461,4270076.0,59962704.0,59962.704,5996.270399999999,59.962703999999995,0.59962704,0.059962704
002651.SZ,002651,利君股份,20130118,14.1,13.4,14.3,13.38,13.4,0.7,0.0522,4434822.0,61993816.0,61993.816,6199.3816,61.993815999999995,0.6199381599999999,0.06199381599999999
002651.SZ,002651,利君股份,20130111,13.4,13.85,14.5,13.4,13.81,-0.41,-0.0297,5230941.0,73088434.0,73088.434,7308.8434,73.08843399999999,0.7308843399999999,0.073088434
002651.SZ,002651,利君股份,20130104,13.81,13.99,14.08,13.56,14.0,-0.19,-0.0136,2029798.0,28014961.0,28014.961,2801.4961,28.014961,0.28014961,0.028014960999999998
002651.SZ,002651,利君股份,20121228,14.0,12.58,14.8,12.55,12.65,1.35,0.1067,10303105.0,142781724.0,142781.724,14278.1724,142.781724,1.42781724,0.142781724
002651.SZ,002651,利君股份,20121221,12.65,12.18,12.95,12.01,12.16,0.49,0.0403,4193708.0,51866195.0,51866.195,5186.6195,51.866195,0.5186619499999999,0.05186619499999999
002651.SZ,002651,利君股份,20121214,12.16,11.96,12.19,11.65,11.92,0.24,0.0201,2018944.0,24159019.0,24159.019,2415.9019,24.159018999999997,0.24159018999999998,0.024159018999999997
002651.SZ,002651,利君股份,20121207,11.92,11.54,11.92,10.91,11.54,0.38,0.0329,1681618.0,19369903.0,19369.903,1936.9903,19.369903,0.19369903,0.019369903
002651.SZ,002651,利君股份,20121130,11.54,12.78,12.78,11.36,12.71,-1.17,-0.0921,958124.0,11381823.0,11381.823,1138.1823,11.381822999999999,0.11381822999999999,0.011381823
002651.SZ,002651,利君股份,20121123,12.71,12.75,12.87,12.52,12.72,-0.01,-0.0008,759780.0,9661303.0,9661.303,966.1303,9.661303,0.09661303,0.009661303
002651.SZ,002651,利君股份,20121116,12.72,13.25,13.36,12.53,13.3,-0.58,-0.0436,1058775.0,13670236.0,13670.236,1367.0236,13.670236,0.13670236,0.013670235999999999
002651.SZ,002651,利君股份,20121109,13.3,13.83,13.85,13.1,13.83,-0.53,-0.0383,1250143.0,16912435.0,16912.435,1691.2435,16.912435000000002,0.16912435000000003,0.016912435000000003
002651.SZ,002651,利君股份,20121102,13.83,13.6,13.89,13.48,13.57,0.26,0.0192,1301524.0,17729821.0,17729.821,1772.9821,17.729821,0.17729821,0.017729821
002651.SZ,002651,利君股份,20121026,13.57,13.91,14.16,13.53,14.04,-0.47,-0.0335,1247169.0,17307599.0,17307.599,1730.7598999999998,17.307598999999996,0.17307598999999996,0.017307598999999996
002651.SZ,002651,利君股份,20121019,14.04,14.08,14.09,13.53,14.02,0.02,0.0014,1658001.0,22921651.0,22921.651,2292.1651,22.921651,0.22921651,0.022921651
002651.SZ,002651,利君股份,20121012,14.02,14.08,14.49,13.94,14.08,-0.06,-0.0043,1921481.0,27353446.0,27353.446,2735.3446,27.353445999999998,0.27353446,0.027353445999999997
002651.SZ,002651,利君股份,20120928,14.08,13.75,14.36,13.4,13.82,0.26,0.0188,2325204.0,32413183.0,32413.183,3241.3183,32.413183,0.32413182999999995,0.032413183
002651.SZ,002651,利君股份,20120921,13.82,14.83,14.86,13.74,14.86,-1.04,-0.07,1597631.0,22851545.0,22851.545,2285.1544999999996,22.851544999999998,0.22851544999999998,0.022851544999999997
002651.SZ,002651,利君股份,20120914,14.86,15.15,15.24,14.7,14.96,-0.1,-0.0067,3915525.0,58586068.0,58586.068,5858.6068,58.586068,0.58586068,0.058586068000000005
002651.SZ,002651,利君股份,20120907,14.96,13.89,15.19,13.75,13.8,1.16,0.0841,3126301.0,45166765.0,45166.765,4516.6765,45.166765,0.45166765,0.045166765
002651.SZ,002651,利君股份,20120831,13.8,14.37,14.38,13.68,14.68,-0.88,-0.0599,1776185.0,24772549.0,24772.549,2477.2549,24.772548999999998,0.24772549,0.024772548999999998
002651.SZ,002651,利君股份,20120824,14.68,14.3,14.99,14.24,14.47,0.21,0.0145,1829719.0,27047369.0,27047.369,2704.7369,27.047369,0.27047369,0.027047368999999998
002651.SZ,002651,利君股份,20120817,14.47,15.05,15.1,14.26,15.22,-0.75,-0.0493,2034857.0,29920328.0,29920.328,2992.0328,29.920327999999998,0.29920327999999996,0.029920327999999996
002651.SZ,002651,利君股份,20120810,15.22,14.28,15.42,14.15,14.22,1.0,0.0703,3695867.0,54415198.0,54415.198,5441.5198,54.415198000000004,0.5441519800000001,0.05441519800000001
002651.SZ,002651,利君股份,20120803,14.22,15.5,15.6,13.71,15.39,-1.17,-0.076,3758417.0,54248285.0,54248.285,5424.8285000000005,54.248285,0.5424828500000001,0.05424828500000001
002651.SZ,002651,利君股份,20120727,15.39,15.09,15.89,14.65,14.96,0.43,0.0287,2788127.0,42281671.0,42281.671,4228.167100000001,42.281671,0.42281671000000004,0.04228167100000001
002651.SZ,002651,利君股份,20120720,14.96,15.08,15.2,14.32,15.04,-0.08,-0.0053,2406501.0,35641038.0,35641.038,3564.1038,35.641038,0.35641038,0.035641038
002651.SZ,002651,利君股份,20120713,15.04,15.44,15.44,14.43,15.5,-0.46,-0.0297,2474088.0,36715178.0,36715.178,3671.5178,36.715178,0.36715178000000004,0.036715178
002651.SZ,002651,利君股份,20120706,15.5,15.8,16.14,14.98,15.72,-0.22,-0.014,2673940.0,41964181.0,41964.181,4196.4181,41.964180999999996,0.41964180999999995,0.041964180999999996
002651.SZ,002651,利君股份,20120629,15.72,16.52,16.52,15.5,16.62,-0.9,-0.0542,2219672.0,35257931.0,35257.931,3525.7931,35.257931,0.35257931,0.035257931
002651.SZ,002651,利君股份,20120621,16.62,16.75,17.15,16.52,16.75,-0.13,-0.0078,2337255.0,39447768.0,39447.768,3944.7767999999996,39.447767999999996,0.39447767999999994,0.039447767999999994
002651.SZ,002651,利君股份,20120615,16.75,16.57,16.96,16.37,16.55,0.2,0.0121,2981350.0,49614834.0,49614.834,4961.4834,49.614834,0.49614834,0.049614834000000003
002651.SZ,002651,利君股份,20120608,16.55,18.45,18.45,16.51,18.61,-2.06,-0.1107,4370958.0,76486617.0,76486.617,7648.6617,76.486617,0.7648661699999999,0.07648661699999999
002651.SZ,002651,利君股份,20120601,18.61,17.51,18.62,17.0,17.49,1.12,0.064,6436478.0,116723952.0,116723.952,11672.3952,116.72395200000001,1.16723952,0.116723952
002651.SZ,002651,利君股份,20120525,17.49,17.87,18.39,17.48,17.8,-0.31,-0.0174,5191480.0,93092762.0,93092.762,9309.2762,93.09276200000001,0.9309276200000001,0.09309276200000001
002651.SZ,002651,利君股份,20120518,17.8,18.63,18.78,17.53,18.59,-0.79,-0.0425,4710093.0,85353006.0,85353.006,8535.300599999999,85.353006,0.85353006,0.085353006
002651.SZ,002651,利君股份,20120511,18.59,18.39,18.78,17.51,18.16,0.43,0.0237,6151201.0,112083162.0,112083.162,11208.3162,112.08316199999999,1.12083162,0.11208316199999999
002651.SZ,002651,利君股份,20120504,18.16,17.72,18.2,17.58,17.51,0.65,0.0371,3222126.0,57872218.0,57872.218,5787.2218,57.872218000000004,0.5787221800000001,0.05787221800000001
002651.SZ,002651,利君股份,20120427,17.51,19.2,19.3,17.2,19.33,-1.82,-0.0942,7154761.0,128076441.0,128076.441,12807.644100000001,128.07644100000002,1.2807644100000002,0.128076441
002651.SZ,002651,利君股份,20120420,19.33,18.86,19.48,18.43,19.01,0.32,0.0168,7678405.0,145667426.0,145667.426,14566.742600000001,145.667426,1.45667426,0.145667426
002651.SZ,002651,利君股份,20120413,19.01,19.12,19.13,17.95,19.47,-0.46,-0.0236,7701119.0,143407866.0,143407.866,14340.786600000001,143.407866,1.4340786600000002,0.14340786600000002
002651.SZ,002651,利君股份,20120406,19.47,18.55,19.77,18.5,18.55,0.92,0.0496,2044858.0,39235044.0,39235.044,3923.5044000000003,39.235044,0.39235044,0.039235044000000004
002651.SZ,002651,利君股份,20120330,18.55,21.46,21.68,18.45,21.54,-2.99,-0.1388,4953150.0,99847472.0,99847.472,9984.7472,99.847472,0.9984747199999999,0.09984747199999999
002651.SZ,002651,利君股份,20120323,21.54,22.76,22.99,21.49,22.75,-1.21,-0.0532,5828291.0,128968234.0,128968.234,12896.8234,128.968234,1.28968234,0.128968234
002651.SZ,002651,利君股份,20120316,22.75,23.4,25.05,21.81,23.47,-0.72,-0.0307,18000840.0,425622584.0,425622.584,42562.2584,425.62258399999996,4.25622584,0.42562258399999997
002651.SZ,002651,利君股份,20120309,23.47,23.08,23.8,22.5,23.07,0.4,0.0173,10606144.0,245033878.0,245033.878,24503.3878,245.03387800000002,2.45033878,0.245033878
002651.SZ,002651,利君股份,20120302,23.07,22.55,23.87,21.92,22.35,0.72,0.0322,16086654.0,366899044.0,366899.044,36689.9044,366.899044,3.66899044,0.366899044
002651.SZ,002651,利君股份,20120224,22.35,21.23,22.45,20.49,20.9,1.45,0.0694,13469813.0,289817084.0,289817.084,28981.708399999996,289.81708399999997,2.8981708399999997,0.28981708399999995
002651.SZ,002651,利君股份,20120217,20.9,21.35,21.8,20.73,21.36,-0.46,-0.0215,8913015.0,189157294.0,189157.294,18915.7294,189.157294,1.89157294,0.189157294
002651.SZ,002651,利君股份,20120210,21.36,21.4,21.6,20.52,21.4,-0.04,-0.0019,5772892.0,122513904.0,122513.904,12251.3904,122.513904,1.22513904,0.12251390399999999
002651.SZ,002651,利君股份,20120203,21.4,20.89,21.47,20.45,20.81,0.59,0.0284,5825826.0,122965768.0,122965.768,12296.576799999999,122.96576799999998,1.2296576799999999,0.12296576799999999
002651.SZ,002651,利君股份,20120120,20.81,21.5,21.71,19.8,21.9,-1.09,-0.0498,9713008.0,201292874.0,201292.874,20129.2874,201.292874,2.01292874,0.201292874
002651.SZ,002651,利君股份,20120113,21.9,20.85,24.05,20.71,20.78,1.12,0.0539,27377439.0,623623320.0,623623.32,62362.331999999995,623.6233199999999,6.236233199999999,0.6236233199999999
002651.SZ,002651,利君股份,20120106,20.78,19.2,21.51,19.15,25.0,-4.22,-0.1688,9890392.0,202776272.0,202776.272,20277.6272,202.77627199999998,2.0277627199999997,0.20277627199999998
