ts_code,code,name,trade_date,close,open,high,low,pre_close,change,pct_chg,vol,amount,1K_amount,10K_amount,1M_amount,100M_amount,1B_amount
002790.SZ,002790,瑞尔特,20200320,6.66,6.3,6.67,5.84,6.27,0.39,0.0622,14455334.0,90902917.27,90902.91726999999,9090.291727,90.90291727,0.9090291727,0.09090291727000001
002790.SZ,002790,瑞尔特,20200313,6.27,6.67,6.78,5.93,6.67,-0.4,-0.06,16199620.0,104492194.4,104492.19440000001,10449.21944,104.4921944,1.044921944,0.10449219439999999
002790.SZ,002790,瑞尔特,20200306,6.67,5.95,6.74,5.95,5.92,0.75,0.1267,17170204.0,110017107.15,110017.10715000001,11001.710715000001,110.01710715000002,1.1001710715000002,0.11001710715000002
002790.SZ,002790,瑞尔特,20200228,5.92,6.17,6.37,5.9,6.2,-0.28,-0.0452,12093864.0,74264282.18,74264.28218000001,7426.428218000001,74.26428218000001,0.7426428218000001,0.07426428218
002790.SZ,002790,瑞尔特,20200221,6.2,5.8,6.25,5.79,5.82,0.38,0.0653,9219383.0,55789053.34,55789.053340000006,5578.905334000001,55.78905334000001,0.5578905334,0.055789053340000005
002790.SZ,002790,瑞尔特,20200214,5.82,5.75,6.06,5.71,5.8,0.02,0.0034,7696205.0,45343267.05,45343.267049999995,4534.3267049999995,45.343267049999994,0.45343267049999997,0.04534326705
002790.SZ,002790,瑞尔特,20200207,5.8,5.63,5.85,5.46,6.26,-0.46,-0.0735,11033309.0,62713007.38,62713.00738,6271.300738,62.71300738,0.6271300738,0.06271300737999999
002790.SZ,002790,瑞尔特,20200123,6.26,6.52,6.64,6.21,6.53,-0.27,-0.0413,8441429.0,54372767.17,54372.76717,5437.276717,54.372767169999996,0.5437276716999999,0.05437276716999999
002790.SZ,002790,瑞尔特,20200117,6.53,6.7,6.7,6.48,6.69,-0.16,-0.0239,10007137.0,65809446.49,65809.44649,6580.944649,65.80944649,0.6580944649,0.06580944649
002790.SZ,002790,瑞尔特,20200110,6.69,6.51,6.74,6.48,6.57,0.12,0.0183,17369560.0,115424116.18,115424.11618000001,11542.411618000002,115.42411618000001,1.1542411618000001,0.11542411618000001
002790.SZ,002790,瑞尔特,20200103,6.57,6.41,6.62,6.31,6.42,0.15,0.0234,8190740.0,53253903.02,53253.903020000005,5325.390302000001,53.25390302000001,0.5325390302000002,0.053253903020000014
002790.SZ,002790,瑞尔特,20191227,6.42,6.49,6.5,6.3,6.46,-0.04,-0.0062,6810756.0,43625933.76,43625.93376,4362.593376,43.625933759999995,0.43625933759999996,0.04362593376
002790.SZ,002790,瑞尔特,20191220,6.46,6.4,6.51,6.36,6.38,0.08,0.0125,12386152.0,80031044.84,80031.04484,8003.104484,80.03104484,0.8003104484000001,0.08003104484000001
002790.SZ,002790,瑞尔特,20191213,6.38,6.8,6.81,6.25,6.8,-0.42,-0.0618,19235530.0,123616065.22,123616.06522,12361.606522,123.61606522,1.2361606522,0.12361606521999999
002790.SZ,002790,瑞尔特,20191206,6.8,6.83,7.11,6.72,6.83,-0.03,-0.0044,19630933.0,135494675.18,135494.67518000002,13549.467518000001,135.49467518,1.3549467518,0.13549467518
002790.SZ,002790,瑞尔特,20191129,6.83,6.78,6.87,6.75,6.8,0.03,0.0044,6714270.0,45712116.54,45712.11654,4571.211654000001,45.712116540000004,0.45712116540000003,0.04571211654
002790.SZ,002790,瑞尔特,20191122,6.8,6.98,6.98,6.64,6.95,-0.15,-0.0216,10235221.0,69656830.62,69656.83062000001,6965.683062000001,69.65683062000001,0.6965683062000001,0.06965683062000001
002790.SZ,002790,瑞尔特,20191115,6.95,6.88,7.24,6.68,6.89,0.06,0.0087,20197747.0,141900057.04,141900.05703999999,14190.005704,141.90005703999998,1.4190005703999997,0.14190005703999997
002790.SZ,002790,瑞尔特,20191108,6.89,6.77,7.01,6.63,6.74,0.15,0.0223,11916234.0,81322819.18,81322.81918,8132.281918000001,81.32281918000001,0.8132281918,0.08132281918
002790.SZ,002790,瑞尔特,20191101,6.74,6.82,7.11,6.7,6.8,-0.06,-0.0088,16178063.0,111501600.99,111501.60098999999,11150.160098999999,111.50160098999999,1.1150160099,0.11150160098999999
002790.SZ,002790,瑞尔特,20191025,6.8,6.48,6.85,6.35,6.48,0.32,0.0494,7270218.0,48095500.72,48095.50072,4809.550072,48.09550072,0.48095500719999995,0.048095500719999996
002790.SZ,002790,瑞尔特,20191018,6.48,6.55,6.63,6.45,6.44,0.04,0.0062,7229288.0,47208553.44,47208.553439999996,4720.855344,47.208553439999996,0.47208553439999995,0.047208553439999995
002790.SZ,002790,瑞尔特,20191011,6.44,6.38,6.53,6.26,6.41,0.03,0.0047,5765984.0,36969043.96,36969.04396,3696.9043960000004,36.96904396,0.36969043960000003,0.03696904396
002790.SZ,002790,瑞尔特,20190930,6.41,6.51,6.56,6.41,6.51,-0.1,-0.0154,1552540.0,10068961.6,10068.961599999999,1006.8961599999999,10.0689616,0.100689616,0.010068961599999999
002790.SZ,002790,瑞尔特,20190927,6.51,7.45,7.93,6.42,7.43,-0.92,-0.1238,41064435.0,299606951.41,299606.95141000004,29960.695141000004,299.60695141,2.9960695141,0.29960695141000004
002790.SZ,002790,瑞尔特,20190920,7.43,6.78,7.45,6.65,6.71,0.72,0.1073,22687031.0,159846911.56,159846.91156,15984.691156,159.84691156,1.5984691156,0.15984691156
002790.SZ,002790,瑞尔特,20190912,6.71,6.59,6.74,6.53,6.53,0.18,0.0276,7995608.0,53116068.87,53116.068869999996,5311.606887,53.11606887,0.5311606887,0.05311606887
002790.SZ,002790,瑞尔特,20190906,6.53,6.29,6.63,6.21,6.2,0.33,0.0532,10872075.0,70296178.43,70296.17843,7029.617843,70.29617843,0.7029617843,0.07029617843
002790.SZ,002790,瑞尔特,20190830,6.2,6.18,6.47,6.11,6.25,-0.05,-0.008,8231758.0,52154642.39,52154.64239,5215.464239,52.15464239,0.5215464239,0.05215464238999999
002790.SZ,002790,瑞尔特,20190823,6.25,6.21,6.33,6.17,6.15,0.1,0.0163,8572570.0,53648147.0,53648.147,5364.8147,53.648147,0.53648147,0.053648147
002790.SZ,002790,瑞尔特,20190816,6.15,6.21,6.21,5.9,6.17,-0.02,-0.0032,7188928.0,43525405.28,43525.40528,4352.5405279999995,43.525405279999994,0.43525405279999996,0.04352540528
002790.SZ,002790,瑞尔特,20190809,6.17,6.57,6.64,6.11,6.62,-0.45,-0.068,6911538.0,43388997.7,43388.9977,4338.89977,43.3889977,0.433889977,0.0433889977
002790.SZ,002790,瑞尔特,20190802,6.62,6.64,6.85,6.46,6.66,-0.04,-0.006,8312876.0,55450703.57,55450.70357,5545.070357,55.450703569999995,0.5545070356999999,0.055450703569999996
002790.SZ,002790,瑞尔特,20190726,6.66,6.59,6.74,6.2,6.59,0.07,0.0106,7646504.0,49833344.38,49833.34438,4983.334438,49.83334438,0.4983334438,0.04983334438
002790.SZ,002790,瑞尔特,20190719,6.59,6.72,6.85,6.57,6.72,-0.13,-0.0193,7445180.0,50020137.36,50020.13736,5002.013736,50.02013736,0.5002013735999999,0.050020137359999994
002790.SZ,002790,瑞尔特,20190712,6.72,7.53,7.62,6.66,7.66,-0.94,-0.1227,14888133.0,104033993.99,104033.99398999999,10403.399398999998,104.03399398999998,1.0403399399,0.10403399398999999
002790.SZ,002790,瑞尔特,20190705,7.66,6.83,8.18,6.83,6.76,0.9,0.1331,22048444.0,162034417.84,162034.41784,16203.441784,162.03441784,1.6203441784000001,0.16203441784
002790.SZ,002790,瑞尔特,20190628,6.76,6.97,7.04,6.63,6.96,-0.2,-0.0287,7860006.0,54012727.48,54012.727479999994,5401.272747999999,54.012727479999995,0.5401272748,0.05401272748
002790.SZ,002790,瑞尔特,20190621,6.96,6.81,6.97,6.6,6.7,0.26,0.0388,7906747.0,53624280.98,53624.280979999996,5362.428097999999,53.624280979999995,0.5362428097999999,0.053624280979999994
002790.SZ,002790,瑞尔特,20190614,6.7,6.68,6.97,6.53,6.68,0.02,0.003,9732155.0,66152967.65,66152.96764999999,6615.296764999999,66.15296765,0.6615296764999999,0.06615296764999999
002790.SZ,002790,瑞尔特,20190606,6.68,7.35,7.68,6.66,7.41,-0.73,-0.0985,7843413.0,55520227.36,55520.22736,5552.022736,55.52022736,0.5552022736,0.055520227359999993
002790.SZ,002790,瑞尔特,20190531,7.41,12.34,12.88,7.27,12.25,-4.84,-0.3951,10732740.0,107515802.84,107515.80284,10751.580284,107.51580283999999,1.0751580284,0.10751580284
002790.SZ,002790,瑞尔特,20190524,12.25,12.27,12.69,12.13,12.38,-0.13,-0.0105,5670363.0,70468482.55,70468.48255,7046.848255,70.46848255,0.7046848255,0.07046848255
002790.SZ,002790,瑞尔特,20190517,12.38,12.28,12.81,12.08,12.37,0.01,0.0008,7915159.0,99079705.35,99079.70534999999,9907.970534999999,99.07970534999998,0.9907970534999998,0.09907970534999998
002790.SZ,002790,瑞尔特,20190510,12.37,12.79,12.79,11.58,12.93,-0.56,-0.0433,9824630.0,118174766.96,118174.76696,11817.476696,118.17476696,1.1817476696,0.11817476696
002790.SZ,002790,瑞尔特,20190430,12.93,13.16,13.37,12.86,13.0,-0.07,-0.0054,4690792.0,61357655.11,61357.65511,6135.765511,61.357655109999996,0.6135765511,0.06135765511
002790.SZ,002790,瑞尔特,20190426,13.0,13.59,13.59,12.89,13.49,-0.49,-0.0363,10446452.0,138501296.77,138501.29677000002,13850.129677,138.50129677,1.3850129677,0.13850129677
002790.SZ,002790,瑞尔特,20190419,13.49,13.48,13.69,13.15,13.39,0.1,0.0075,11146231.0,149988311.63,149988.31162999998,14998.831162999999,149.98831163,1.4998831163,0.14998831162999998
002790.SZ,002790,瑞尔特,20190412,13.39,14.77,14.77,13.23,13.73,-0.34,-0.0248,29977187.0,416451263.18,416451.26318,41645.126318,416.45126318,4.1645126318,0.41645126318000003
002790.SZ,002790,瑞尔特,20190404,13.73,11.73,13.73,11.73,11.73,2.0,0.1705,11757098.0,146408484.83,146408.48483,14640.848483,146.40848483,1.4640848483,0.14640848483
002790.SZ,002790,瑞尔特,20190329,11.73,11.87,12.05,11.28,12.13,-0.4,-0.033,10735235.0,124986909.49,124986.90948999999,12498.690949,124.98690949,1.2498690949,0.12498690948999999
002790.SZ,002790,瑞尔特,20190322,12.13,11.71,12.32,11.65,11.72,0.41,0.035,12333247.0,149000811.38,149000.81138,14900.081138,149.00081138,1.4900081137999999,0.14900081138
002790.SZ,002790,瑞尔特,20190315,11.72,11.95,12.47,11.51,11.91,-0.19,-0.016,14048747.0,169112860.4,169112.8604,16911.28604,169.1128604,1.691128604,0.1691128604
002790.SZ,002790,瑞尔特,20190308,11.91,12.28,12.88,11.59,12.28,-0.37,-0.0301,28393101.0,351402181.58,351402.18158,35140.218157999996,351.40218157999993,3.514021815799999,0.3514021815799999
002790.SZ,002790,瑞尔特,20190301,12.28,11.64,12.69,11.46,11.57,0.71,0.0614,30063464.0,364708905.41,364708.90541,36470.890541,364.70890541,3.6470890541,0.36470890541
002790.SZ,002790,瑞尔特,20190222,11.57,11.44,12.09,11.25,11.48,0.09,0.0078,21078542.0,245700376.34,245700.37634000002,24570.037634,245.70037634,2.4570037634,0.24570037634
002790.SZ,002790,瑞尔特,20190215,11.48,11.29,11.87,11.14,11.23,0.25,0.0223,21888186.0,253281862.1,253281.8621,25328.18621,253.2818621,2.532818621,0.25328186210000003
002790.SZ,002790,瑞尔特,20190201,11.23,11.8,11.85,10.45,11.63,-0.4,-0.0344,18139140.0,202450945.72,202450.94572,20245.094571999998,202.45094572,2.0245094571999998,0.20245094571999997
002790.SZ,002790,瑞尔特,20190125,11.63,10.98,12.4,10.77,10.95,0.68,0.0621,20643534.0,235442069.94,235442.06994,23544.206994,235.44206994,2.3544206994000003,0.23544206994000003
002790.SZ,002790,瑞尔特,20190118,10.95,11.71,12.51,10.76,11.37,-0.42,-0.0369,25840975.0,296555778.23,296555.77823,29655.577823,296.55577823,2.9655577823,0.29655577823
002790.SZ,002790,瑞尔特,20190111,11.37,10.23,11.37,9.99,10.19,1.18,0.1158,14306529.0,154076404.35,154076.40435,15407.640435,154.07640435,1.5407640434999998,0.15407640434999997
002790.SZ,002790,瑞尔特,20190104,10.19,10.54,10.7,9.85,10.59,-0.4,-0.0378,4706559.0,47639590.18,47639.59018,4763.959018,47.63959018,0.47639590179999997,0.04763959018
002790.SZ,002790,瑞尔特,20181228,10.59,10.78,11.08,10.51,10.8,-0.21,-0.0194,8134881.0,87838281.57,87838.28156999999,8783.828157,87.83828156999999,0.8783828156999999,0.08783828156999998
002790.SZ,002790,瑞尔特,20181221,10.8,11.06,11.22,10.56,11.16,-0.36,-0.0323,8337920.0,90683999.8,90683.99979999999,9068.399979999998,90.68399979999998,0.9068399979999998,0.09068399979999998
002790.SZ,002790,瑞尔特,20181214,11.16,10.75,11.52,10.42,10.74,0.42,0.0391,15200262.0,168554527.43,168554.52743000002,16855.452743,168.55452743,1.6855452743000001,0.16855452743000002
002790.SZ,002790,瑞尔特,20181207,10.74,9.95,11.35,9.84,9.68,1.06,0.1095,24143295.0,258475293.21,258475.29321,25847.529321,258.47529321,2.5847529321000002,0.25847529321
002790.SZ,002790,瑞尔特,20181130,9.68,9.61,10.08,9.45,9.61,0.07,0.0073,7207667.0,70500920.47,70500.92047,7050.092047,70.50092047,0.7050092047,0.07050092046999999
002790.SZ,002790,瑞尔特,20181123,9.61,10.35,10.38,9.5,10.31,-0.7,-0.0679,9850219.0,99213441.86,99213.44186,9921.344186,99.21344186,0.9921344186000001,0.09921344186
002790.SZ,002790,瑞尔特,20181116,10.31,9.91,10.55,9.85,9.91,0.4,0.0404,15258603.0,155414306.74,155414.30674,15541.430674,155.41430674,1.5541430674,0.15541430674
002790.SZ,002790,瑞尔特,20181109,9.91,10.05,10.68,9.77,10.08,-0.17,-0.0169,20289617.0,203991263.49,203991.26349,20399.126349000002,203.99126349000002,2.0399126349000003,0.20399126349000002
002790.SZ,002790,瑞尔特,20181102,10.08,8.99,10.08,8.78,9.03,1.05,0.1163,12913923.0,123009132.74,123009.13274,12300.913274,123.00913274,1.2300913274,0.12300913274
002790.SZ,002790,瑞尔特,20181026,9.03,9.11,9.56,8.7,9.07,-0.04,-0.0044,7522743.0,68884387.53,68884.38753,6888.438753,68.88438753,0.6888438753,0.06888438753000001
002790.SZ,002790,瑞尔特,20181019,9.07,8.72,9.43,8.5,8.71,0.36,0.0413,9620054.0,86562196.26,86562.19626000001,8656.219626000002,86.56219626000002,0.8656219626000002,0.08656219626000003
002790.SZ,002790,瑞尔特,20181012,8.71,9.65,10.77,8.38,9.79,-1.08,-0.1103,9355529.0,89464040.57,89464.04057,8946.404057,89.46404057,0.8946404056999999,0.08946404056999999
002790.SZ,002790,瑞尔特,20180928,9.79,9.85,10.25,9.58,9.99,-0.2,-0.02,8814201.0,86711748.99,86711.74899,8671.174899,86.71174898999999,0.8671174898999999,0.08671174898999999
002790.SZ,002790,瑞尔特,20180921,9.99,9.33,10.67,9.04,9.41,0.58,0.0616,15358584.0,151606608.37,151606.60837,15160.660837,151.60660837,1.5160660837,0.15160660837
002790.SZ,002790,瑞尔特,20180914,9.41,9.76,9.76,9.24,9.69,-0.28,-0.0289,3340220.0,31444460.2,31444.460199999998,3144.44602,31.444460199999998,0.31444460199999996,0.031444460199999996
002790.SZ,002790,瑞尔特,20180907,9.69,9.9,10.13,9.68,9.88,-0.19,-0.0192,3394101.0,33574786.0,33574.786,3357.4786,33.574785999999996,0.33574785999999995,0.033574785999999995
002790.SZ,002790,瑞尔特,20180831,9.88,9.98,10.28,9.82,9.95,-0.07,-0.007,2892440.0,28993337.8,28993.3378,2899.33378,28.9933378,0.28993337799999996,0.028993337799999998
002790.SZ,002790,瑞尔特,20180824,9.95,9.86,10.07,9.78,9.9,0.05,0.0051,2658020.0,26484046.0,26484.046,2648.4046,26.484046,0.26484046,0.026484046
002790.SZ,002790,瑞尔特,20180817,9.9,10.16,10.85,9.9,10.32,-0.42,-0.0407,4566554.0,47404294.43,47404.29443,4740.429443,47.40429443,0.4740429443,0.04740429443
002790.SZ,002790,瑞尔特,20180810,10.32,10.11,10.4,9.8,10.07,0.25,0.0248,4584555.0,46520101.22,46520.10122,4652.010122,46.520101219999994,0.46520101219999993,0.04652010121999999
002790.SZ,002790,瑞尔特,20180803,10.07,11.57,11.57,9.9,11.51,-1.44,-0.1251,6373733.0,68549811.17,68549.81117,6854.981117,68.54981117,0.6854981117,0.06854981117
002790.SZ,002790,瑞尔特,20180727,11.51,12.0,12.66,11.47,11.73,-0.22,-0.0188,17382377.0,207545093.35,207545.09334999998,20754.509335,207.54509335,2.0754509335,0.20754509335
002790.SZ,002790,瑞尔特,20180720,11.73,10.24,11.94,10.11,10.2,1.53,0.15,16586382.0,186117018.17,186117.01817,18611.701817,186.11701817000002,1.8611701817000001,0.18611701817
002790.SZ,002790,瑞尔特,20180713,10.2,10.02,10.34,9.72,10.05,0.15,0.0149,3799950.0,38483724.42,38483.72442,3848.372442,38.48372442,0.38483724420000004,0.038483724420000004
002790.SZ,002790,瑞尔特,20180706,10.05,10.36,10.68,9.6,10.32,-0.27,-0.0262,5427851.0,55657561.87,55657.56187,5565.756187,55.65756187,0.5565756187,0.055657561870000004
002790.SZ,002790,瑞尔特,20180629,10.32,10.15,10.5,9.84,10.13,0.19,0.0188,4817720.0,49074760.8,49074.7608,4907.4760799999995,49.07476079999999,0.49074760799999995,0.04907476079999999
002790.SZ,002790,瑞尔特,20180622,10.13,11.6,11.6,9.78,11.8,-1.67,-0.1415,4264340.0,44764727.2,44764.7272,4476.47272,44.764727199999996,0.447647272,0.0447647272
002790.SZ,002790,瑞尔特,20180615,11.8,13.3,13.3,11.6,12.7,-0.9,-0.0709,3858348.0,47860088.28,47860.08828,4786.008828,47.86008828,0.4786008828,0.047860088280000004
002790.SZ,002790,瑞尔特,20180608,12.7,12.89,13.35,12.51,12.84,-0.14,-0.0109,3909552.0,50684222.46,50684.222460000005,5068.422246,50.68422246,0.5068422246000001,0.050684222460000004
002790.SZ,002790,瑞尔特,20180601,12.84,14.09,14.09,12.33,14.09,-1.25,-0.0887,6658569.0,87634189.01,87634.18901,8763.418901000001,87.63418901000001,0.8763418901000002,0.08763418901000002
002790.SZ,002790,瑞尔特,20180525,14.09,23.03,24.35,13.82,22.99,-8.9,-0.3871,6744257.0,145863880.63,145863.88063,14586.388063,145.86388063,1.4586388063000002,0.14586388063000003
002790.SZ,002790,瑞尔特,20180518,22.99,22.55,23.6,22.37,22.52,0.47,0.0209,3494916.0,80291291.99,80291.29199,8029.129199,80.29129199,0.8029129199,0.08029129199
002790.SZ,002790,瑞尔特,20180511,22.52,21.63,23.35,21.58,21.56,0.96,0.0445,3621343.0,82007361.62,82007.36162000001,8200.736162000001,82.00736162000001,0.8200736162000001,0.08200736162000001
002790.SZ,002790,瑞尔特,20180504,21.56,21.99,22.5,21.03,23.29,-1.73,-0.0743,2961859.0,63791654.63,63791.654630000005,6379.165463,63.791654630000004,0.6379165463,0.06379165463
002790.SZ,002790,瑞尔特,20180427,23.29,23.87,24.73,23.06,23.92,-0.63,-0.0263,4195073.0,101218048.22,101218.04822,10121.804822,101.21804822,1.0121804822,0.10121804822
002790.SZ,002790,瑞尔特,20180420,23.92,25.79,25.9,23.4,25.77,-1.85,-0.0718,3222536.0,80006754.29,80006.75429000001,8000.675429000001,80.00675429,0.8000675429,0.08000675429000001
002790.SZ,002790,瑞尔特,20180413,25.77,24.32,26.48,23.91,24.39,1.38,0.0566,7045567.0,180679143.92,180679.14391999997,18067.914392,180.67914392,1.8067914392,0.18067914392
002790.SZ,002790,瑞尔特,20180404,24.39,24.92,25.29,24.04,24.77,-0.38,-0.0153,2340890.0,57306600.93,57306.60093,5730.660093,57.30660093,0.5730660093000001,0.05730660093000001
002790.SZ,002790,瑞尔特,20180330,24.77,23.08,24.88,22.02,23.2,1.57,0.0677,2833966.0,67652121.99,67652.12199,6765.212199,67.65212199,0.6765212199,0.06765212199000001
002790.SZ,002790,瑞尔特,20180323,23.2,25.05,25.79,23.01,25.07,-1.87,-0.0746,3933215.0,97726134.67,97726.13467,9772.613467,97.72613467,0.9772613467,0.09772613466999999
002790.SZ,002790,瑞尔特,20180316,25.07,24.02,27.97,24.02,23.93,1.14,0.0476,6909927.0,181547006.16,181547.00616,18154.700616,181.54700616,1.8154700616,0.18154700616
002790.SZ,002790,瑞尔特,20180309,23.93,23.19,24.05,22.8,22.94,0.99,0.0432,1645055.0,38534391.87,38534.39187,3853.439187,38.53439187,0.3853439187,0.038534391870000004
002790.SZ,002790,瑞尔特,20180302,22.94,22.18,23.24,22.13,22.13,0.81,0.0366,1858711.0,42354941.1,42354.941100000004,4235.494110000001,42.354941100000005,0.42354941100000004,0.0423549411
002790.SZ,002790,瑞尔特,20180223,22.13,21.56,22.77,21.5,21.53,0.6,0.0279,878631.0,19430097.59,19430.09759,1943.009759,19.43009759,0.19430097589999998,0.019430097589999997
002790.SZ,002790,瑞尔特,20180214,21.53,21.62,21.98,21.11,21.11,0.42,0.0199,701739.0,15201322.75,15201.32275,1520.132275,15.20132275,0.1520132275,0.01520132275
002790.SZ,002790,瑞尔特,20180209,21.11,23.24,23.52,20.8,23.55,-2.44,-0.1036,2057587.0,44987885.61,44987.88561,4498.788560999999,44.98788560999999,0.44987885609999995,0.04498788560999999
002790.SZ,002790,瑞尔特,20180202,23.55,26.77,27.92,23.01,26.82,-3.27,-0.1219,3574666.0,92361525.47,92361.52547,9236.152547,92.36152547,0.9236152547,0.09236152547000001
002790.SZ,002790,瑞尔特,20180126,26.82,26.28,27.05,26.1,26.31,0.51,0.0194,2005257.0,53562909.85,53562.909850000004,5356.290985000001,53.562909850000004,0.5356290985000001,0.05356290985000001
002790.SZ,002790,瑞尔特,20180119,26.31,27.05,27.05,25.95,26.91,-0.6,-0.0223,1843740.0,48490885.31,48490.885310000005,4849.088531,48.49088531,0.48490885310000004,0.04849088531
002790.SZ,002790,瑞尔特,20180112,26.91,26.82,27.15,26.44,26.9,0.01,0.0004,1680604.0,45118055.31,45118.05531,4511.805531,45.11805531,0.45118055310000005,0.04511805531
002790.SZ,002790,瑞尔特,20180105,26.9,26.57,27.08,26.42,26.56,0.34,0.0128,1451244.0,38833300.48,38833.30048,3883.330048,38.83330048,0.3883330048,0.03883330048
002790.SZ,002790,瑞尔特,20171229,26.56,27.05,27.05,25.95,27.0,-0.44,-0.0163,2028769.0,53379177.28,53379.17728,5337.917728,53.37917728,0.5337917728,0.05337917728
002790.SZ,002790,瑞尔特,20171222,27.0,27.73,27.73,26.95,27.55,-0.55,-0.02,1545348.0,42170585.18,42170.58518,4217.058518,42.170585179999996,0.4217058518,0.04217058518
002790.SZ,002790,瑞尔特,20171215,27.55,27.85,28.25,27.5,27.85,-0.3,-0.0108,1051013.0,29180074.32,29180.07432,2918.007432,29.18007432,0.2918007432,0.02918007432
002790.SZ,002790,瑞尔特,20171208,27.85,29.01,29.01,27.1,29.11,-1.26,-0.0433,1814359.0,50576268.94,50576.268939999994,5057.626893999999,50.57626893999999,0.5057626893999999,0.05057626893999999
002790.SZ,002790,瑞尔特,20171201,29.11,27.99,29.55,27.51,27.92,1.19,0.0426,2805767.0,79862654.05,79862.65405,7986.265405,79.86265405,0.7986265405,0.07986265405000001
002790.SZ,002790,瑞尔特,20171124,27.92,28.72,29.35,27.91,28.73,-0.81,-0.0282,2148670.0,61535349.82,61535.34982,6153.534982,61.53534982,0.6153534982,0.061535349819999995
002790.SZ,002790,瑞尔特,20171117,28.73,30.8,32.5,28.71,30.89,-2.16,-0.0699,7859031.0,242942788.58,242942.78858000002,24294.278858,242.94278858,2.4294278858,0.24294278858
002790.SZ,002790,瑞尔特,20171110,30.89,30.04,31.26,30.04,30.1,0.79,0.0262,2243687.0,68964994.48,68964.99448000001,6896.4994480000005,68.96499448,0.6896499448,0.06896499448
002790.SZ,002790,瑞尔特,20171103,30.1,32.57,32.78,30.0,32.57,-2.47,-0.0758,3814052.0,118140702.94,118140.70294,11814.070294000001,118.14070294000001,1.1814070294,0.11814070294000001
002790.SZ,002790,瑞尔特,20171027,32.57,33.03,33.5,32.28,33.03,-0.46,-0.0139,4245120.0,139983554.22,139983.55422,13998.355421999999,139.98355421999997,1.3998355421999997,0.13998355421999997
002790.SZ,002790,瑞尔特,20171020,33.03,33.01,33.26,31.56,32.94,0.09,0.0027,3693022.0,120048677.56,120048.67756,12004.867756,120.04867756,1.2004867756,0.12004867756
002790.SZ,002790,瑞尔特,20171013,32.94,31.6,33.0,31.25,31.2,1.74,0.0558,3695037.0,119352331.78,119352.33178000001,11935.233178,119.35233178,1.1935233178,0.11935233178
002790.SZ,002790,瑞尔特,20170929,31.2,32.35,32.63,30.88,32.36,-1.16,-0.0358,2679077.0,84176286.42,84176.28642,8417.628642,84.17628642,0.8417628642,0.08417628642
002790.SZ,002790,瑞尔特,20170922,32.36,32.16,32.69,32.0,32.08,0.28,0.0087,2072738.0,67232994.69,67232.99468999999,6723.299469,67.23299469,0.6723299469,0.06723299469
002790.SZ,002790,瑞尔特,20170915,32.08,32.59,33.54,31.9,32.55,-0.47,-0.0144,2842844.0,92930115.77,92930.11576999999,9293.011577,92.93011576999999,0.9293011576999999,0.09293011576999999
002790.SZ,002790,瑞尔特,20170908,32.55,33.9,33.9,32.4,34.01,-1.46,-0.0429,4537488.0,150798672.84,150798.67284,15079.867284000002,150.79867284000002,1.5079867284000001,0.15079867284
002790.SZ,002790,瑞尔特,20170901,34.01,31.5,35.5,31.25,31.29,2.72,0.0869,11282961.0,377691714.54,377691.71454,37769.171454,377.69171454,3.7769171454,0.37769171454
002790.SZ,002790,瑞尔特,20170825,31.29,30.6,31.35,30.52,30.62,0.67,0.0219,2672210.0,82619354.02,82619.35402,8261.935402,82.61935401999999,0.8261935401999999,0.08261935402
002790.SZ,002790,瑞尔特,20170818,30.62,29.42,31.17,29.21,29.17,1.45,0.0497,3458830.0,105566478.4,105566.4784,10556.647840000001,105.56647840000001,1.0556647840000002,0.10556647840000002
002790.SZ,002790,瑞尔特,20170811,29.17,29.9,30.48,29.02,29.9,-0.73,-0.0244,2208198.0,65426126.29,65426.12629,6542.612629,65.42612629,0.6542612629,0.06542612629
002790.SZ,002790,瑞尔特,20170804,29.9,30.6,30.84,29.9,30.82,-0.92,-0.0299,1956031.0,59556476.26,59556.476259999996,5955.647626,59.55647626,0.5955647626,0.059556476260000005
002790.SZ,002790,瑞尔特,20170728,30.82,30.04,32.5,29.5,30.3,0.52,0.0172,3354488.0,103557170.5,103557.1705,10355.71705,103.5571705,1.035571705,0.10355717049999999
002790.SZ,002790,瑞尔特,20170721,30.3,32.4,32.4,28.56,32.5,-2.2,-0.0677,4481909.0,133618960.46,133618.96046,13361.896046,133.61896046,1.3361896046000001,0.13361896046000002
002790.SZ,002790,瑞尔特,20170714,32.5,33.9,34.25,32.2,34.07,-1.57,-0.0461,2864609.0,94814277.79,94814.27779000001,9481.427779000001,94.81427779000002,0.9481427779000002,0.09481427779000003
002790.SZ,002790,瑞尔特,20170707,34.07,32.41,34.12,32.38,32.41,1.66,0.0512,3599457.0,119750499.7,119750.4997,11975.04997,119.7504997,1.197504997,0.1197504997
002790.SZ,002790,瑞尔特,20170630,32.41,32.61,33.25,31.8,32.84,-0.43,-0.0131,2613813.0,85052285.77,85052.28577,8505.228577,85.05228577,0.8505228577,0.08505228577
002790.SZ,002790,瑞尔特,20170623,32.84,34.09,34.48,32.5,34.12,-1.28,-0.0375,2631149.0,88455256.15,88455.25615,8845.525615,88.45525615000001,0.8845525615000001,0.08845525615000001
002790.SZ,002790,瑞尔特,20170616,34.12,33.5,34.88,33.03,33.8,0.32,0.0095,3965526.0,135088536.61,135088.53661,13508.853661000001,135.08853661,1.3508853661,0.13508853661
002790.SZ,002790,瑞尔特,20170609,33.8,31.77,34.52,31.67,31.76,2.04,0.0642,4729621.0,157784459.52,157784.45952,15778.445952,157.78445952,1.5778445952000002,0.15778445952000003
002790.SZ,002790,瑞尔特,20170602,31.76,33.59,33.96,30.97,33.05,-1.29,-0.039,1813455.0,58752394.72,58752.39472,5875.239471999999,58.75239471999999,0.5875239471999999,0.05875239471999999
002790.SZ,002790,瑞尔特,20170526,33.05,33.15,33.4,31.11,33.1,-0.05,-0.0015,3877885.0,125804315.54,125804.31554000001,12580.431554,125.80431554,1.2580431554,0.12580431554
002790.SZ,002790,瑞尔特,20170519,33.1,32.25,33.75,31.32,32.18,0.92,0.0286,5087825.0,167130250.32,167130.25032,16713.025031999998,167.13025032,1.6713025032,0.16713025032
002790.SZ,002790,瑞尔特,20170512,32.18,33.41,33.72,31.0,33.63,-1.45,-0.0431,3746992.0,122777372.68,122777.37268,12277.737268,122.77737268000001,1.2277737268000002,0.12277737268000002
002790.SZ,002790,瑞尔特,20170505,33.63,34.93,34.94,33.5,34.95,-1.32,-0.0378,2698394.0,92400436.88,92400.43688,9240.043688,92.40043688,0.9240043688,0.09240043688
002790.SZ,002790,瑞尔特,20170428,34.95,35.0,35.29,33.0,35.32,-0.37,-0.0105,4708807.0,162090512.78,162090.51278,16209.051277999999,162.09051277999998,1.6209051277999997,0.16209051277999997
002790.SZ,002790,瑞尔特,20170421,35.32,37.03,37.1,34.8,37.5,-2.18,-0.0581,5153403.0,184472678.73,184472.67872999999,18447.267872999997,184.47267872999998,1.8447267873,0.18447267873
002790.SZ,002790,瑞尔特,20170414,37.5,39.8,39.8,37.02,39.8,-2.3,-0.0578,6485232.0,245758480.07,245758.48007,24575.848007,245.75848007000002,2.4575848007000003,0.24575848007000003
002790.SZ,002790,瑞尔特,20170407,39.8,40.01,41.27,39.7,39.98,-0.18,-0.0045,3441304.0,139387786.77,139387.78677,13938.778677,139.38778677,1.3938778676999999,0.13938778677
002790.SZ,002790,瑞尔特,20170331,39.98,45.05,45.33,39.51,45.3,-5.32,-0.1174,11648675.0,492159663.74,492159.66374,49215.966373999996,492.15966374,4.9215966373999995,0.49215966374
002790.SZ,002790,瑞尔特,20170324,45.3,43.85,45.8,43.33,43.83,1.47,0.0335,14815712.0,662550176.18,662550.17618,66255.017618,662.55017618,6.6255017618,0.66255017618
002790.SZ,002790,瑞尔特,20170317,43.83,43.35,44.98,42.4,43.03,0.8,0.0186,12707882.0,555685986.42,555685.98642,55568.598642,555.68598642,5.5568598642,0.55568598642
002790.SZ,002790,瑞尔特,20170310,43.03,43.5,44.1,42.28,43.46,-0.43,-0.0099,6213655.0,268912030.62,268912.03062,26891.203061999997,268.91203062,2.6891203062,0.26891203062
002790.SZ,002790,瑞尔特,20170303,43.46,42.65,44.55,41.6,42.83,0.63,0.0147,10033739.0,431851581.34,431851.58134,43185.158134,431.85158134,4.3185158134,0.43185158134
002790.SZ,002790,瑞尔特,20170224,42.83,40.51,42.87,39.6,40.75,2.08,0.051,6910428.0,286017394.19,286017.39419,28601.739419,286.01739419,2.8601739419,0.28601739419
002790.SZ,002790,瑞尔特,20170217,40.75,41.9,42.69,40.68,41.9,-1.15,-0.0274,4497462.0,188334421.19,188334.42119,18833.442119,188.33442119,1.8833442119,0.18833442119
002790.SZ,002790,瑞尔特,20170210,41.9,40.21,42.43,40.21,40.23,1.67,0.0415,5221542.0,216223619.8,216223.61980000001,21622.36198,216.22361980000002,2.1622361980000004,0.21622361980000004
002790.SZ,002790,瑞尔特,20170203,40.23,40.8,40.95,40.18,40.93,-0.7,-0.0171,482845.0,19530759.05,19530.75905,1953.0759050000001,19.53075905,0.19530759050000002,0.019530759050000002
002790.SZ,002790,瑞尔特,20170126,40.93,40.45,40.97,39.5,40.4,0.53,0.0131,3969227.0,160319031.45,160319.03144999998,16031.903144999998,160.31903144999998,1.6031903145,0.16031903144999998
002790.SZ,002790,瑞尔特,20170120,40.4,41.6,41.75,37.49,41.66,-1.26,-0.0302,7713866.0,305249247.18,305249.24718,30524.924718000002,305.24924718,3.0524924718,0.30524924718
002790.SZ,002790,瑞尔特,20170113,41.66,44.72,45.34,41.5,44.74,-3.08,-0.0688,6969806.0,304078568.66,304078.56866000005,30407.856866000006,304.07856866000003,3.0407856866000005,0.30407856866000005
002790.SZ,002790,瑞尔特,20170106,44.74,48.0,48.88,44.45,48.1,-3.36,-0.0699,7282512.0,343614087.12,343614.08712,34361.408712,343.61408711999997,3.4361408711999997,0.34361408711999997
002790.SZ,002790,瑞尔特,20161230,48.1,50.7,52.15,47.3,51.48,-3.38,-0.0657,7914857.0,395307549.12,395307.54912,39530.754912,395.30754912,3.9530754912,0.39530754912
002790.SZ,002790,瑞尔特,20161223,51.48,54.21,55.73,51.11,54.21,-2.73,-0.0504,9364446.0,492243150.73,492243.15073,49224.315073,492.24315072999997,4.9224315073,0.49224315072999997
002790.SZ,002790,瑞尔特,20161216,54.21,53.55,55.28,48.71,53.51,0.7,0.0131,16629131.0,869186302.44,869186.30244,86918.630244,869.18630244,8.6918630244,0.86918630244
002790.SZ,002790,瑞尔特,20161209,53.51,53.01,54.98,50.97,54.16,-0.65,-0.012,17148953.0,908731253.41,908731.25341,90873.125341,908.73125341,9.0873125341,0.90873125341
002790.SZ,002790,瑞尔特,20161202,54.16,57.8,59.6,53.52,58.63,-4.47,-0.0762,29854797.0,1681506226.78,1681506.22678,168150.62267799999,1681.50622678,16.8150622678,1.6815062267799998
002790.SZ,002790,瑞尔特,20161125,58.63,52.6,60.88,51.61,52.1,6.53,0.1253,46286782.0,2600241458.64,2600241.45864,260024.145864,2600.24145864,26.0024145864,2.6002414586400002
002790.SZ,002790,瑞尔特,20161118,52.1,50.98,53.6,48.8,51.0,1.1,0.0216,25831298.0,1326183255.67,1326183.25567,132618.32556700002,1326.18325567,13.261832556700002,1.3261832556700002
002790.SZ,002790,瑞尔特,20161111,51.0,51.58,52.98,49.2,51.58,-0.58,-0.0112,21606084.0,1099701698.9,1099701.6989000002,109970.16989000002,1099.7016989,10.997016989,1.0997016989000001
002790.SZ,002790,瑞尔特,20161104,51.58,49.75,52.2,48.5,49.88,1.7,0.0341,23548677.0,1198118032.59,1198118.03259,119811.803259,1198.11803259,11.9811803259,1.19811803259
002790.SZ,002790,瑞尔特,20161028,49.88,48.3,50.96,47.38,48.4,1.48,0.0306,22026069.0,1078056650.4,1078056.6504000002,107805.66504000002,1078.0566504000003,10.780566504000003,1.0780566504000002
002790.SZ,002790,瑞尔特,20161021,48.4,47.25,48.5,45.55,46.94,1.46,0.0311,17667610.0,831719084.15,831719.08415,83171.908415,831.71908415,8.3171908415,0.8317190841500001
002790.SZ,002790,瑞尔特,20161014,46.94,42.68,47.44,42.68,42.03,4.91,0.1168,20929034.0,960978964.08,960978.9640800001,96097.896408,960.97896408,9.609789640799999,0.9609789640799999
002790.SZ,002790,瑞尔特,20160930,42.03,43.12,43.12,40.88,43.18,-1.15,-0.0266,6020997.0,252263389.23,252263.38923,25226.338923,252.26338923,2.5226338923,0.25226338923
002790.SZ,002790,瑞尔特,20160923,43.18,42.28,43.98,42.15,41.95,1.23,0.0293,6653755.0,285311496.75,285311.49675,28531.149675,285.31149675,2.8531149675,0.28531149675
002790.SZ,002790,瑞尔特,20160914,41.95,43.01,43.2,41.51,44.0,-2.05,-0.0466,4571782.0,193439443.21,193439.44321,19343.944321,193.43944320999998,1.9343944320999997,0.19343944320999998
002790.SZ,002790,瑞尔特,20160909,44.0,44.35,45.56,43.8,44.39,-0.39,-0.0088,7009891.0,313478138.47,313478.13847,31347.813847,313.47813847000003,3.1347813847,0.31347813847
002790.SZ,002790,瑞尔特,20160902,44.39,45.86,46.49,44.38,45.84,-1.45,-0.0316,7575266.0,345327118.59,345327.11858999997,34532.711858999995,345.32711858999994,3.4532711858999994,0.3453271185899999
002790.SZ,002790,瑞尔特,20160826,45.84,48.6,48.6,45.2,48.95,-3.11,-0.0635,13060641.0,610725588.52,610725.58852,61072.558852,610.72558852,6.1072558852,0.61072558852
002790.SZ,002790,瑞尔特,20160819,48.95,45.35,49.18,44.99,45.35,3.6,0.0794,22996207.0,1098464541.19,1098464.54119,109846.454119,1098.46454119,10.9846454119,1.09846454119
002790.SZ,002790,瑞尔特,20160812,45.35,44.45,48.37,44.45,45.13,0.22,0.0049,20820827.0,968928481.85,968928.48185,96892.848185,968.9284818499999,9.6892848185,0.9689284818499999
002790.SZ,002790,瑞尔特,20160805,45.13,45.7,46.22,43.0,46.13,-1.0,-0.0217,12960886.0,582250177.76,582250.17776,58225.017776,582.25017776,5.8225017776,0.58225017776
002790.SZ,002790,瑞尔特,20160729,46.13,49.6,51.12,45.26,50.01,-3.88,-0.0776,19696414.0,947813583.54,947813.5835399999,94781.358354,947.81358354,9.4781358354,0.94781358354
002790.SZ,002790,瑞尔特,20160722,50.01,52.72,55.22,50.0,53.21,-3.2,-0.0601,29013256.0,1542158754.37,1542158.75437,154215.875437,1542.15875437,15.4215875437,1.54215875437
002790.SZ,002790,瑞尔特,20160715,53.21,52.36,54.8,47.83,53.1,0.11,0.0021,36533065.0,1891531394.95,1891531.39495,189153.139495,1891.53139495,18.9153139495,1.89153139495
002790.SZ,002790,瑞尔特,20160708,53.1,48.23,55.87,48.02,48.58,4.52,0.093,42248862.0,2237052402.46,2237052.40246,223705.240246,2237.05240246,22.370524024599998,2.23705240246
002790.SZ,002790,瑞尔特,20160701,48.58,46.25,51.75,46.06,46.55,2.03,0.0436,40752883.0,1993823353.96,1993823.35396,199382.335396,1993.82335396,19.938233539600002,1.9938233539600003
002790.SZ,002790,瑞尔特,20160624,46.55,44.16,49.56,44.0,43.79,2.76,0.063,45206203.0,2116919327.21,2116919.3272100003,211691.93272100002,2116.91932721,21.169193272100003,2.11691932721
002790.SZ,002790,瑞尔特,20160617,43.79,43.59,44.19,39.89,45.1,-1.31,-0.029,24756498.0,1054818755.38,1054818.75538,105481.875538,1054.8187553799999,10.548187553799998,1.05481875538
002790.SZ,002790,瑞尔特,20160608,45.1,43.5,47.2,42.52,43.38,1.72,0.0396,21973698.0,979245461.86,979245.46186,97924.546186,979.2454618600001,9.7924546186,0.97924546186
002790.SZ,002790,瑞尔特,20160603,43.38,39.65,44.5,39.01,40.2,3.18,0.0791,27436891.0,1151434035.16,1151434.03516,115143.40351599999,1151.43403516,11.5143403516,1.1514340351599999
002790.SZ,002790,瑞尔特,20160527,40.2,37.61,41.27,37.5,37.47,2.73,0.0729,16769226.0,657610619.26,657610.61926,65761.061926,657.6106192599999,6.576106192599999,0.65761061926
002790.SZ,002790,瑞尔特,20160520,37.47,38.01,39.5,36.11,38.47,-1.0,-0.026,9426028.0,356575367.07,356575.36707,35657.536707,356.57536706999997,3.5657536706999995,0.3565753670699999
002790.SZ,002790,瑞尔特,20160513,38.47,41.01,41.15,37.5,41.67,-3.2,-0.0768,10311970.0,405687837.24,405687.83724,40568.783724,405.68783724,4.0568783724,0.40568783724
002790.SZ,002790,瑞尔特,20160506,41.67,41.38,43.4,41.06,41.38,0.29,0.007,13237102.0,562560718.96,562560.7189600001,56256.07189600001,562.56071896,5.6256071896,0.56256071896
002790.SZ,002790,瑞尔特,20160429,41.38,41.2,42.74,40.51,41.35,0.03,0.0007,13470057.0,562611468.85,562611.4688500001,56261.14688500001,562.61146885,5.6261146885,0.56261146885
002790.SZ,002790,瑞尔特,20160422,41.35,44.51,45.2,40.46,46.0,-4.65,-0.1011,20070988.0,859478450.82,859478.45082,85947.845082,859.47845082,8.5947845082,0.85947845082
002790.SZ,002790,瑞尔特,20160415,46.0,42.84,48.6,42.45,42.39,3.61,0.0852,43491887.0,1988041102.34,1988041.10234,198804.110234,1988.04110234,19.8804110234,1.98804110234
002790.SZ,002790,瑞尔特,20160408,42.39,42.69,43.69,41.41,42.58,-0.19,-0.0045,18418589.0,784550388.97,784550.38897,78455.03889699999,784.5503889699999,7.845503889699999,0.7845503889699998
002790.SZ,002790,瑞尔特,20160401,42.58,45.88,46.37,41.01,46.11,-3.53,-0.0766,28676987.0,1235255646.76,1235255.64676,123525.564676,1235.25564676,12.3525564676,1.23525564676
002790.SZ,002790,瑞尔特,20160325,46.11,47.0,49.06,44.18,48.62,-2.51,-0.0516,54988337.0,2539651517.69,2539651.51769,253965.15176900002,2539.65151769,25.396515176900003,2.5396515176900003
002790.SZ,002790,瑞尔特,20160318,48.62,34.97,50.25,34.97,31.79,16.83,0.5294,24032251.0,1165747548.22,1165747.54822,116574.754822,1165.74754822,11.6574754822,1.1657475482200002
002790.SZ,002790,瑞尔特,20160311,31.79,21.89,31.79,21.89,16.58,15.21,0.9174,123874.0,3405078.06,3405.0780600000003,340.507806,3.40507806,0.034050780600000004,0.0034050780600000004
