ts_code,code,name,trade_date,open,high,low,close,pre_close,change,pct_chg,vol,1K_amount,10K_amount,1M_amount,100M_amount
300496.SZ,300496,中科创达,20151210,28.41,33.51,28.41,33.51,23.27,10.24,44.01,93.01,310.5414,31.05414,0.3105414,0.003105414
300496.SZ,300496,中科创达,20151211,36.86,36.86,36.86,36.86,33.51,3.35,10.0,43.0,158.498,15.849799999999998,0.1584979999999999,0.0015849799999999
300496.SZ,300496,中科创达,20151214,40.55,40.55,40.55,40.55,36.86,3.69,10.01,40.0,162.2,16.22,0.1621999999999999,0.0016219999999999
300496.SZ,300496,中科创达,20151215,44.61,44.61,44.61,44.61,40.55,4.06,10.01,19.0,84.759,8.4759,0.0847589999999999,0.0008475899999999
300496.SZ,300496,中科创达,20151216,49.07,49.07,49.07,49.07,44.61,4.46,10.0,32.0,157.024,15.7024,0.157024,0.0015702399999999
300496.SZ,300496,中科创达,20151217,53.98,53.98,53.98,53.98,49.07,4.91,10.01,45.0,242.91,24.291,0.24291,0.0024291
300496.SZ,300496,中科创达,20151218,59.38,59.38,59.38,59.38,53.98,5.4,10.0,51.0,302.838,30.283800000000003,0.302838,0.00302838
300496.SZ,300496,中科创达,20151221,65.32,65.32,65.32,65.32,59.38,5.94,10.0,66.0,431.112,43.1112,0.431112,0.00431112
300496.SZ,300496,中科创达,20151222,71.85,71.85,71.85,71.85,65.32,6.53,10.0,175.0,1257.375,125.7375,1.257375,0.01257375
300496.SZ,300496,中科创达,20151223,79.04,79.04,79.04,79.04,71.85,7.19,10.01,156.0,1233.024,123.3024,1.233024,0.01233024
300496.SZ,300496,中科创达,20151224,86.94,86.94,86.94,86.94,79.04,7.9,9.99,316.0,2747.304,274.73040000000003,2.747304,0.02747304
300496.SZ,300496,中科创达,20151225,95.63,95.63,95.63,95.63,86.94,8.69,10.0,267.5,2558.1025,255.81025,2.5581025,0.025581025
300496.SZ,300496,中科创达,20151228,105.19,105.19,105.19,105.19,95.63,9.56,10.0,433.75,4562.6163,456.26163,4.562616299999999,0.0456261629999999
300496.SZ,300496,中科创达,20151229,115.71,115.71,115.71,115.71,105.19,10.52,10.0,303.08,3506.9387,350.69387,3.5069387,0.035069387
300496.SZ,300496,中科创达,20151230,127.28,127.28,127.28,127.28,115.71,11.57,10.0,1020.35,12987.0148,1298.7014800000002,12.987014800000004,0.129870148
300496.SZ,300496,中科创达,20151231,140.01,140.01,140.01,140.01,127.28,12.73,10.0,3199.49,44796.0595,4479.60595,44.7960595,0.4479605949999999
300496.SZ,300496,中科创达,20160104,154.01,154.01,154.01,154.01,140.01,14.0,10.0,4083.25,62886.1333,6288.61333,62.8861333,0.628861333
300496.SZ,300496,中科创达,20160105,169.41,169.41,169.41,169.41,154.01,15.4,10.0,5531.06,93701.6875,9370.16875,93.7016875,0.937016875
300496.SZ,300496,中科创达,20160106,186.35,186.35,186.35,186.35,169.41,16.94,10.0,1789.2,33341.742,3334.1742,33.341742,0.3334174199999999
300496.SZ,300496,中科创达,20160107,204.99,204.99,204.99,204.99,186.35,18.64,10.0,10725.46,219861.2045,21986.12045,219.8612045,2.198612045
300496.SZ,300496,中科创达,20160108,225.0,225.49,215.0,225.49,204.99,20.5,10.0,140633.82,3136575.0931,313657.50931,3136.5750931,31.365750931
300496.SZ,300496,中科创达,20160111,218.0,229.8,202.94,202.94,225.49,-22.55,-10.0,103629.65,2248737.8525,224873.78525,2248.7378525000004,22.487378525000004
300496.SZ,300496,中科创达,20160112,195.1,219.18,182.65,191.6,202.94,-11.34,-5.59,97576.4,1871133.7681,187113.37681,1871.1337681,18.711337681
300496.SZ,300496,中科创达,20160113,194.88,210.76,182.65,198.0,191.6,6.4,3.34,104594.46,2075177.1918,207517.71918,2075.1771918,20.751771918
300496.SZ,300496,中科创达,20160114,189.0,202.75,180.0,202.0,198.0,4.0,2.02,81167.4,1563911.8496,156391.18496,1563.9118496,15.639118496000002
300496.SZ,300496,中科创达,20160115,211.5,221.0,198.01,198.01,202.0,-3.99,-1.98,72893.54,1534045.3811,153404.53811000002,1534.0453811000002,15.340453811
300496.SZ,300496,中科创达,20160118,185.88,217.5,181.0,213.9,198.01,15.89,8.02,71573.3,1432239.2357,143223.92357,1432.2392357,14.322392357000002
300496.SZ,300496,中科创达,20160119,208.0,233.8,205.21,226.02,213.9,12.12,5.67,80099.76,1740247.9848,174024.79848,1740.2479848,17.402479848
300496.SZ,300496,中科创达,20160120,221.0,225.88,203.42,203.42,226.02,-22.6,-10.0,80195.89,1697381.3981,169738.13981000002,1697.3813981000003,16.973813981000003
300496.SZ,300496,中科创达,20160121,199.0,203.48,183.08,183.08,203.42,-20.34,-10.0,63761.25,1232946.0642,123294.60642,1232.9460642,12.329460642
300496.SZ,300496,中科创达,20160122,180.2,190.85,173.93,183.5,183.08,0.42,0.23,58257.71,1062423.3188,106242.33188,1062.4233188,10.624233188
300496.SZ,300496,中科创达,20160125,184.0,193.5,179.21,185.01,183.5,1.51,0.82,46482.19,864550.8902,86455.08902,864.5508902,8.645508902
300496.SZ,300496,中科创达,20160126,179.0,179.0,166.51,166.51,185.01,-18.5,-10.0,38989.96,674135.6431,67413.56431,674.1356431,6.741356431000001
300496.SZ,300496,中科创达,20160127,159.97,168.1,155.55,161.4,166.51,-5.11,-3.07,46451.29,746645.2344,74664.52343999999,746.6452343999999,7.466452343999999
300496.SZ,300496,中科创达,20160128,155.99,163.0,145.26,145.27,161.4,-16.13,-9.99,41440.08,638251.8683,63825.18683,638.2518683,6.382518683
300496.SZ,300496,中科创达,20160129,148.11,159.76,148.05,155.75,145.27,10.48,7.21,43431.39,669172.75,66917.275,669.17275,6.6917275
300496.SZ,300496,中科创达,20160201,152.0,156.49,143.0,149.3,155.75,-6.45,-4.14,37040.97,560076.1075,56007.61075000001,560.0761075,5.600761075
300496.SZ,300496,中科创达,20160202,148.4,164.23,148.03,162.0,149.3,12.7,8.51,45228.43,727119.1347,72711.91347,727.1191347,7.271191347
300496.SZ,300496,中科创达,20160203,157.99,169.71,157.3,169.49,162.0,7.49,4.62,36600.93,600909.0727,60090.90727,600.9090727,6.009090727
300496.SZ,300496,中科创达,20160204,172.9,184.77,171.0,177.23,169.49,7.74,4.57,33494.03,594577.4238,59457.74238,594.5774237999999,5.945774237999999
300496.SZ,300496,中科创达,20160205,176.48,179.4,166.03,168.69,177.23,-8.54,-4.82,27245.96,468244.4758,46824.44758,468.2444758,4.682444758
300496.SZ,300496,中科创达,20160215,161.0,167.0,158.5,164.29,168.69,-4.4,-2.61,26440.33,427744.9438,42774.49438,427.7449438,4.2774494380000005
300496.SZ,300496,中科创达,20160216,165.0,180.72,164.0,180.72,164.29,16.43,10.0,41369.73,733565.9409,73356.59409,733.5659409,7.335659409
300496.SZ,300496,中科创达,20160217,180.2,186.58,177.3,184.99,180.72,4.27,2.36,36979.98,669081.477,66908.1477,669.0814770000001,6.69081477
300496.SZ,300496,中科创达,20160218,188.0,189.99,178.03,186.99,184.99,2.0,1.08,35875.53,661739.8718,66173.98718,661.7398718,6.617398718
300496.SZ,300496,中科创达,20160219,189.31,205.69,189.31,205.69,186.99,18.7,10.0,38478.41,762115.9379,76211.59379,762.1159379,7.621159379
300496.SZ,300496,中科创达,20160222,219.97,219.97,202.4,205.9,205.69,0.21,0.1,45384.74,954925.0088,95492.50088,954.9250088,9.549250088
300496.SZ,300496,中科创达,20160223,205.88,225.55,204.15,214.0,205.9,8.1,3.93,44428.02,957496.4663,95749.64663,957.4964663,9.574964663
300496.SZ,300496,中科创达,20160224,210.0,214.99,194.0,199.7,214.0,-14.3,-6.68,53984.5,1101755.4018,110175.54018,1101.7554018,11.017554018
300496.SZ,300496,中科创达,20160225,198.0,203.18,180.12,182.0,199.7,-17.7,-8.86,42093.85,807084.5727,80708.45727,807.0845727,8.070845727
300496.SZ,300496,中科创达,20160226,185.88,194.25,180.25,189.55,182.0,7.55,4.15,38154.6,714019.6646,71401.96646,714.0196645999999,7.140196646
300496.SZ,300496,中科创达,20160229,186.0,186.0,170.6,170.6,189.55,-18.95,-10.0,9378.26,163858.5182,16385.85182,163.8585182,1.638585182
300496.SZ,300496,中科创达,20160301,159.0,170.99,153.54,165.0,170.6,-5.6,-3.28,57413.72,907855.7908,90785.57908,907.8557908,9.078557908
300496.SZ,300496,中科创达,20160302,164.0,172.87,160.88,171.32,165.0,6.32,3.83,43679.99,732505.1385,73250.51385,732.5051385,7.325051385
300496.SZ,300496,中科创达,20160303,172.0,178.05,165.33,165.5,171.32,-5.82,-3.4,41400.09,711630.5869,71163.05869,711.6305869,7.1163058690000005
300496.SZ,300496,中科创达,20160304,160.0,162.35,148.95,148.95,165.5,-16.55,-10.0,45903.59,707499.0781,70749.90781,707.4990781,7.074990781
300496.SZ,300496,中科创达,20160307,153.5,163.85,153.05,159.4,148.95,10.45,7.02,41297.23,661074.5281,66107.45281,661.0745281000001,6.610745281000001
300496.SZ,300496,中科创达,20160308,155.0,171.95,146.4,169.1,159.4,9.7,6.09,53188.68,846387.5276,84638.75276,846.3875276,8.463875276
300496.SZ,300496,中科创达,20160309,166.0,176.88,164.17,165.9,169.1,-3.2,-1.89,33061.08,561590.7126,56159.07126,561.5907126,5.615907126
300496.SZ,300496,中科创达,20160310,167.88,171.33,158.28,165.3,165.9,-0.6,-0.36,29685.74,489629.303,48962.9303,489.629303,4.89629303
300496.SZ,300496,中科创达,20160311,160.2,171.58,160.2,169.99,165.3,4.69,2.84,30044.17,501696.1465,50169.61465,501.6961465,5.016961465
300496.SZ,300496,中科创达,20160314,175.5,186.99,175.36,186.0,169.99,16.01,9.42,42926.77,790779.2345,79077.92345,790.7792345,7.907792345000001
300496.SZ,300496,中科创达,20160315,185.0,193.58,183.88,185.45,186.0,-0.55,-0.3,44383.06,832786.9823,83278.69823000001,832.7869823000001,8.327869823
300496.SZ,300496,中科创达,20160316,189.48,190.0,178.19,180.8,185.45,-4.65,-2.51,39577.83,726189.8044,72618.98044,726.1898044,7.261898044
300496.SZ,300496,中科创达,20160317,182.0,198.47,180.85,195.79,180.8,14.99,8.29,37389.15,712222.5775,71222.25775,712.2225775,7.122225775
300496.SZ,300496,中科创达,20160318,195.0,203.1,194.1,196.33,195.79,0.54,0.28,40165.08,792348.0587,79234.80587000001,792.3480587000001,7.923480587000001
300496.SZ,300496,中科创达,20160321,197.45,206.8,196.36,202.89,196.33,6.56,3.34,42492.27,855084.8104,85508.48104,855.0848104,8.550848104
300496.SZ,300496,中科创达,20160322,200.0,200.5,195.2,197.93,202.89,-4.96,-2.44,25763.34,510081.9028,51008.19028,510.0819028,5.100819028
300496.SZ,300496,中科创达,20160323,196.8,200.0,193.1,197.59,197.93,-0.34,-0.17,28481.64,558293.3022,55829.33022,558.2933022000001,5.582933022000001
300496.SZ,300496,中科创达,20160324,194.98,194.98,184.9,184.9,197.59,-12.69,-6.42,39156.74,742605.6613,74260.56613,742.6056613000001,7.426056613000001
300496.SZ,300496,中科创达,20160325,183.0,188.8,179.2,182.3,184.9,-2.6,-1.41,30260.47,555891.6939,55589.16939,555.8916939,5.558916939
300496.SZ,300496,中科创达,20160328,183.99,191.5,182.01,184.5,182.3,2.2,1.21,28912.13,540638.1487,54063.81487,540.6381487,5.406381487
300496.SZ,300496,中科创达,20160329,183.0,183.6,172.0,173.0,184.5,-11.5,-6.23,34567.08,608311.1248,60831.11248,608.3111248,6.083111248
300496.SZ,300496,中科创达,20160330,175.88,183.0,173.51,183.0,173.0,10.0,5.78,30215.63,537801.4615,53780.14615,537.8014615,5.378014615
300496.SZ,300496,中科创达,20160331,183.9,198.0,183.75,192.98,183.0,9.98,5.45,43215.56,827776.3336,82777.63336,827.7763336,8.277763336
300496.SZ,300496,中科创达,20160401,191.03,201.79,185.4,201.6,192.98,8.62,4.47,39870.86,761621.6758,76162.16758,761.6216757999999,7.616216757999999
300496.SZ,300496,中科创达,20160405,200.6,203.8,196.81,203.0,201.6,1.4,0.69,36611.2,735135.2064,73513.52064,735.1352064,7.351352064
300496.SZ,300496,中科创达,20160406,201.98,202.01,195.9,199.5,203.0,-3.5,-1.72,30540.32,606899.0678,60689.90678,606.8990678,6.0689906780000005
300496.SZ,300496,中科创达,20160407,199.5,199.66,190.4,191.4,199.5,-8.1,-4.06,30773.54,595848.9744,59584.89743999999,595.8489744,5.958489744
300496.SZ,300496,中科创达,20160408,190.11,210.54,186.21,210.54,191.4,19.14,10.0,54143.38,1095296.7173,109529.67173,1095.2967173,10.952967173
300496.SZ,300496,中科创达,20160411,206.55,219.8,204.01,213.0,210.54,2.46,1.17,50742.35,1071145.5651,107114.55651,1071.1455651,10.711455651
300496.SZ,300496,中科创达,20160412,210.54,210.74,191.7,192.1,213.0,-20.9,-9.81,54274.44,1079131.7902,107913.17902,1079.1317902,10.791317902
300496.SZ,300496,中科创达,20160413,194.79,197.78,190.3,192.98,192.1,0.88,0.46,31432.16,612160.8719,61216.087190000006,612.1608719000001,6.121608719000001
300496.SZ,300496,中科创达,20160414,193.9,201.0,192.61,199.59,192.98,6.61,3.43,30149.12,595782.2291,59578.22291,595.7822291,5.957822291
300496.SZ,300496,中科创达,20160415,197.79,198.97,190.0,194.15,199.59,-5.44,-2.73,29550.83,570237.4942,57023.74941999999,570.2374941999999,5.702374941999999
300496.SZ,300496,中科创达,20160418,190.0,192.92,188.0,192.0,194.15,-2.15,-1.11,18326.38,349224.292,34922.4292,349.224292,3.49224292
300496.SZ,300496,中科创达,20160419,193.61,199.58,189.01,193.95,192.0,1.95,1.02,24407.16,475262.7337,47526.27337,475.2627337,4.752627337
300496.SZ,300496,中科创达,20160420,194.08,194.99,175.0,180.14,193.95,-13.81,-7.12,35276.14,650441.1114,65044.11114000001,650.4411114000001,6.504411114000001
300496.SZ,300496,中科创达,20160421,178.01,188.95,177.15,180.8,180.14,0.66,0.37,29243.95,536930.5538,53693.05538,536.9305538,5.369305538
300496.SZ,300496,中科创达,20160422,176.0,189.98,175.02,187.4,180.8,6.6,3.65,27854.57,513839.3471,51383.93471,513.8393471,5.1383934710000005
300496.SZ,300496,中科创达,20160425,206.14,206.14,197.0,198.3,187.4,10.9,5.82,69554.98,1419247.6339,141924.76339,1419.2476339,14.192476339
300496.SZ,300496,中科创达,20160426,196.0,205.74,195.03,202.0,198.3,3.7,1.87,42772.14,859866.4054,85986.64054000001,859.8664054000001,8.598664054
300496.SZ,300496,中科创达,20160427,199.91,209.9,197.86,202.3,202.0,0.3,0.15,45634.89,933997.8675,93399.78675,933.9978675,9.339978675
300496.SZ,300496,中科创达,20160428,202.6,222.53,198.05,222.53,202.3,20.23,10.0,62786.6,1328132.8705,132813.28704999998,1328.1328705,13.281328704999998
300496.SZ,300496,中科创达,20160429,220.0,221.32,207.9,211.6,222.53,-10.93,-4.91,57121.72,1228311.4178,122831.14178,1228.3114177999998,12.283114177999998
300496.SZ,300496,中科创达,20160503,213.0,230.97,209.0,227.82,211.6,16.22,7.67,56506.59,1234229.599,123422.9599,1234.2295989999998,12.342295989999998
300496.SZ,300496,中科创达,20160504,224.0,231.47,222.2,223.81,227.82,-4.01,-1.76,38112.57,863045.979,86304.59790000001,863.0459790000001,8.630459790000002
300496.SZ,300496,中科创达,20160505,225.0,245.2,224.0,237.9,223.81,14.09,6.3,43942.9,1041212.5513,104121.25513,1041.2125513,10.412125513
300496.SZ,300496,中科创达,20160506,235.1,244.99,230.0,236.07,237.9,-1.83,-0.77,50274.05,1193536.5036,119353.65036,1193.5365036,11.935365036
300496.SZ,300496,中科创达,20160509,234.0,238.5,219.8,227.0,236.07,-9.07,-3.84,41141.47,938307.4967,93830.74967,938.3074967,9.383074967
300496.SZ,300496,中科创达,20160510,227.97,239.2,220.11,221.0,227.0,-6.0,-2.64,49830.89,1149305.7656,114930.57656,1149.3057656,11.493057656
300496.SZ,300496,中科创达,20160511,220.0,223.3,210.01,211.61,221.0,-9.39,-4.25,41166.92,891894.5695,89189.45694999999,891.8945694999999,8.918945694999998
300496.SZ,300496,中科创达,20160512,206.0,217.98,203.96,217.98,211.61,6.37,3.01,30900.61,653445.561,65344.5561,653.445561,6.53445561
300496.SZ,300496,中科创达,20160513,215.65,221.39,213.2,216.5,217.98,-1.48,-0.68,25346.84,550309.0115,55030.901150000005,550.3090115,5.503090115
300496.SZ,300496,中科创达,20160516,216.0,238.15,214.0,238.15,216.5,21.65,10.0,41555.55,950023.1873,95002.31873,950.0231873,9.500231873
300496.SZ,300496,中科创达,20160517,240.0,249.5,234.0,234.48,238.15,-3.67,-1.54,50270.23,1213826.5438,121382.65438,1213.8265438,12.138265438
300496.SZ,300496,中科创达,20160518,234.95,241.44,229.8,241.0,234.48,6.52,2.78,41552.28,984799.8297,98479.98297,984.7998297,9.847998296999998
300496.SZ,300496,中科创达,20160519,241.5,258.5,240.0,252.57,241.0,11.57,4.8,40599.65,1018672.9234,101867.29234,1018.6729234,10.186729234
300496.SZ,300496,中科创达,20160520,250.36,259.82,246.66,259.02,252.57,6.45,2.55,32066.86,809070.9923,80907.09923,809.0709923000001,8.090709923
300496.SZ,300496,中科创达,20160523,259.57,264.84,254.01,257.86,259.02,-1.16,-0.45,34563.26,892831.2153,89283.12153,892.8312153,8.928312153
300496.SZ,300496,中科创达,20160524,258.0,266.68,255.3,265.6,257.86,7.74,3.0,34092.86,890718.1382,89071.81382000001,890.7181382000001,8.907181382000001
300496.SZ,300496,中科创达,20160525,265.0,270.47,249.75,249.75,265.6,-15.85,-5.97,39756.55,1034111.305,103411.1305,1034.111305,10.34111305
300496.SZ,300496,中科创达,20160526,248.0,255.0,237.59,253.62,249.75,3.87,1.55,37656.87,920552.1809,92055.21809,920.5521809,9.205521809
300496.SZ,300496,中科创达,20160527,250.0,259.06,242.03,253.88,253.62,0.26,0.1,30914.23,780160.7846,78016.07846,780.1607846,7.801607846
300496.SZ,300496,中科创达,20160530,249.0,255.88,245.02,246.9,253.88,-6.98,-2.75,18851.67,471726.5788,47172.65788,471.7265788,4.717265788
300496.SZ,300496,中科创达,20160531,247.0,271.59,247.0,271.59,246.9,24.69,10.0,36449.89,960253.2957,96025.32957,960.2532957,9.602532957
300496.SZ,300496,中科创达,20160601,273.0,284.5,270.0,278.7,271.59,7.11,2.62,37136.47,1025928.2375,102592.82375,1025.9282375,10.259282375
300496.SZ,300496,中科创达,20160602,279.0,299.66,276.3,296.0,278.7,17.3,6.21,38146.99,1097193.2513,109719.32512999998,1097.1932513,10.971932513
300496.SZ,300496,中科创达,20160603,290.0,302.0,288.0,294.31,296.0,-1.69,-0.57,30319.7,898164.8943,89816.48943,898.1648943,8.981648943
300496.SZ,300496,中科创达,20160606,296.0,300.99,290.03,297.0,294.31,2.69,0.91,20674.86,610523.062,61052.306200000006,610.5230620000001,6.105230620000001
300496.SZ,300496,中科创达,20160607,295.6,326.7,294.02,326.7,297.0,29.7,10.0,42013.66,1323866.0712,132386.60712,1323.8660712,13.238660712
300496.SZ,300496,中科创达,20160608,323.31,335.8,317.05,320.42,326.7,-6.28,-1.92,42599.72,1391987.4107,139198.74107,1391.9874106999998,13.919874106999998
300496.SZ,300496,中科创达,20160613,322.0,328.44,288.38,288.38,320.42,-32.04,-10.0,40525.74,1259359.3716,125935.93716,1259.3593716,12.593593716
300496.SZ,300496,中科创达,20160614,272.0,275.86,260.1,272.35,288.38,-16.03,-5.56,54653.53,1470306.4649,147030.64649,1470.3064649,14.703064649
300496.SZ,300496,中科创达,20160615,270.0,299.59,268.6,297.51,272.35,25.16,9.24,48446.95,1409605.4111,140960.54111,1409.6054111,14.096054111
300496.SZ,300496,中科创达,20160616,299.99,306.68,283.5,298.58,297.51,1.07,0.36,57463.0,1692680.2434,169268.02434,1692.6802434,16.926802434000003
300496.SZ,300496,中科创达,20160617,75.5,83.48,73.68,77.96,76.26,1.7,2.23,228875.44,1789981.2961,178998.12961,1789.9812961,17.899812961
300496.SZ,300496,中科创达,20160620,75.0,76.5,71.64,73.5,77.96,-4.46,-5.72,163498.39,1204861.7095,120486.17095,1204.8617095000002,12.048617095000004
300496.SZ,300496,中科创达,20160621,74.1,75.66,66.15,66.15,73.5,-7.35,-10.0,257247.06,1802104.4759,180210.44759,1802.1044759,18.021044759
300496.SZ,300496,中科创达,20160622,64.8,67.58,61.6,67.5,66.15,1.35,2.04,235087.01,1509660.5803,150966.05803,1509.6605803000002,15.096605803000005
300496.SZ,300496,中科创达,20160623,66.2,67.44,64.62,64.95,67.5,-2.55,-3.78,143500.91,943431.0087,94343.10087,943.4310087,9.434310086999998
300496.SZ,300496,中科创达,20160624,65.53,67.87,62.0,65.58,64.95,0.63,0.97,169862.42,1117108.5137,111710.85137,1117.1085137,11.171085137
300496.SZ,300496,中科创达,20160627,65.02,71.44,63.66,70.04,65.58,4.46,6.8,199901.63,1348467.1784,134846.71784,1348.4671784,13.484671784
300496.SZ,300496,中科创达,20160628,68.88,69.69,67.5,68.78,70.04,-1.26,-1.8,142151.63,975534.3006,97553.43006,975.5343006,9.755343006
300496.SZ,300496,中科创达,20160629,69.2,72.5,69.2,71.03,68.78,2.25,3.27,152278.48,1082261.6053,108226.16053,1082.2616053,10.822616053
300496.SZ,300496,中科创达,20160630,68.7,69.4,66.01,67.72,71.03,-3.31,-4.66,164840.13,1116349.7851,111634.97851,1116.3497851,11.163497851
300496.SZ,300496,中科创达,20160701,68.13,70.0,67.6,67.7,67.72,-0.02,-0.03,100438.6,689437.3054,68943.73053999999,689.4373053999999,6.894373053999999
300496.SZ,300496,中科创达,20160704,66.0,67.98,65.2,67.5,67.7,-0.2,-0.3,107369.87,714544.138,71454.41380000001,714.5441380000001,7.145441380000001
300496.SZ,300496,中科创达,20160705,68.3,69.8,67.72,67.99,67.5,0.49,0.73,102771.88,704159.8284,70415.98284,704.1598283999999,7.041598283999999
300496.SZ,300496,中科创达,20160706,67.0,67.98,66.11,66.72,67.99,-1.27,-1.87,90147.89,601522.1606,60152.21605999999,601.5221605999999,6.015221605999999
300496.SZ,300496,中科创达,20160707,66.15,66.75,64.5,65.15,66.72,-1.57,-2.35,95828.86,628755.0987,62875.50987,628.7550987,6.287550987
300496.SZ,300496,中科创达,20160708,65.0,69.96,65.0,67.5,65.15,2.35,3.61,150967.14,1023869.4952,102386.94952,1023.8694952,10.238694952
300496.SZ,300496,中科创达,20160711,67.5,67.91,65.0,65.36,67.5,-2.14,-3.17,94650.1,623815.5762,62381.55762,623.8155762,6.238155762
300496.SZ,300496,中科创达,20160712,65.1,67.69,64.71,67.17,65.36,1.81,2.77,100693.02,668796.7207,66879.67207,668.7967207,6.687967207000001
300496.SZ,300496,中科创达,20160713,67.0,67.0,65.46,66.41,67.17,-0.76,-1.13,85038.41,563453.5164,56345.35163999999,563.4535163999999,5.634535163999999
300496.SZ,300496,中科创达,20160714,66.28,67.99,66.0,67.46,66.41,1.05,1.58,82263.4,552933.1154,55293.31154,552.9331154,5.529331154
300496.SZ,300496,中科创达,20160715,67.69,67.97,66.48,66.66,67.46,-0.8,-1.19,66757.62,446969.345,44696.9345,446.969345,4.469693449999999
300496.SZ,300496,中科创达,20160718,66.47,66.65,65.0,65.5,66.66,-1.16,-1.74,53117.27,348692.5407,34869.25407,348.69254070000005,3.4869254070000006
300496.SZ,300496,中科创达,20160719,66.6,69.49,66.42,67.87,65.5,2.37,3.62,129652.96,883125.2443,88312.52443,883.1252443000001,8.831252443
300496.SZ,300496,中科创达,20160720,67.19,74.5,66.89,71.7,67.87,3.83,5.64,201979.1,1422579.6443,142257.96443,1422.5796443,14.225796443
300496.SZ,300496,中科创达,20160721,70.42,71.7,68.45,69.06,71.7,-2.64,-3.68,157607.34,1102800.1828,110280.01828,1102.8001828,11.028001828
300496.SZ,300496,中科创达,20160722,68.71,69.7,67.5,67.72,69.06,-1.34,-1.94,87863.18,602540.9126,60254.09126,602.5409126,6.025409126
300496.SZ,300496,中科创达,20160725,67.16,67.6,64.8,65.26,67.72,-2.46,-3.63,99793.89,656235.3577,65623.53577,656.2353577,6.562353577
300496.SZ,300496,中科创达,20160726,64.9,66.26,64.9,65.9,65.26,0.64,0.98,46947.62,308076.7728,30807.67728,308.0767728,3.080767728
300496.SZ,300496,中科创达,20160727,65.89,66.0,59.31,59.37,65.9,-6.53,-9.91,139299.65,862129.8298,86212.98298,862.1298298,8.621298298000001
300496.SZ,300496,中科创达,20160728,59.05,60.54,56.51,58.69,59.37,-0.68,-1.15,80760.24,473297.3576,47329.73576,473.2973576,4.732973575999999
300496.SZ,300496,中科创达,20160729,58.33,59.3,56.8,56.9,58.69,-1.79,-3.05,63190.13,364181.8331,36418.18331,364.1818331,3.641818331
300496.SZ,300496,中科创达,20160801,55.8,56.4,53.0,54.03,56.9,-2.87,-5.04,71818.71,389117.623,38911.7623,389.117623,3.891176230000001
300496.SZ,300496,中科创达,20160802,54.01,55.17,53.81,54.4,54.03,0.37,0.68,46763.93,254691.0256,25469.10256,254.6910256,2.546910256
300496.SZ,300496,中科创达,20160803,54.4,55.88,54.3,54.92,54.4,0.52,0.96,68215.52,375107.3217,37510.73217,375.1073217,3.751073217
300496.SZ,300496,中科创达,20160804,55.0,55.49,53.82,55.4,54.92,0.48,0.87,63780.79,349295.2868,34929.52868,349.29528680000004,3.4929528680000006
300496.SZ,300496,中科创达,20160805,55.12,55.31,53.5,53.7,55.4,-1.7,-3.07,52361.5,284551.6901,28455.16901,284.55169010000003,2.8455169010000003
300496.SZ,300496,中科创达,20160808,53.0,54.57,51.91,54.35,53.7,0.65,1.21,59810.52,319283.9894,31928.398940000003,319.28398940000005,3.1928398940000005
300496.SZ,300496,中科创达,20160809,54.94,57.35,54.72,56.97,54.35,2.62,4.82,90609.58,512357.4954,51235.74954,512.3574954000001,5.123574954
300496.SZ,300496,中科创达,20160810,56.89,57.18,55.94,56.7,56.97,-0.27,-0.47,67286.94,380657.8489,38065.78489,380.6578489,3.806578489
300496.SZ,300496,中科创达,20160811,56.01,57.21,54.99,55.4,56.7,-1.3,-2.29,54680.01,308156.2029,30815.62029,308.1562029,3.081562029
300496.SZ,300496,中科创达,20160812,54.99,55.88,54.8,55.38,55.4,-0.02,-0.04,41736.7,230921.9205,23092.19205,230.92192050000003,2.309219205
300496.SZ,300496,中科创达,20160815,55.52,58.97,53.51,58.19,55.38,2.81,5.07,108771.92,617606.4868,61760.64868,617.6064868,6.176064868
300496.SZ,300496,中科创达,20160816,58.01,58.79,57.4,57.77,58.19,-0.42,-0.72,68319.91,396000.3077,39600.03077,396.0003077,3.960003077
300496.SZ,300496,中科创达,20160817,57.5,59.78,57.4,58.79,57.77,1.02,1.77,82032.18,484013.3785,48401.33785,484.0133785,4.840133785
300496.SZ,300496,中科创达,20160818,58.29,60.89,58.0,59.27,58.79,0.48,0.82,85768.15,511603.0172,51160.30172,511.6030172,5.116030172
300496.SZ,300496,中科创达,20160819,58.91,59.45,57.71,58.19,59.27,-1.08,-1.82,48933.1,286237.4956,28623.749560000004,286.23749560000005,2.8623749560000005
300496.SZ,300496,中科创达,20160822,57.83,58.42,55.5,55.5,58.19,-2.69,-4.62,54044.11,306665.0487,30666.50487,306.66504869999994,3.0666504869999995
300496.SZ,300496,中科创达,20160823,55.46,56.7,55.38,56.0,55.5,0.5,0.9,34049.15,190538.9241,19053.89241,190.5389241,1.905389241
300496.SZ,300496,中科创达,20160824,55.99,57.14,55.71,56.78,56.0,0.78,1.39,36620.53,207539.4502,20753.94502,207.5394502,2.075394502
300496.SZ,300496,中科创达,20160825,56.1,58.29,55.0,57.88,56.78,1.1,1.94,68128.67,390459.9935,39045.99935,390.4599935,3.904599935
300496.SZ,300496,中科创达,20160826,57.88,58.94,56.9,57.07,57.88,-0.81,-1.4,54127.97,312032.8944,31203.28944,312.03289440000003,3.120328944
300496.SZ,300496,中科创达,20160829,56.69,56.69,55.71,56.07,57.07,-1.0,-1.75,36685.53,205864.1342,20586.41342,205.8641342,2.058641342
300496.SZ,300496,中科创达,20160830,56.14,58.14,56.13,56.92,56.07,0.85,1.52,45766.56,262584.4369,26258.44369,262.5844369,2.625844369
300496.SZ,300496,中科创达,20160831,56.45,57.29,55.55,56.45,56.92,-0.47,-0.83,33685.0,189384.4106,18938.44106,189.3844106,1.893844106
300496.SZ,300496,中科创达,20160901,56.89,57.2,55.86,55.94,56.45,-0.51,-0.9,29956.83,169267.7017,16926.77017,169.2677017,1.692677017
300496.SZ,300496,中科创达,20160902,55.58,56.25,55.0,55.16,55.94,-0.78,-1.39,33221.71,184505.0018,18450.50018,184.5050018,1.845050018
300496.SZ,300496,中科创达,20160905,55.38,56.2,55.1,55.23,55.16,0.07,0.13,22603.18,125756.0167,12575.60167,125.7560167,1.257560167
300496.SZ,300496,中科创达,20160906,55.41,56.5,54.3,56.17,55.23,0.94,1.7,42159.86,233551.144,23355.1144,233.551144,2.33551144
300496.SZ,300496,中科创达,20160907,56.4,56.59,55.5,55.56,56.17,-0.61,-1.09,32787.75,183568.2371,18356.82371,183.5682371,1.835682371
300496.SZ,300496,中科创达,20160908,55.47,55.98,54.82,55.23,55.56,-0.33,-0.59,26190.3,144732.1937,14473.21937,144.7321937,1.447321937
300496.SZ,300496,中科创达,20160909,55.25,55.44,54.85,54.92,55.23,-0.31,-0.56,23806.67,131134.3452,13113.43452,131.1343452,1.311343452
300496.SZ,300496,中科创达,20160912,53.5,53.57,51.3,51.38,54.92,-3.54,-6.45,50499.85,265273.3244,26527.33244,265.2733244,2.652733244
300496.SZ,300496,中科创达,20160913,51.97,52.0,50.03,50.66,51.38,-0.72,-1.4,43330.15,220099.2597,22009.92597,220.0992597,2.200992597
300496.SZ,300496,中科创达,20160914,50.05,51.27,50.05,50.46,50.66,-0.2,-0.39,25574.99,129562.7765,12956.27765,129.5627765,1.295627765
300496.SZ,300496,中科创达,20160919,50.99,51.78,50.6,51.15,50.46,0.69,1.37,26506.84,135809.6986,13580.96986,135.80969860000002,1.3580969860000005
300496.SZ,300496,中科创达,20160920,51.32,51.65,50.7,51.39,51.15,0.24,0.47,20655.87,105734.9903,10573.49903,105.7349903,1.057349903
300496.SZ,300496,中科创达,20160921,51.2,51.63,50.92,51.16,51.39,-0.23,-0.45,18543.23,95093.7732,9509.37732,95.0937732,0.950937732
300496.SZ,300496,中科创达,20160922,51.6,52.3,51.16,51.22,51.16,0.06,0.12,23533.93,121777.0984,12177.70984,121.7770984,1.217770984
300496.SZ,300496,中科创达,20160923,51.25,51.37,50.28,50.28,51.22,-0.94,-1.84,21254.65,107876.1729,10787.61729,107.8761729,1.078761729
300496.SZ,300496,中科创达,20160926,49.0,49.94,47.55,47.63,50.28,-2.65,-5.27,43873.5,213046.1743,21304.61743,213.0461743,2.130461743
300496.SZ,300496,中科创达,20160927,47.98,48.67,47.75,48.54,47.63,0.91,1.91,28754.74,138766.6132,13876.66132,138.7666132,1.387666132
300496.SZ,300496,中科创达,20160928,48.54,48.88,48.35,48.36,48.54,-0.18,-0.37,20143.35,97850.1643,9785.01643,97.8501643,0.978501643
300496.SZ,300496,中科创达,20160929,48.55,48.59,48.02,48.27,48.36,-0.09,-0.19,18801.86,90931.9705,9093.19705,90.9319705,0.909319705
300496.SZ,300496,中科创达,20160930,48.0,48.47,47.99,48.34,48.27,0.07,0.15,14107.67,68043.9922,6804.399219999999,68.04399219999999,0.6804399219999999
300496.SZ,300496,中科创达,20161010,48.45,52.82,48.45,52.28,48.34,3.94,8.15,61776.54,316343.6463,31634.364630000004,316.34364630000005,3.1634364630000005
300496.SZ,300496,中科创达,20170106,47.49,50.48,47.05,47.05,52.28,-5.23,-10.0,146684.36,703182.346,70318.2346,703.1823459999999,7.031823459999999
300496.SZ,300496,中科创达,20170109,44.8,45.5,43.02,43.48,47.05,-3.57,-7.59,85459.28,374302.393,37430.2393,374.302393,3.74302393
300496.SZ,300496,中科创达,20170110,42.39,42.6,39.72,39.87,43.48,-3.61,-8.3,112259.32,462036.652,46203.6652,462.036652,4.62036652
300496.SZ,300496,中科创达,20170111,39.48,40.45,39.25,39.62,39.87,-0.25,-0.63,63099.9,251721.033,25172.1033,251.721033,2.51721033
300496.SZ,300496,中科创达,20170112,39.5,39.5,36.8,37.13,39.62,-2.49,-6.28,96843.53,367807.596,36780.759600000005,367.8075960000001,3.6780759600000006
300496.SZ,300496,中科创达,20170113,36.94,37.12,34.68,34.98,37.13,-2.15,-5.79,96353.96,345140.569,34514.0569,345.140569,3.45140569
300496.SZ,300496,中科创达,20170116,34.5,35.31,32.88,33.99,34.98,-0.99,-2.83,95659.84,328868.89,32886.889,328.86889,3.2886889000000004
300496.SZ,300496,中科创达,20170117,33.99,36.1,33.99,35.77,33.99,1.78,5.24,98030.94,344064.331,34406.4331,344.06433100000004,3.4406433100000005
300496.SZ,300496,中科创达,20170118,35.77,35.82,34.11,34.19,35.77,-1.58,-4.42,62119.32,216392.975,21639.2975,216.392975,2.16392975
300496.SZ,300496,中科创达,20170119,33.8,34.85,33.0,34.28,34.19,0.09,0.26,46828.53,159772.188,15977.2188,159.772188,1.59772188
300496.SZ,300496,中科创达,20170120,34.25,35.88,34.01,35.08,34.28,0.8,2.33,66373.63,233741.637,23374.1637,233.741637,2.33741637
300496.SZ,300496,中科创达,20170123,35.74,35.74,34.15,34.5,35.08,-0.58,-1.65,72298.01,250689.406,25068.9406,250.689406,2.50689406
300496.SZ,300496,中科创达,20170124,34.0,34.18,33.1,33.2,34.5,-1.3,-3.77,70450.67,236434.583,23643.4583,236.43458300000003,2.3643458300000004
300496.SZ,300496,中科创达,20170125,33.01,33.88,33.0,33.55,33.2,0.35,1.05,34690.68,116302.856,11630.2856,116.302856,1.16302856
300496.SZ,300496,中科创达,20170126,33.7,34.39,33.63,33.82,33.55,0.27,0.8,36232.27,123232.71,12323.271,123.23271,1.2323271
300496.SZ,300496,中科创达,20170203,33.9,34.59,33.66,34.14,33.82,0.32,0.95,39112.03,133860.334,13386.0334,133.860334,1.33860334
300496.SZ,300496,中科创达,20170206,34.19,34.79,33.65,34.78,34.14,0.64,1.87,53166.18,182087.039,18208.7039,182.087039,1.82087039
300496.SZ,300496,中科创达,20170207,34.67,34.88,34.15,34.38,34.78,-0.4,-1.15,43049.94,148263.144,14826.3144,148.26314399999998,1.4826314399999998
300496.SZ,300496,中科创达,20170208,34.4,35.33,33.81,35.26,34.38,0.88,2.56,65408.51,227417.347,22741.7347,227.417347,2.27417347
300496.SZ,300496,中科创达,20170209,35.13,37.19,35.04,36.3,35.26,1.04,2.95,107027.58,384600.094,38460.0094,384.600094,3.84600094
300496.SZ,300496,中科创达,20170210,35.98,36.25,35.19,35.3,36.3,-1.0,-2.75,61871.56,220391.521,22039.1521,220.391521,2.20391521
300496.SZ,300496,中科创达,20170213,34.99,35.77,34.53,35.35,35.3,0.05,0.14,49924.69,175812.583,17581.2583,175.81258300000002,1.7581258300000002
300496.SZ,300496,中科创达,20170214,34.5,34.51,32.8,33.28,35.35,-2.07,-5.86,135244.61,454387.504,45438.7504,454.387504,4.5438750400000005
300496.SZ,300496,中科创达,20170215,33.08,33.6,32.96,33.05,33.28,-0.23,-0.69,57831.02,192511.651,19251.1651,192.51165100000003,1.9251165100000005
300496.SZ,300496,中科创达,20170216,32.67,32.67,31.31,31.6,33.05,-1.45,-4.39,132418.48,422135.193,42213.5193,422.135193,4.22135193
300496.SZ,300496,中科创达,20170217,31.6,32.5,31.04,31.91,31.6,0.31,0.98,88673.64,281777.109,28177.7109,281.777109,2.81777109
300496.SZ,300496,中科创达,20170220,31.85,32.33,31.45,32.09,31.91,0.18,0.56,72879.84,233017.938,23301.7938,233.017938,2.33017938
300496.SZ,300496,中科创达,20170221,31.99,32.67,31.86,32.49,32.09,0.4,1.25,70074.51,226835.064,22683.5064,226.835064,2.26835064
300496.SZ,300496,中科创达,20170222,32.8,32.8,32.15,32.55,32.49,0.06,0.18,54728.58,177537.445,17753.7445,177.53744500000002,1.7753744500000002
300496.SZ,300496,中科创达,20170223,32.56,32.71,32.15,32.68,32.55,0.13,0.4,54599.31,177021.762,17702.176199999998,177.02176199999997,1.7702176199999995
300496.SZ,300496,中科创达,20170224,32.76,34.19,32.61,33.99,32.68,1.31,4.01,124589.02,417879.61,41787.961,417.87961,4.1787961
300496.SZ,300496,中科创达,20170227,34.0,34.44,33.62,34.12,33.99,0.13,0.38,82369.68,280710.636,28071.0636,280.710636,2.80710636
300496.SZ,300496,中科创达,20170228,34.15,34.2,33.3,34.02,34.12,-0.1,-0.29,60907.51,205182.39,20518.239,205.18239000000003,2.0518239000000005
300496.SZ,300496,中科创达,20170301,33.8,35.5,33.62,34.9,34.02,0.88,2.59,111473.16,386613.821,38661.3821,386.613821,3.86613821
300496.SZ,300496,中科创达,20170302,34.75,34.91,34.16,34.19,34.9,-0.71,-2.03,66530.09,229319.823,22931.9823,229.319823,2.29319823
300496.SZ,300496,中科创达,20170303,34.05,35.1,33.53,35.09,34.19,0.9,2.63,85353.4,294139.353,29413.9353,294.139353,2.9413935300000005
300496.SZ,300496,中科创达,20170306,35.31,37.17,35.31,36.39,35.09,1.3,3.7,130867.42,476510.075,47651.0075,476.510075,4.765100749999999
300496.SZ,300496,中科创达,20170307,36.4,40.0,35.78,38.93,36.39,2.54,6.98,176979.38,661385.279,66138.5279,661.385279,6.613852789999999
300496.SZ,300496,中科创达,20170308,38.4,40.2,38.2,38.57,38.93,-0.36,-0.92,169377.8,663710.183,66371.0183,663.7101829999999,6.637101829999999
300496.SZ,300496,中科创达,20170309,38.26,39.06,37.98,38.46,38.57,-0.11,-0.29,100808.76,388477.534,38847.7534,388.477534,3.88477534
300496.SZ,300496,中科创达,20170310,38.79,39.5,38.5,38.56,38.46,0.1,0.26,101164.45,394001.251,39400.1251,394.001251,3.94001251
300496.SZ,300496,中科创达,20170313,38.2,38.46,37.1,37.95,38.56,-0.61,-1.58,104990.94,396922.232,39692.2232,396.922232,3.96922232
300496.SZ,300496,中科创达,20170314,37.7,41.19,37.69,40.15,37.95,2.2,5.8,189486.45,753803.845,75380.3845,753.803845,7.53803845
300496.SZ,300496,中科创达,20170315,39.81,39.81,38.82,39.01,40.15,-1.14,-2.84,119167.85,467502.328,46750.2328,467.502328,4.67502328
300496.SZ,300496,中科创达,20170316,39.05,39.98,39.03,39.47,39.01,0.46,1.18,94086.21,371474.163,37147.4163,371.474163,3.71474163
300496.SZ,300496,中科创达,20170317,39.3,41.29,39.3,39.87,39.47,0.4,1.01,158076.81,639811.916,63981.1916,639.811916,6.39811916
300496.SZ,300496,中科创达,20170320,39.29,41.2,39.15,41.14,39.87,1.27,3.19,130675.94,526915.328,52691.5328,526.915328,5.26915328
300496.SZ,300496,中科创达,20170321,40.28,40.9,39.46,40.4,41.14,-0.74,-1.8,129395.86,520538.842,52053.8842,520.538842,5.20538842
300496.SZ,300496,中科创达,20170322,39.88,40.36,39.46,39.75,40.4,-0.65,-1.61,77999.84,310929.588,31092.9588,310.929588,3.1092958800000003
300496.SZ,300496,中科创达,20170323,39.76,40.66,38.36,39.09,39.75,-0.66,-1.66,107972.89,426965.624,42696.5624,426.9656240000001,4.269656240000001
300496.SZ,300496,中科创达,20170324,38.61,39.0,38.0,38.34,39.09,-0.75,-1.92,88069.82,337688.01,33768.801,337.68801,3.3768801
300496.SZ,300496,中科创达,20170327,38.34,39.2,38.31,38.49,38.34,0.15,0.39,53868.41,208779.803,20877.980300000003,208.779803,2.08779803
300496.SZ,300496,中科创达,20170328,38.75,38.88,37.15,37.17,38.49,-1.32,-3.43,74668.7,282540.478,28254.0478,282.540478,2.82540478
300496.SZ,300496,中科创达,20170329,37.03,37.49,35.8,35.84,37.17,-1.33,-3.58,88637.53,322472.178,32247.2178,322.47217800000004,3.2247217800000003
300496.SZ,300496,中科创达,20170330,35.48,35.78,33.39,33.55,35.84,-2.29,-6.39,89461.17,308513.08,30851.308,308.51308,3.0851308
300496.SZ,300496,中科创达,20170331,33.6,34.39,33.59,34.07,33.55,0.52,1.55,54935.97,186959.915,18695.9915,186.959915,1.86959915
300496.SZ,300496,中科创达,20170405,34.2,35.78,34.18,35.33,34.07,1.26,3.7,62721.48,221204.862,22120.4862,221.204862,2.21204862
300496.SZ,300496,中科创达,20170406,35.33,36.18,35.3,35.45,35.33,0.12,0.34,52332.08,187175.573,18717.5573,187.175573,1.87175573
300496.SZ,300496,中科创达,20170407,35.5,35.69,34.38,34.48,35.45,-0.97,-2.74,51386.79,179077.924,17907.7924,179.077924,1.79077924
300496.SZ,300496,中科创达,20170410,34.07,34.07,32.0,32.4,34.48,-2.08,-6.03,86446.3,284246.514,28424.6514,284.24651400000005,2.8424651400000003
300496.SZ,300496,中科创达,20170411,32.4,33.5,31.9,33.37,32.4,0.97,2.99,67045.64,218958.691,21895.8691,218.958691,2.18958691
300496.SZ,300496,中科创达,20170412,32.97,33.34,32.56,32.58,33.37,-0.79,-2.37,42636.1,140301.231,14030.1231,140.301231,1.40301231
300496.SZ,300496,中科创达,20170413,32.45,33.28,32.45,32.81,32.58,0.23,0.71,34411.79,113562.425,11356.2425,113.562425,1.13562425
300496.SZ,300496,中科创达,20170414,33.03,33.07,32.45,32.67,32.81,-0.14,-0.43,30621.02,100296.107,10029.6107,100.296107,1.00296107
300496.SZ,300496,中科创达,20170417,32.31,32.31,31.1,31.42,32.67,-1.25,-3.83,45276.2,142816.133,14281.6133,142.816133,1.42816133
300496.SZ,300496,中科创达,20170418,31.55,31.79,30.35,30.57,31.42,-0.85,-2.71,41906.24,130142.114,13014.2114,130.142114,1.30142114
300496.SZ,300496,中科创达,20170419,30.03,30.48,29.03,30.4,30.57,-0.17,-0.56,48339.62,143849.266,14384.9266,143.849266,1.43849266
300496.SZ,300496,中科创达,20170420,30.11,30.66,29.86,30.45,30.4,0.05,0.16,34166.86,103617.42,10361.742,103.61742,1.0361742
300496.SZ,300496,中科创达,20170421,30.45,30.65,30.13,30.3,30.45,-0.15,-0.49,19981.1,60623.526,6062.3526,60.623526,0.6062352599999999
300496.SZ,300496,中科创达,20170424,30.01,30.49,28.58,29.74,30.3,-0.56,-1.85,41114.14,121438.761,12143.8761,121.438761,1.21438761
300496.SZ,300496,中科创达,20170425,29.5,30.46,29.5,29.92,29.74,0.18,0.61,32413.21,97286.247,9728.6247,97.286247,0.97286247
300496.SZ,300496,中科创达,20170426,29.9,30.35,29.55,29.95,29.92,0.03,0.1,23723.1,71267.776,7126.777599999999,71.267776,0.7126777599999999
300496.SZ,300496,中科创达,20170427,29.86,31.08,28.68,30.86,29.88,0.98,3.28,54545.66,164045.01,16404.501,164.04501,1.6404500999999998
300496.SZ,300496,中科创达,20170428,30.62,31.5,30.51,31.14,30.86,0.28,0.91,40237.53,125191.114,12519.1114,125.191114,1.25191114
300496.SZ,300496,中科创达,20170502,30.88,31.35,30.52,30.96,31.14,-0.18,-0.58,27582.25,85392.793,8539.2793,85.392793,0.85392793
300496.SZ,300496,中科创达,20170503,31.09,31.27,30.5,30.74,30.96,-0.22,-0.71,26914.03,82795.772,8279.5772,82.795772,0.82795772
300496.SZ,300496,中科创达,20170504,30.81,31.03,30.01,30.05,30.74,-0.69,-2.24,34714.15,106038.587,10603.8587,106.038587,1.0603858700000002
300496.SZ,300496,中科创达,20170505,29.8,30.4,29.46,29.85,30.05,-0.2,-0.67,37112.94,111224.347,11122.4347,111.224347,1.11224347
300496.SZ,300496,中科创达,20170508,29.51,30.15,29.16,29.21,29.85,-0.64,-2.14,36371.98,107806.975,10780.6975,107.806975,1.07806975
300496.SZ,300496,中科创达,20170509,29.22,29.44,28.6,29.34,29.21,0.13,0.45,39472.95,114771.509,11477.1509,114.771509,1.1477150900000002
300496.SZ,300496,中科创达,20170510,29.01,29.87,29.0,29.04,29.34,-0.3,-1.02,40293.29,118544.239,11854.4239,118.544239,1.18544239
300496.SZ,300496,中科创达,20170511,28.94,28.94,26.14,26.71,29.04,-2.33,-8.02,98787.33,267812.852,26781.2852,267.812852,2.67812852
300496.SZ,300496,中科创达,20170512,26.5,26.5,24.04,25.56,26.71,-1.15,-4.31,71466.47,182317.753,18231.7753,182.317753,1.82317753
300496.SZ,300496,中科创达,20170515,25.25,26.13,25.21,25.45,25.56,-0.11,-0.43,39399.69,101075.167,10107.5167,101.075167,1.01075167
300496.SZ,300496,中科创达,20170516,25.43,26.4,24.91,26.34,25.45,0.89,3.5,57115.83,146658.6,14665.86,146.6586,1.4665860000000002
300496.SZ,300496,中科创达,20170517,26.35,26.98,26.1,26.39,26.34,0.05,0.19,51174.95,135610.238,13561.0238,135.610238,1.35610238
300496.SZ,300496,中科创达,20170518,26.29,27.28,25.83,26.61,26.39,0.22,0.83,59111.33,158109.68,15810.968,158.10968,1.5810968
300496.SZ,300496,中科创达,20170519,26.39,26.79,26.08,26.17,26.61,-0.44,-1.65,33793.59,88846.572,8884.6572,88.846572,0.8884657199999999
300496.SZ,300496,中科创达,20170522,26.07,26.38,24.8,24.97,26.17,-1.2,-4.59,41802.82,107249.075,10724.9075,107.249075,1.0724907499999998
300496.SZ,300496,中科创达,20170523,24.7,25.94,24.65,25.2,24.97,0.23,0.92,52870.59,134142.608,13414.2608,134.142608,1.34142608
300496.SZ,300496,中科创达,20170524,24.91,27.72,24.8,27.72,25.2,2.52,10.0,98053.74,260237.663,26023.7663,260.237663,2.60237663
300496.SZ,300496,中科创达,20170525,27.71,27.98,26.74,27.46,27.72,-0.26,-0.94,98932.26,270490.78,27049.078,270.49078000000003,2.7049078000000004
300496.SZ,300496,中科创达,20170526,27.6,29.84,27.14,28.96,27.46,1.5,5.46,107579.79,304811.331,30481.1331,304.811331,3.04811331
300496.SZ,300496,中科创达,20170531,29.21,30.4,28.6,28.63,28.96,-0.33,-1.14,98097.99,289741.459,28974.1459,289.741459,2.8974145899999995
300496.SZ,300496,中科创达,20170601,28.4,29.35,27.72,27.95,28.63,-0.68,-2.38,69717.06,198358.336,19835.8336,198.358336,1.98358336
300496.SZ,300496,中科创达,20170602,27.63,30.31,27.63,30.18,27.95,2.23,7.98,105807.21,308193.77,30819.377,308.19377000000003,3.0819377
300496.SZ,300496,中科创达,20170605,30.0,30.29,29.45,29.95,30.18,-0.23,-0.76,75506.77,225653.264,22565.3264,225.653264,2.25653264
300496.SZ,300496,中科创达,20170606,29.85,30.26,29.6,29.91,29.95,-0.04,-0.13,50518.3,150956.001,15095.6001,150.956001,1.50956001
300496.SZ,300496,中科创达,20170607,30.1,31.68,29.72,30.72,29.91,0.81,2.71,106315.66,327639.428,32763.9428,327.639428,3.27639428
300496.SZ,300496,中科创达,20170608,30.6,30.92,29.67,29.67,30.72,-1.05,-3.42,76643.25,231765.716,23176.5716,231.765716,2.31765716
300496.SZ,300496,中科创达,20170609,29.65,30.44,29.55,30.05,29.67,0.38,1.28,55161.36,165869.607,16586.9607,165.869607,1.65869607
300496.SZ,300496,中科创达,20170612,29.5,29.64,28.77,28.99,30.05,-1.06,-3.53,47566.56,138498.197,13849.819699999998,138.49819699999998,1.3849819699999997
300496.SZ,300496,中科创达,20170613,28.88,30.09,28.88,29.69,28.99,0.7,2.41,46569.03,138385.958,13838.5958,138.38595800000002,1.3838595800000002
300496.SZ,300496,中科创达,20170614,29.66,30.44,29.6,29.66,29.69,-0.03,-0.1,41273.98,123623.466,12362.3466,123.623466,1.23623466
300496.SZ,300496,中科创达,20170615,29.51,30.91,29.51,30.4,29.66,0.74,2.49,65626.79,200307.642,20030.7642,200.307642,2.00307642
300496.SZ,300496,中科创达,20170616,30.3,30.76,29.8,29.9,30.4,-0.5,-1.64,46893.98,141231.109,14123.1109,141.231109,1.41231109
300496.SZ,300496,中科创达,20170619,29.8,30.49,29.8,30.2,29.9,0.3,1.0,33061.96,99774.989,9977.4989,99.774989,0.99774989
300496.SZ,300496,中科创达,20170620,30.25,31.27,30.25,30.72,30.2,0.52,1.72,78518.76,242495.528,24249.5528,242.495528,2.42495528
300496.SZ,300496,中科创达,20170621,30.67,31.19,29.92,30.4,30.72,-0.32,-1.04,64132.28,195934.408,19593.4408,195.934408,1.95934408
300496.SZ,300496,中科创达,20170622,30.42,31.26,29.81,29.85,30.4,-0.55,-1.81,69135.05,210618.969,21061.8969,210.618969,2.10618969
300496.SZ,300496,中科创达,20170623,29.64,29.66,27.74,28.25,29.85,-1.6,-5.36,97702.61,278644.78,27864.478000000003,278.64478,2.7864478000000004
300496.SZ,300496,中科创达,20170626,28.08,28.68,27.88,28.4,28.25,0.15,0.53,43449.33,123173.287,12317.3287,123.173287,1.23173287
300496.SZ,300496,中科创达,20170627,28.4,28.86,28.08,28.5,28.4,0.1,0.35,35570.36,100996.838,10099.6838,100.996838,1.00996838
300496.SZ,300496,中科创达,20170628,28.28,28.47,27.45,27.64,28.5,-0.86,-3.02,50687.01,140740.208,14074.020800000002,140.74020800000002,1.4074020800000002
300496.SZ,300496,中科创达,20170629,27.81,28.79,27.67,28.4,27.64,0.76,2.75,68602.61,193650.386,19365.0386,193.650386,1.93650386
300496.SZ,300496,中科创达,20170630,28.16,28.65,27.88,28.3,28.4,-0.1,-0.35,40864.18,115194.427,11519.4427,115.194427,1.15194427
300496.SZ,300496,中科创达,20170703,28.35,29.0,27.92,29.0,28.3,0.7,2.47,55731.56,159606.2,15960.62,159.6062,1.596062
300496.SZ,300496,中科创达,20170704,29.28,30.85,29.01,30.6,29.0,1.6,5.52,120144.11,361431.446,36143.1446,361.431446,3.61431446
300496.SZ,300496,中科创达,20170705,30.38,32.1,30.11,31.88,30.6,1.28,4.18,134853.67,420993.314,42099.3314,420.99331400000005,4.20993314
300496.SZ,300496,中科创达,20170706,31.95,32.13,31.07,31.53,31.88,-0.35,-1.1,103941.03,328677.52,32867.752,328.67752,3.2867752
300496.SZ,300496,中科创达,20170707,31.18,31.87,31.0,31.25,31.53,-0.28,-0.89,65980.3,206623.889,20662.3889,206.623889,2.06623889
300496.SZ,300496,中科创达,20170710,31.01,31.25,29.91,30.15,31.25,-1.1,-3.52,71177.87,216729.902,21672.9902,216.729902,2.16729902
300496.SZ,300496,中科创达,20170711,30.34,30.64,29.4,29.51,30.15,-0.64,-2.12,54038.74,162861.514,16286.1514,162.861514,1.62861514
300496.SZ,300496,中科创达,20170712,29.49,29.68,28.17,28.95,29.51,-0.56,-1.9,70606.61,203380.38,20338.038,203.38038,2.0338038
300496.SZ,300496,中科创达,20170713,29.0,29.18,28.41,28.71,28.95,-0.24,-0.83,37624.95,108568.313,10856.8313,108.568313,1.08568313
300496.SZ,300496,中科创达,20170714,28.21,28.6,27.88,28.15,28.71,-0.56,-1.95,49201.44,138457.053,13845.7053,138.457053,1.38457053
300496.SZ,300496,中科创达,20170717,28.2,28.2,25.34,25.34,28.15,-2.81,-9.98,88784.16,232847.302,23284.7302,232.847302,2.32847302
300496.SZ,300496,中科创达,20170718,24.86,26.35,24.86,25.99,25.34,0.65,2.57,50247.24,128364.67,12836.467,128.36467000000002,1.2836467000000005
300496.SZ,300496,中科创达,20170719,25.91,26.48,25.6,26.29,25.99,0.3,1.15,34599.61,89811.836,8981.1836,89.811836,0.89811836
300496.SZ,300496,中科创达,20170720,26.29,26.84,25.72,25.75,26.29,-0.54,-2.05,42239.66,111152.164,11115.2164,111.152164,1.11152164
300496.SZ,300496,中科创达,20170721,26.09,26.47,25.78,25.78,25.75,0.03,0.12,35049.75,91458.803,9145.8803,91.458803,0.91458803
300496.SZ,300496,中科创达,20170724,25.15,26.26,25.09,26.26,25.78,0.48,1.86,41786.91,106753.398,10675.3398,106.753398,1.06753398
300496.SZ,300496,中科创达,20170725,26.27,26.75,25.8,26.44,26.26,0.18,0.69,45185.47,119177.128,11917.7128,119.177128,1.19177128
300496.SZ,300496,中科创达,20170726,26.27,26.44,25.96,26.15,26.44,-0.29,-1.1,26934.6,70498.365,7049.8365,70.498365,0.7049836500000001
300496.SZ,300496,中科创达,20170727,26.15,28.7,26.01,28.12,26.15,1.97,7.53,104849.74,289416.436,28941.6436,289.416436,2.8941643599999995
300496.SZ,300496,中科创达,20170728,27.81,28.12,27.27,27.27,28.12,-0.85,-3.02,55203.11,152241.033,15224.1033,152.241033,1.5224103299999998
300496.SZ,300496,中科创达,20170731,27.28,28.49,27.05,27.64,27.27,0.37,1.36,52462.82,145772.493,14577.2493,145.772493,1.45772493
300496.SZ,300496,中科创达,20170801,27.66,28.78,27.51,28.77,27.64,1.13,4.09,68962.5,194884.461,19488.4461,194.884461,1.94884461
300496.SZ,300496,中科创达,20170802,28.62,28.62,27.72,27.75,28.77,-1.02,-3.55,59805.32,167996.137,16799.613699999998,167.99613699999998,1.6799613699999998
300496.SZ,300496,中科创达,20170803,27.68,28.87,27.52,28.1,27.75,0.35,1.26,59804.21,169051.245,16905.124499999998,169.051245,1.69051245
300496.SZ,300496,中科创达,20170804,28.1,28.25,27.41,27.41,28.1,-0.69,-2.46,41273.82,114257.492,11425.7492,114.257492,1.14257492
300496.SZ,300496,中科创达,20170807,27.65,28.08,27.15,27.26,27.41,-0.15,-0.55,28870.59,79519.05,7951.905000000001,79.51905000000001,0.7951905
300496.SZ,300496,中科创达,20170808,27.06,27.59,26.29,27.37,27.26,0.11,0.4,45343.16,122615.792,12261.5792,122.615792,1.22615792
300496.SZ,300496,中科创达,20170809,27.27,27.48,26.84,27.03,27.37,-0.34,-1.24,29755.72,80697.192,8069.7192,80.697192,0.8069719200000001
300496.SZ,300496,中科创达,20170810,27.13,27.56,26.66,27.42,27.03,0.39,1.44,42515.49,115498.818,11549.8818,115.498818,1.15498818
300496.SZ,300496,中科创达,20170811,27.05,27.56,26.81,26.81,27.42,-0.61,-2.22,34198.74,92650.091,9265.0091,92.650091,0.92650091
300496.SZ,300496,中科创达,20170814,26.95,28.18,26.82,28.09,26.81,1.28,4.77,65669.27,182407.293,18240.7293,182.407293,1.82407293
300496.SZ,300496,中科创达,20170815,28.01,28.35,27.84,28.35,28.09,0.26,0.93,49243.48,138460.91,13846.091,138.46091,1.3846091
300496.SZ,300496,中科创达,20170816,28.5,31.19,28.15,30.7,28.35,2.35,8.29,204341.35,619132.517,61913.2517,619.132517,6.19132517
300496.SZ,300496,中科创达,20170817,30.4,33.28,30.1,31.6,30.7,0.9,2.93,220397.47,698438.13,69843.813,698.43813,6.9843813
300496.SZ,300496,中科创达,20170818,31.6,32.97,31.1,31.27,31.6,-0.33,-1.04,138657.75,442715.55,44271.555,442.71555,4.4271555000000005
300496.SZ,300496,中科创达,20170821,31.61,33.79,31.31,33.46,31.27,2.19,7.0,171317.43,556526.187,55652.618700000006,556.526187,5.5652618700000005
300496.SZ,300496,中科创达,20170822,33.05,33.37,31.9,32.76,33.46,-0.7,-2.09,157909.48,513945.05,51394.505,513.9450499999999,5.139450499999999
300496.SZ,300496,中科创达,20170823,32.45,32.66,31.35,31.85,32.76,-0.91,-2.78,99111.56,317143.2,31714.32,317.1432,3.171432
300496.SZ,300496,中科创达,20170824,31.8,32.66,31.37,31.55,31.85,-0.3,-0.94,74790.82,239407.739,23940.7739,239.407739,2.39407739
300496.SZ,300496,中科创达,20170825,31.89,33.67,31.89,32.99,31.55,1.44,4.56,120103.5,394215.764,39421.576400000005,394.215764,3.942157640000001
300496.SZ,300496,中科创达,20170828,32.87,35.73,32.41,34.16,32.99,1.17,3.55,184194.13,636449.453,63644.9453,636.449453,6.364494529999999
300496.SZ,300496,中科创达,20170829,33.95,35.15,32.81,33.15,34.16,-1.01,-2.96,153521.12,519899.294,51989.9294,519.899294,5.19899294
300496.SZ,300496,中科创达,20170830,33.45,33.9,32.54,32.7,33.15,-0.45,-1.36,112194.34,371543.133,37154.3133,371.543133,3.71543133
300496.SZ,300496,中科创达,20170831,32.63,33.46,32.63,33.01,32.7,0.31,0.95,88845.29,293161.084,29316.1084,293.161084,2.9316108399999994
300496.SZ,300496,中科创达,20170901,33.05,35.38,32.71,35.0,33.01,1.99,6.03,163414.17,557574.139,55757.4139,557.574139,5.575741389999999
300496.SZ,300496,中科创达,20170904,36.49,38.5,36.0,37.87,35.0,2.87,8.2,332757.38,1264810.627,126481.0627,1264.810627,12.64810627
300496.SZ,300496,中科创达,20170905,37.1,41.66,36.96,41.66,37.87,3.79,10.01,402856.71,1588805.819,158880.5819,1588.805819,15.88805819
300496.SZ,300496,中科创达,20170906,42.08,45.83,41.13,45.83,41.66,4.17,10.01,374849.99,1612952.031,161295.20309999998,1612.9520309999998,16.129520309999997
300496.SZ,300496,中科创达,20170907,47.86,48.88,43.52,44.71,45.83,-1.12,-2.44,496668.05,2301083.144,230108.3144,2301.083144,23.01083144
300496.SZ,300496,中科创达,20170908,43.23,43.98,40.3,41.14,44.71,-3.57,-7.98,391339.56,1648561.455,164856.1455,1648.561455,16.48561455
300496.SZ,300496,中科创达,20170911,41.32,42.57,40.64,42.06,41.14,0.92,2.24,270135.35,1129364.157,112936.41569999998,1129.3641569999998,11.293641569999998
300496.SZ,300496,中科创达,20170912,41.57,44.85,41.11,43.95,42.06,1.89,4.49,328002.19,1402317.347,140231.7347,1402.317347,14.02317347
300496.SZ,300496,中科创达,20170913,42.4,43.16,41.51,42.36,43.95,-1.59,-3.62,215394.21,910185.509,91018.5509,910.185509,9.10185509
300496.SZ,300496,中科创达,20170914,41.98,44.21,41.76,42.04,42.36,-0.32,-0.76,217065.13,934260.108,93426.0108,934.260108,9.34260108
300496.SZ,300496,中科创达,20170915,41.11,41.18,38.94,39.37,42.04,-2.67,-6.35,210815.99,839191.918,83919.1918,839.191918,8.39191918
300496.SZ,300496,中科创达,20170918,39.43,40.34,39.34,39.74,39.37,0.37,0.94,129644.02,516625.054,51662.5054,516.625054,5.16625054
300496.SZ,300496,中科创达,20170919,40.1,41.59,39.75,40.5,39.74,0.76,1.91,178324.01,724810.489,72481.0489,724.810489,7.24810489
300496.SZ,300496,中科创达,20170920,40.0,43.2,39.69,42.7,40.5,2.2,5.43,237718.28,990703.761,99070.3761,990.703761,9.90703761
300496.SZ,300496,中科创达,20170921,42.7,43.58,41.0,41.1,42.7,-1.6,-3.75,187675.43,794052.604,79405.2604,794.052604,7.94052604
300496.SZ,300496,中科创达,20170922,40.53,45.21,40.0,44.47,41.1,3.37,8.2,288230.78,1254675.967,125467.5967,1254.675967,12.546759669999998
300496.SZ,300496,中科创达,20170925,43.3,43.98,42.27,42.58,44.47,-1.89,-4.25,170107.5,730781.134,73078.1134,730.7811340000001,7.307811340000001
300496.SZ,300496,中科创达,20170926,42.22,42.55,38.32,39.16,42.58,-3.42,-8.03,227787.89,907070.526,90707.0526,907.070526,9.07070526
300496.SZ,300496,中科创达,20170927,39.21,40.36,38.55,40.09,39.16,0.93,2.37,137503.67,543471.1,54347.11,543.4711,5.434711
300496.SZ,300496,中科创达,20170928,39.89,41.34,39.09,39.13,40.09,-0.96,-2.39,142227.5,572496.043,57249.60429999999,572.4960429999999,5.724960429999999
300496.SZ,300496,中科创达,20170929,39.45,39.87,38.2,39.26,39.13,0.13,0.33,116236.61,452894.191,45289.4191,452.894191,4.52894191
300496.SZ,300496,中科创达,20171009,40.0,41.5,39.6,40.76,39.26,1.5,3.82,140492.93,569227.033,56922.70330000001,569.2270330000001,5.692270330000001
300496.SZ,300496,中科创达,20171010,41.0,42.5,40.11,41.56,40.76,0.8,1.96,147799.01,613364.889,61336.4889,613.364889,6.13364889
300496.SZ,300496,中科创达,20171011,41.88,43.25,40.96,42.48,41.56,0.92,2.21,199442.06,841594.633,84159.4633,841.594633,8.41594633
300496.SZ,300496,中科创达,20171012,41.67,41.67,40.2,41.35,42.48,-1.13,-2.66,144265.82,590049.008,59004.9008,590.0490080000001,5.900490080000001
300496.SZ,300496,中科创达,20171013,42.46,43.15,41.47,42.25,41.35,0.9,2.18,181538.8,770581.254,77058.12539999999,770.581254,7.705812539999999
300496.SZ,300496,中科创达,20171016,41.15,41.55,39.29,39.43,42.25,-2.82,-6.67,163704.82,660019.359,66001.93590000001,660.0193590000001,6.600193590000001
300496.SZ,300496,中科创达,20171017,38.98,39.48,37.9,37.95,39.43,-1.48,-3.75,100579.89,388875.929,38887.5929,388.875929,3.88875929
300496.SZ,300496,中科创达,20171018,38.35,38.96,36.61,36.84,37.95,-1.11,-2.92,98871.61,374858.139,37485.8139,374.858139,3.74858139
300496.SZ,300496,中科创达,20171019,36.96,37.4,35.6,36.9,36.84,0.06,0.16,89721.9,328122.868,32812.2868,328.12286800000004,3.2812286800000003
300496.SZ,300496,中科创达,20171020,36.88,37.39,36.28,37.39,36.9,0.49,1.33,68374.92,252575.983,25257.5983,252.575983,2.52575983
300496.SZ,300496,中科创达,20171023,37.55,37.82,36.61,36.74,37.39,-0.65,-1.74,63461.31,234888.727,23488.8727,234.888727,2.34888727
300496.SZ,300496,中科创达,20171024,36.8,37.15,35.38,37.15,36.74,0.41,1.12,98593.38,357065.472,35706.5472,357.065472,3.57065472
300496.SZ,300496,中科创达,20171025,37.0,37.66,36.68,37.44,37.15,0.29,0.78,85301.62,318053.015,31805.3015,318.053015,3.18053015
300496.SZ,300496,中科创达,20171026,37.14,37.65,36.66,37.1,37.44,-0.34,-0.91,86721.02,321865.153,32186.5153,321.865153,3.21865153
300496.SZ,300496,中科创达,20171027,37.02,37.28,35.69,35.71,37.1,-1.39,-3.75,83449.22,304296.489,30429.6489,304.296489,3.04296489
300496.SZ,300496,中科创达,20171030,35.71,36.16,33.64,34.0,35.71,-1.71,-4.79,93976.0,323849.294,32384.9294,323.849294,3.23849294
300496.SZ,300496,中科创达,20171031,33.88,34.56,33.71,34.06,34.0,0.06,0.18,67155.55,228809.234,22880.9234,228.809234,2.28809234
300496.SZ,300496,中科创达,20171101,34.4,35.88,34.22,35.06,34.06,1.0,2.94,127075.75,445820.925,44582.0925,445.820925,4.45820925
300496.SZ,300496,中科创达,20171102,35.0,36.3,34.45,35.65,35.06,0.59,1.68,126949.8,450974.459,45097.4459,450.974459,4.50974459
300496.SZ,300496,中科创达,20171103,35.25,36.67,35.21,35.73,35.65,0.08,0.22,123709.4,445802.61,44580.261,445.80261,4.4580261
300496.SZ,300496,中科创达,20171106,35.7,37.28,35.7,37.06,35.73,1.33,3.72,113993.65,419053.311,41905.3311,419.053311,4.19053311
300496.SZ,300496,中科创达,20171107,37.4,40.4,37.4,40.03,37.06,2.97,8.01,228448.15,891396.445,89139.6445,891.396445,8.91396445
300496.SZ,300496,中科创达,20171108,39.6,40.06,38.92,39.16,40.03,-0.87,-2.17,170867.36,673880.898,67388.0898,673.880898,6.73880898
300496.SZ,300496,中科创达,20171109,38.87,40.37,38.5,40.3,39.16,1.14,2.91,154660.0,612757.628,61275.7628,612.7576280000001,6.12757628
300496.SZ,300496,中科创达,20171110,40.31,40.7,39.4,39.7,40.3,-0.6,-1.49,124664.32,498474.505,49847.4505,498.474505,4.98474505
300496.SZ,300496,中科创达,20171113,39.88,41.48,38.55,41.0,39.7,1.3,3.27,171509.48,695018.996,69501.8996,695.018996,6.95018996
300496.SZ,300496,中科创达,20171114,40.8,40.8,39.08,39.12,41.0,-1.88,-4.59,135582.12,541796.703,54179.6703,541.796703,5.41796703
300496.SZ,300496,中科创达,20171115,38.71,39.97,37.99,38.0,39.12,-1.12,-2.86,110199.67,429577.116,42957.7116,429.57711599999993,4.295771159999999
300496.SZ,300496,中科创达,20171116,38.95,41.58,38.2,40.75,38.0,2.75,7.24,185805.06,742315.903,74231.59030000001,742.3159030000002,7.423159030000002
300496.SZ,300496,中科创达,20171117,40.11,44.06,40.11,41.28,40.75,0.53,1.3,286563.8,1212197.626,121219.7626,1212.197626,12.12197626
300496.SZ,300496,中科创达,20171120,41.66,43.56,40.5,43.47,41.28,2.19,5.31,258186.1,1092395.472,109239.5472,1092.395472,10.92395472
300496.SZ,300496,中科创达,20171121,42.77,43.69,41.99,43.28,43.47,-0.19,-0.44,205765.51,884150.343,88415.0343,884.150343,8.84150343
300496.SZ,300496,中科创达,20171122,43.1,44.98,40.71,41.4,43.28,-1.88,-4.34,261550.27,1123334.472,112333.4472,1123.334472,11.23334472
300496.SZ,300496,中科创达,20171123,39.9,39.9,37.26,37.26,41.4,-4.14,-10.0,218736.25,838188.441,83818.8441,838.188441,8.38188441
300496.SZ,300496,中科创达,20171124,36.36,36.49,34.28,34.3,37.26,-2.96,-7.94,150601.94,536436.767,53643.6767,536.4367669999999,5.364367669999999
300496.SZ,300496,中科创达,20171127,34.0,35.18,33.39,33.45,34.3,-0.85,-2.48,86489.28,297653.62,29765.362,297.65362,2.9765362
300496.SZ,300496,中科创达,20171128,33.66,35.69,33.66,35.11,33.45,1.66,4.96,103092.61,358706.933,35870.6933,358.706933,3.58706933
300496.SZ,300496,中科创达,20171129,35.08,35.2,33.88,34.56,35.11,-0.55,-1.57,80874.56,279747.887,27974.7887,279.747887,2.79747887
300496.SZ,300496,中科创达,20171130,34.05,34.96,33.82,33.91,34.56,-0.65,-1.88,73436.47,251771.309,25177.1309,251.771309,2.51771309
300496.SZ,300496,中科创达,20171201,33.9,34.98,33.86,34.51,33.91,0.6,1.77,83743.13,289555.997,28955.5997,289.555997,2.89555997
300496.SZ,300496,中科创达,20171204,35.8,36.37,35.01,35.2,34.51,0.69,2.0,105062.16,374678.265,37467.8265,374.678265,3.74678265
300496.SZ,300496,中科创达,20171205,34.0,34.34,31.68,31.68,35.2,-3.52,-10.0,154928.26,505415.171,50541.5171,505.415171,5.05415171
300496.SZ,300496,中科创达,20171206,31.35,32.36,29.51,32.3,31.68,0.62,1.96,135813.75,422829.388,42282.9388,422.829388,4.228293879999999
300496.SZ,300496,中科创达,20171207,31.72,32.79,31.56,31.9,32.3,-0.4,-1.24,73196.23,235519.013,23551.9013,235.519013,2.35519013
300496.SZ,300496,中科创达,20171208,32.28,32.91,32.0,32.2,31.9,0.3,0.94,86933.45,283039.582,28303.9582,283.039582,2.83039582
300496.SZ,300496,中科创达,20171211,32.5,33.18,32.31,32.73,32.2,0.53,1.65,66074.71,216335.617,21633.5617,216.335617,2.16335617
300496.SZ,300496,中科创达,20171212,32.8,33.35,32.57,32.58,32.73,-0.15,-0.46,64900.79,214090.004,21409.0004,214.090004,2.14090004
300496.SZ,300496,中科创达,20171213,32.58,33.02,31.8,32.8,32.58,0.22,0.68,59791.09,194070.718,19407.0718,194.070718,1.94070718
300496.SZ,300496,中科创达,20171214,32.9,32.99,32.1,32.6,32.8,-0.2,-0.61,49314.14,160749.136,16074.9136,160.749136,1.60749136
300496.SZ,300496,中科创达,20171215,33.28,34.48,32.93,33.15,32.6,0.55,1.69,96852.26,325196.477,32519.6477,325.196477,3.2519647700000003
300496.SZ,300496,中科创达,20171218,32.98,33.36,30.58,31.07,33.15,-2.08,-6.27,91711.19,289289.798,28928.9798,289.289798,2.8928979800000003
300496.SZ,300496,中科创达,20171219,31.0,31.87,30.94,31.62,31.07,0.55,1.77,50113.39,158185.272,15818.5272,158.185272,1.58185272
300496.SZ,300496,中科创达,20171220,32.1,32.25,31.39,31.65,31.62,0.03,0.09,51157.32,163051.017,16305.1017,163.051017,1.63051017
300496.SZ,300496,中科创达,20171221,31.88,32.97,31.08,32.95,31.65,1.3,4.11,86045.83,277159.566,27715.9566,277.159566,2.77159566
300496.SZ,300496,中科创达,20171222,33.8,34.72,33.2,33.33,32.95,0.38,1.15,143223.01,486212.898,48621.2898,486.212898,4.86212898
300496.SZ,300496,中科创达,20171225,32.56,32.86,31.8,32.37,33.33,-0.96,-2.88,85475.32,275636.21,27563.621000000003,275.63621,2.7563621
300496.SZ,300496,中科创达,20171226,32.18,33.0,31.8,33.0,32.37,0.63,1.95,62350.01,202732.578,20273.2578,202.732578,2.02732578
300496.SZ,300496,中科创达,20171227,32.95,33.15,31.8,31.88,33.0,-1.12,-3.39,70274.97,227380.132,22738.0132,227.380132,2.27380132
300496.SZ,300496,中科创达,20171228,31.51,32.58,31.4,31.96,31.88,0.08,0.25,59582.8,191109.14,19110.914,191.10914,1.9110914
300496.SZ,300496,中科创达,20171229,32.16,32.58,32.05,32.32,31.96,0.36,1.13,43878.06,141978.242,14197.8242,141.978242,1.41978242
300496.SZ,300496,中科创达,20180102,32.5,33.08,32.17,32.9,32.32,0.58,1.79,63443.24,207948.497,20794.8497,207.948497,2.07948497
300496.SZ,300496,中科创达,20180103,32.95,33.6,32.5,33.46,32.9,0.56,1.7,71642.57,237061.133,23706.1133,237.061133,2.37061133
300496.SZ,300496,中科创达,20180104,33.5,33.62,33.13,33.14,33.46,-0.32,-0.96,53440.74,178076.602,17807.660200000002,178.076602,1.7807660200000002
300496.SZ,300496,中科创达,20180105,33.11,33.6,32.65,32.7,33.14,-0.44,-1.33,51951.66,172179.63,17217.963,172.17963,1.7217963
300496.SZ,300496,中科创达,20180108,33.68,34.28,32.71,33.12,32.7,0.42,1.28,79043.71,263863.369,26386.3369,263.86336900000003,2.6386336900000003
300496.SZ,300496,中科创达,20180109,32.92,32.99,31.82,32.12,33.12,-1.0,-3.02,67362.01,216984.316,21698.4316,216.984316,2.16984316
300496.SZ,300496,中科创达,20180110,31.89,31.98,30.7,31.18,32.12,-0.94,-2.93,76007.32,237553.815,23755.3815,237.553815,2.37553815
300496.SZ,300496,中科创达,20180111,31.2,32.0,30.68,31.89,31.18,0.71,2.28,80229.84,252646.548,25264.6548,252.646548,2.52646548
300496.SZ,300496,中科创达,20180112,31.99,31.99,30.02,30.09,31.89,-1.8,-5.64,109981.64,337639.383,33763.938299999994,337.63938299999995,3.37639383
300496.SZ,300496,中科创达,20180115,29.59,29.87,27.98,28.25,30.09,-1.84,-6.12,84641.95,244999.225,24499.9225,244.999225,2.44999225
300496.SZ,300496,中科创达,20180116,27.99,28.72,27.92,28.36,28.25,0.11,0.39,44618.18,126440.919,12644.0919,126.440919,1.2644091899999998
300496.SZ,300496,中科创达,20180117,28.49,29.2,27.25,28.59,28.36,0.23,0.81,71390.73,201425.009,20142.5009,201.425009,2.01425009
300496.SZ,300496,中科创达,20180118,28.3,28.88,28.07,28.15,28.59,-0.44,-1.54,34957.25,99398.545,9939.8545,99.398545,0.99398545
300496.SZ,300496,中科创达,20180119,28.15,28.72,28.1,28.18,28.15,0.03,0.11,30660.7,86946.967,8694.6967,86.946967,0.86946967
300496.SZ,300496,中科创达,20180122,28.22,29.45,27.89,28.99,28.18,0.81,2.87,67720.23,195357.537,19535.7537,195.357537,1.95357537
300496.SZ,300496,中科创达,20180123,28.94,29.19,28.56,28.78,28.99,-0.21,-0.72,35820.82,103244.453,10324.4453,103.244453,1.03244453
300496.SZ,300496,中科创达,20180124,29.19,31.64,28.69,31.64,28.78,2.86,9.94,143615.7,434149.538,43414.9538,434.149538,4.3414953800000005
300496.SZ,300496,中科创达,20180125,31.35,32.28,30.74,30.8,31.64,-0.84,-2.65,110077.5,346431.354,34643.1354,346.431354,3.46431354
300496.SZ,300496,中科创达,20180126,30.65,31.16,30.4,30.55,30.8,-0.25,-0.81,42839.53,131821.934,13182.1934,131.821934,1.31821934
300496.SZ,300496,中科创达,20180129,30.66,31.3,29.76,29.77,30.55,-0.78,-2.55,53933.27,163414.83,16341.482999999998,163.41483,1.6341483
300496.SZ,300496,中科创达,20180130,29.96,30.29,29.72,29.96,29.77,0.19,0.64,33224.25,99614.713,9961.4713,99.614713,0.99614713
300496.SZ,300496,中科创达,20180131,29.5,29.5,28.11,28.16,29.96,-1.8,-6.01,64716.67,185527.317,18552.7317,185.527317,1.85527317
300496.SZ,300496,中科创达,20180201,28.55,28.88,27.72,27.8,28.16,-0.36,-1.28,55419.58,156885.627,15688.5627,156.885627,1.56885627
300496.SZ,300496,中科创达,20180202,28.0,28.66,27.0,28.05,27.8,0.25,0.9,45312.18,126968.946,12696.8946,126.968946,1.26968946
300496.SZ,300496,中科创达,20180205,28.0,28.29,27.52,27.56,28.05,-0.49,-1.75,31852.16,88649.217,8864.9217,88.64921700000001,0.88649217
300496.SZ,300496,中科创达,20180206,26.5,26.75,24.8,24.8,27.56,-2.76,-10.01,89871.03,228830.102,22883.0102,228.830102,2.28830102
300496.SZ,300496,中科创达,20180207,25.78,25.78,23.85,24.83,24.8,0.03,0.12,57590.58,143356.805,14335.6805,143.35680499999998,1.43356805
300496.SZ,300496,中科创达,20180208,24.7,25.97,24.61,25.85,24.83,1.02,4.11,50537.69,128960.233,12896.0233,128.960233,1.28960233
300496.SZ,300496,中科创达,20180209,24.43,26.09,24.03,25.15,25.85,-0.7,-2.71,55439.12,140493.106,14049.3106,140.493106,1.40493106
300496.SZ,300496,中科创达,20180212,25.47,26.5,25.47,26.05,25.15,0.9,3.58,42931.36,112115.543,11211.5543,112.115543,1.12115543
300496.SZ,300496,中科创达,20180213,26.83,26.87,25.74,25.76,26.05,-0.29,-1.11,29730.16,77818.374,7781.837399999999,77.81837399999999,0.7781837399999999
300496.SZ,300496,中科创达,20180214,26.0,26.1,25.61,25.68,25.76,-0.08,-0.31,20519.02,52976.366,5297.6366,52.976366,0.52976366
300496.SZ,300496,中科创达,20180222,26.06,27.09,25.85,27.03,25.68,1.35,5.26,42342.92,112628.325,11262.8325,112.628325,1.12628325
300496.SZ,300496,中科创达,20180223,27.55,28.39,27.0,27.04,27.03,0.01,0.04,80775.91,222693.237,22269.3237,222.693237,2.22693237
300496.SZ,300496,中科创达,20180226,27.77,28.88,27.12,28.69,27.04,1.65,6.1,96807.54,272116.415,27211.6415,272.116415,2.7211641499999994
300496.SZ,300496,中科创达,20180227,28.48,29.44,28.3,28.61,28.69,-0.08,-0.28,87500.32,252627.698,25262.7698,252.627698,2.52627698
300496.SZ,300496,中科创达,20180228,28.0,29.48,27.9,28.6,28.61,-0.01,-0.04,68959.0,198976.219,19897.6219,198.976219,1.98976219
300496.SZ,300496,中科创达,20180301,28.3,30.27,28.1,29.6,28.6,1.0,3.5,115843.04,342018.355,34201.8355,342.018355,3.42018355
300496.SZ,300496,中科创达,20180302,29.2,30.65,29.18,29.71,29.6,0.11,0.37,103043.24,308319.374,30831.937400000003,308.31937400000004,3.0831937400000005
300496.SZ,300496,中科创达,20180305,30.12,30.71,29.39,30.49,29.71,0.78,2.63,81774.73,246974.553,24697.4553,246.974553,2.46974553
300496.SZ,300496,中科创达,20180306,30.56,31.94,30.01,30.16,30.49,-0.33,-1.08,111885.08,345448.163,34544.8163,345.448163,3.45448163
300496.SZ,300496,中科创达,20180307,29.98,30.32,29.25,29.7,30.16,-0.46,-1.53,69019.67,205097.867,20509.7867,205.097867,2.05097867
300496.SZ,300496,中科创达,20180308,29.9,30.78,29.6,29.89,29.7,0.19,0.64,67495.12,203759.052,20375.9052,203.759052,2.03759052
300496.SZ,300496,中科创达,20180309,30.21,31.56,29.8,31.24,29.89,1.35,4.52,115211.15,355251.114,35525.1114,355.25111400000003,3.5525111400000005
300496.SZ,300496,中科创达,20180312,31.85,32.88,31.68,32.08,31.24,0.84,2.69,129811.45,418437.128,41843.7128,418.437128,4.184371280000001
300496.SZ,300496,中科创达,20180313,31.85,34.36,31.61,32.56,32.08,0.48,1.5,137288.34,454270.25,45427.025,454.27025,4.542702500000001
300496.SZ,300496,中科创达,20180314,32.5,33.05,31.07,31.2,32.56,-1.36,-4.18,97695.25,313944.482,31394.448200000003,313.94448200000005,3.1394448200000005
300496.SZ,300496,中科创达,20180315,31.46,31.5,29.98,31.1,31.2,-0.1,-0.32,85268.22,261815.439,26181.5439,261.815439,2.6181543900000004
300496.SZ,300496,中科创达,20180316,31.7,32.23,31.19,31.2,31.1,0.1,0.32,65894.08,208763.297,20876.3297,208.763297,2.08763297
300496.SZ,300496,中科创达,20180319,32.6,32.75,31.8,32.12,31.2,0.92,2.95,90601.3,292705.705,29270.5705,292.705705,2.92705705
300496.SZ,300496,中科创达,20180320,31.4,32.27,31.11,32.14,32.12,0.02,0.06,63664.22,202122.376,20212.2376,202.122376,2.02122376
300496.SZ,300496,中科创达,20180321,32.29,32.65,30.8,30.86,32.14,-1.28,-3.98,78680.57,250497.145,25049.7145,250.497145,2.50497145
300496.SZ,300496,中科创达,20180322,30.88,32.54,30.61,31.8,30.86,0.94,3.05,101309.43,320330.115,32033.0115,320.330115,3.20330115
300496.SZ,300496,中科创达,20180323,30.39,30.96,28.62,28.62,31.8,-3.18,-10.0,123089.64,364911.185,36491.1185,364.911185,3.64911185
300496.SZ,300496,中科创达,20180326,27.76,29.56,27.07,29.33,28.62,0.71,2.48,92841.65,264806.876,26480.6876,264.806876,2.64806876
300496.SZ,300496,中科创达,20180327,30.35,31.8,30.2,31.57,29.33,2.24,7.64,143049.34,441412.171,44141.2171,441.412171,4.41412171
300496.SZ,300496,中科创达,20180328,31.47,32.3,30.63,31.8,31.57,0.23,0.73,139197.07,439138.465,43913.8465,439.138465,4.39138465
300496.SZ,300496,中科创达,20180329,31.81,34.2,31.8,32.94,31.8,1.14,3.58,187783.36,618104.57,61810.457,618.10457,6.181045699999999
300496.SZ,300496,中科创达,20180330,33.2,36.23,33.01,36.23,32.94,3.29,9.99,269557.76,951344.477,95134.4477,951.344477,9.51344477
300496.SZ,300496,中科创达,20180402,38.98,39.85,37.53,38.25,36.23,2.02,5.58,397679.03,1543307.074,154330.7074,1543.307074,15.43307074
300496.SZ,300496,中科创达,20180403,37.21,38.24,36.42,37.63,38.25,-0.62,-1.62,221007.42,823588.471,82358.8471,823.588471,8.23588471
300496.SZ,300496,中科创达,20180404,37.7,37.77,34.5,34.61,37.63,-3.02,-8.03,252661.54,907279.632,90727.9632,907.279632,9.07279632
300496.SZ,300496,中科创达,20180409,34.8,35.69,34.16,35.47,34.61,0.86,2.48,206841.71,722797.884,72279.78839999999,722.797884,7.22797884
300496.SZ,300496,中科创达,20180410,36.41,38.9,36.3,36.85,35.47,1.38,3.89,282635.05,1055032.636,105503.2636,1055.032636,10.55032636
300496.SZ,300496,中科创达,20180411,36.41,38.2,35.75,35.9,36.85,-0.95,-2.58,182878.82,677098.659,67709.8659,677.098659,6.77098659
300496.SZ,300496,中科创达,20180412,36.5,37.8,36.0,36.9,35.9,1.0,2.79,177784.28,657411.695,65741.16949999999,657.4116949999999,6.574116949999999
300496.SZ,300496,中科创达,20180413,37.4,38.38,36.75,37.66,36.9,0.76,2.06,186822.7,702316.655,70231.6655,702.3166550000001,7.023166550000001
300496.SZ,300496,中科创达,20180416,37.0,39.5,36.8,38.67,37.66,1.01,2.68,190410.26,731809.679,73180.9679,731.8096790000001,7.318096790000001
300496.SZ,300496,中科创达,20180417,39.07,39.46,34.95,36.0,38.67,-2.67,-6.9,200314.86,739057.715,73905.7715,739.057715,7.39057715
300496.SZ,300496,中科创达,20180418,36.22,38.72,35.36,38.2,36.0,2.2,6.11,187193.86,696543.131,69654.3131,696.543131,6.9654313100000005
300496.SZ,300496,中科创达,20180419,37.9,37.99,36.5,36.65,38.2,-1.55,-4.06,166339.97,619784.248,61978.4248,619.784248,6.19784248
300496.SZ,300496,中科创达,20180420,36.31,40.1,36.03,38.0,36.65,1.35,3.68,226315.59,865966.654,86596.6654,865.966654,8.65966654
300496.SZ,300496,中科创达,20180423,38.6,39.5,36.66,38.52,38.0,0.52,1.37,212228.94,811656.012,81165.6012,811.656012,8.11656012
300496.SZ,300496,中科创达,20180424,38.0,39.6,36.8,39.6,38.52,1.08,2.8,236227.7,906671.901,90667.1901,906.671901,9.06671901
300496.SZ,300496,中科创达,20180425,39.0,40.65,38.44,38.6,39.6,-1.0,-2.53,231004.15,911012.167,91101.2167,911.012167,9.110121670000002
300496.SZ,300496,中科创达,20180426,39.6,41.2,39.1,39.74,38.6,1.14,2.95,266311.2,1067761.487,106776.1487,1067.761487,10.67761487
300496.SZ,300496,中科创达,20180427,37.78,38.09,35.77,35.77,39.74,-3.97,-9.99,291863.66,1058927.857,105892.7857,1058.927857,10.58927857
300496.SZ,300496,中科创达,20180502,35.78,36.11,34.5,35.9,35.77,0.13,0.36,117530.55,414914.836,41491.4836,414.914836,4.14914836
300496.SZ,300496,中科创达,20180503,36.1,37.39,35.83,36.95,35.9,1.05,2.92,146535.49,536328.753,53632.8753,536.328753,5.36328753
300496.SZ,300496,中科创达,20180504,36.5,37.4,36.1,36.17,36.95,-0.78,-2.11,114725.32,422471.135,42247.1135,422.471135,4.22471135
300496.SZ,300496,中科创达,20180507,36.5,37.23,36.5,36.6,36.17,0.43,1.19,90022.22,331369.082,33136.9082,331.369082,3.31369082
300496.SZ,300496,中科创达,20180508,36.61,36.85,35.25,35.99,36.6,-0.61,-1.67,107016.33,383864.748,38386.4748,383.864748,3.83864748
300496.SZ,300496,中科创达,20180509,35.86,36.46,35.32,35.95,35.99,-0.04,-0.11,73433.91,263941.356,26394.1356,263.94135600000004,2.6394135600000004
300496.SZ,300496,中科创达,20180510,36.16,36.16,33.9,34.58,35.95,-1.37,-3.81,135690.37,473093.129,47309.3129,473.093129,4.73093129
300496.SZ,300496,中科创达,20180511,34.4,34.75,33.73,33.81,34.58,-0.77,-2.23,71831.64,245421.556,24542.1556,245.421556,2.45421556
300496.SZ,300496,中科创达,20180514,33.45,34.65,33.03,33.63,33.81,-0.18,-0.53,92043.21,310525.894,31052.5894,310.525894,3.10525894
300496.SZ,300496,中科创达,20180515,33.74,35.03,33.67,34.99,33.63,1.36,4.04,100479.82,345057.191,34505.7191,345.05719100000005,3.4505719100000003
300496.SZ,300496,中科创达,20180516,34.64,35.1,34.36,34.4,34.99,-0.59,-1.69,68990.12,239497.312,23949.7312,239.497312,2.3949731200000004
300496.SZ,300496,中科创达,20180517,34.42,34.94,33.85,34.09,34.4,-0.31,-0.9,58693.15,200732.704,20073.2704,200.732704,2.0073270400000003
300496.SZ,300496,中科创达,20180518,34.04,34.58,33.55,34.46,34.09,0.37,1.09,59240.02,201933.003,20193.3003,201.933003,2.01933003
300496.SZ,300496,中科创达,20180521,34.9,35.46,34.51,34.88,34.46,0.42,1.22,85223.55,298650.533,29865.0533,298.650533,2.98650533
300496.SZ,300496,中科创达,20180522,34.9,35.19,34.51,35.05,34.88,0.17,0.49,66314.79,231300.868,23130.0868,231.300868,2.31300868
300496.SZ,300496,中科创达,20180523,35.0,35.38,34.56,34.75,35.05,-0.3,-0.86,72244.43,252122.201,25212.2201,252.122201,2.52122201
300496.SZ,300496,中科创达,20180524,34.65,35.3,34.4,35.07,34.75,0.32,0.92,75924.33,265204.911,26520.491100000003,265.20491100000004,2.6520491100000005
300496.SZ,300496,中科创达,20180525,35.78,35.96,34.26,34.26,35.07,-0.81,-2.31,108005.23,380715.695,38071.5695,380.715695,3.80715695
300496.SZ,300496,中科创达,20180528,33.01,33.29,30.83,30.83,34.26,-3.43,-10.01,163090.14,514190.378,51419.037800000006,514.190378,5.14190378
300496.SZ,300496,中科创达,20180529,30.45,31.09,29.72,30.15,30.83,-0.68,-2.21,92118.19,280215.401,28021.5401,280.21540100000004,2.8021540100000006
300496.SZ,300496,中科创达,20180530,29.8,30.15,28.58,28.85,30.15,-1.3,-4.31,91047.43,268045.332,26804.5332,268.045332,2.68045332
300496.SZ,300496,中科创达,20180531,29.2,29.6,28.82,29.33,28.85,0.48,1.66,59372.0,173943.396,17394.3396,173.943396,1.7394339600000002
300496.SZ,300496,中科创达,20180601,29.51,29.55,28.76,29.17,29.33,-0.16,-0.55,53121.3,154712.812,15471.2812,154.712812,1.5471281200000002
300496.SZ,300496,中科创达,20180604,29.39,29.97,29.25,29.6,29.17,0.43,1.47,47639.32,141119.901,14111.9901,141.119901,1.41119901
300496.SZ,300496,中科创达,20180605,29.75,30.48,29.56,30.47,29.6,0.87,2.94,52860.18,159387.802,15938.7802,159.387802,1.59387802
300496.SZ,300496,中科创达,20180606,30.9,30.9,30.06,30.12,30.47,-0.35,-1.15,57635.25,175431.321,17543.1321,175.431321,1.75431321
300496.SZ,300496,中科创达,20180607,30.39,30.5,29.48,29.53,30.12,-0.59,-1.96,39584.74,118411.255,11841.1255,118.411255,1.18411255
300496.SZ,300496,中科创达,20180608,29.44,29.95,28.9,29.62,29.45,0.17,0.58,41704.89,122984.525,12298.4525,122.984525,1.22984525
300496.SZ,300496,中科创达,20180611,29.57,29.77,28.81,28.94,29.62,-0.68,-2.3,47333.56,137973.193,13797.3193,137.97319299999998,1.3797319299999995
300496.SZ,300496,中科创达,20180612,29.32,29.9,28.3,29.87,28.94,0.93,3.21,70472.6,205709.958,20570.9958,205.709958,2.05709958
300496.SZ,300496,中科创达,20180613,29.61,30.2,29.15,29.18,29.87,-0.69,-2.31,53973.23,160621.99,16062.199,160.62198999999998,1.6062199
300496.SZ,300496,中科创达,20180614,28.93,29.36,28.55,29.15,29.18,-0.03,-0.1,44883.01,130327.703,13032.7703,130.327703,1.30327703
300496.SZ,300496,中科创达,20180615,29.23,29.38,27.7,28.1,29.15,-1.05,-3.6,57699.55,163726.793,16372.6793,163.726793,1.63726793
300496.SZ,300496,中科创达,20180619,27.5,27.99,25.29,25.51,28.1,-2.59,-9.22,85594.27,226859.501,22685.9501,226.859501,2.26859501
300496.SZ,300496,中科创达,20180620,25.65,27.35,25.65,27.0,25.51,1.49,5.84,69833.24,184216.649,18421.6649,184.216649,1.84216649
300496.SZ,300496,中科创达,20180621,27.51,27.51,25.96,26.2,27.0,-0.8,-2.96,59394.62,158165.57,15816.557,158.16557,1.5816557
300496.SZ,300496,中科创达,20180622,25.82,27.27,25.71,26.99,26.2,0.79,3.02,53053.94,142227.797,14222.7797,142.22779699999998,1.42227797
300496.SZ,300496,中科创达,20180625,27.2,27.4,26.55,26.63,26.99,-0.36,-1.33,51083.99,137486.818,13748.6818,137.486818,1.37486818
300496.SZ,300496,中科创达,20180626,25.77,27.96,25.72,27.65,26.63,1.02,3.83,66834.14,181885.539,18188.5539,181.885539,1.81885539
300496.SZ,300496,中科创达,20180627,27.76,28.07,27.41,27.65,27.65,0.0,0.0,50363.67,139490.951,13949.0951,139.490951,1.39490951
300496.SZ,300496,中科创达,20180628,27.65,28.9,27.52,27.98,27.65,0.33,1.19,75707.83,214578.658,21457.8658,214.578658,2.14578658
300496.SZ,300496,中科创达,20180629,27.91,29.59,27.77,29.47,27.98,1.49,5.33,92419.02,267731.568,26773.156800000004,267.73156800000004,2.6773156800000004
300496.SZ,300496,中科创达,20180702,29.37,29.5,28.5,28.9,29.47,-0.57,-1.93,63214.27,183631.103,18363.1103,183.631103,1.83631103
300496.SZ,300496,中科创达,20180703,28.9,30.5,28.66,30.1,28.9,1.2,4.15,91700.17,271351.697,27135.1697,271.351697,2.71351697
300496.SZ,300496,中科创达,20180704,29.99,29.99,28.22,28.7,30.1,-1.4,-4.65,88162.68,256778.308,25677.8308,256.778308,2.56778308
300496.SZ,300496,中科创达,20180705,28.73,29.24,27.82,27.9,28.7,-0.8,-2.79,54709.17,156456.094,15645.6094,156.456094,1.56456094
300496.SZ,300496,中科创达,20180706,27.8,29.29,27.8,28.61,27.9,0.71,2.54,75798.75,216834.279,21683.4279,216.83427900000004,2.1683427900000005
300496.SZ,300496,中科创达,20180709,28.81,29.3,28.58,29.07,28.61,0.46,1.61,62033.65,179633.738,17963.3738,179.63373800000002,1.7963373800000002
300496.SZ,300496,中科创达,20180710,29.0,29.42,28.82,29.27,29.07,0.2,0.69,50623.4,147541.071,14754.1071,147.541071,1.4754107099999998
300496.SZ,300496,中科创达,20180711,28.6,28.6,26.94,27.6,29.27,-1.67,-5.71,82046.17,227658.23,22765.823,227.65823,2.2765823
300496.SZ,300496,中科创达,20180712,27.75,29.26,27.75,29.0,27.6,1.4,5.07,83330.81,239582.527,23958.2527,239.582527,2.39582527
300496.SZ,300496,中科创达,20180713,28.89,30.38,28.89,29.83,29.0,0.83,2.86,100717.24,298464.602,29846.4602,298.464602,2.98464602
300496.SZ,300496,中科创达,20180716,29.15,30.13,29.13,29.9,29.83,0.07,0.23,93738.19,278475.316,27847.5316,278.475316,2.78475316
300496.SZ,300496,中科创达,20180717,29.72,30.08,29.03,29.71,29.9,-0.19,-0.64,75163.46,222172.793,22217.2793,222.172793,2.22172793
300496.SZ,300496,中科创达,20180718,29.94,30.24,29.13,29.14,29.71,-0.57,-1.92,73811.72,218449.742,21844.9742,218.449742,2.18449742
300496.SZ,300496,中科创达,20180719,28.92,29.32,28.71,29.0,29.14,-0.14,-0.48,56946.65,165134.016,16513.4016,165.134016,1.65134016
300496.SZ,300496,中科创达,20180720,29.0,29.88,28.82,29.67,29.0,0.67,2.3103,77244.08,228066.655,22806.6655,228.066655,2.28066655
300496.SZ,300496,中科创达,20180723,29.49,30.48,29.48,30.18,29.67,0.51,1.7189,85932.85,258543.746,25854.374600000003,258.54374600000006,2.5854374600000005
300496.SZ,300496,中科创达,20180724,30.04,30.35,29.71,30.1,30.18,-0.08,-0.2651,73304.09,220370.172,22037.0172,220.370172,2.20370172
300496.SZ,300496,中科创达,20180725,30.12,30.75,29.96,30.2,30.1,0.1,0.3322,80723.61,245365.185,24536.5185,245.365185,2.45365185
300496.SZ,300496,中科创达,20180726,30.28,30.28,28.7,28.91,30.2,-1.29,-4.2715,83365.42,244181.811,24418.1811,244.181811,2.44181811
300496.SZ,300496,中科创达,20180727,28.78,29.14,28.62,28.79,28.91,-0.12,-0.4151,37256.55,107657.522,10765.7522,107.657522,1.0765752199999998
300496.SZ,300496,中科创达,20180730,29.0,29.12,27.4,27.68,28.79,-1.11,-3.8555,64540.25,181001.203,18100.1203,181.00120300000003,1.81001203
300496.SZ,300496,中科创达,20180731,27.7,27.88,27.22,27.44,27.68,-0.24,-0.8671,37324.63,102733.839,10273.3839,102.733839,1.02733839
300496.SZ,300496,中科创达,20180801,27.74,27.98,26.96,26.96,27.44,-0.48,-1.7493,42881.47,117762.943,11776.2943,117.762943,1.17762943
300496.SZ,300496,中科创达,20180802,26.6,26.96,25.68,26.45,26.96,-0.51,-1.8917,54681.79,144065.937,14406.5937,144.06593700000002,1.44065937
300496.SZ,300496,中科创达,20180803,26.4,26.73,25.82,26.32,26.45,-0.13,-0.4915,34658.41,91547.271,9154.7271,91.547271,0.91547271
300496.SZ,300496,中科创达,20180806,26.32,26.9,26.12,26.37,26.32,0.05,0.19,43949.08,116463.717,11646.3717,116.463717,1.16463717
300496.SZ,300496,中科创达,20180807,26.5,27.17,26.33,27.11,26.37,0.74,2.8062,43504.56,116742.087,11674.2087,116.742087,1.16742087
300496.SZ,300496,中科创达,20180808,27.0,27.28,26.38,26.44,27.11,-0.67,-2.4714,39548.64,105867.785,10586.7785,105.867785,1.05867785
300496.SZ,300496,中科创达,20180809,26.36,27.94,26.2,27.52,26.44,1.08,4.0847,67088.09,183967.829,18396.7829,183.967829,1.83967829
300496.SZ,300496,中科创达,20180810,27.32,27.74,27.26,27.67,27.52,0.15,0.5451,41852.55,115107.854,11510.7854,115.107854,1.15107854
300496.SZ,300496,中科创达,20180813,27.2,28.48,27.0,28.33,27.67,0.66,2.3853,69896.75,194893.779,19489.3779,194.893779,1.94893779
300496.SZ,300496,中科创达,20180814,28.16,28.33,27.58,27.83,28.33,-0.5,-1.7649,40295.24,112267.564,11226.7564,112.267564,1.12267564
300496.SZ,300496,中科创达,20180815,27.73,28.05,27.01,27.16,27.83,-0.67,-2.4075,44719.28,123030.857,12303.0857,123.030857,1.23030857
300496.SZ,300496,中科创达,20180816,26.52,27.49,26.51,26.75,27.16,-0.41,-1.5096,40475.31,109171.023,10917.1023,109.171023,1.09171023
300496.SZ,300496,中科创达,20180817,27.11,27.31,26.01,26.23,26.75,-0.52,-1.9439,34219.64,91292.379,9129.2379,91.292379,0.91292379
300496.SZ,300496,中科创达,20180820,27.16,28.85,26.85,28.85,26.23,2.62,9.9886,119605.54,333747.246,33374.7246,333.747246,3.3374724600000003
300496.SZ,300496,中科创达,20180821,29.43,29.43,28.37,28.88,28.85,0.03,0.104,143879.07,417348.294,41734.8294,417.348294,4.17348294
300496.SZ,300496,中科创达,20180822,28.88,29.8,28.68,28.95,28.88,0.07,0.2424,98775.82,288375.03,28837.503000000004,288.37503000000004,2.8837503000000004
300496.SZ,300496,中科创达,20180823,28.65,29.43,28.55,29.1,28.95,0.15,0.5181,96630.65,280814.375,28081.4375,280.814375,2.80814375
300496.SZ,300496,中科创达,20180824,29.0,29.4,28.65,29.38,29.1,0.28,0.9622,75769.77,220052.691,22005.2691,220.052691,2.20052691
300496.SZ,300496,中科创达,20180827,29.68,30.13,29.25,29.57,29.38,0.19,0.6467,110106.8,326680.275,32668.027500000004,326.68027500000005,3.2668027500000005
300496.SZ,300496,中科创达,20180828,29.62,30.28,29.1,29.35,29.57,-0.22,-0.744,83913.5,248971.736,24897.1736,248.971736,2.48971736
300496.SZ,300496,中科创达,20180829,29.21,30.15,29.1,29.53,29.35,0.18,0.6133,80902.09,239943.231,23994.3231,239.94323100000005,2.3994323100000003
300496.SZ,300496,中科创达,20180830,29.45,29.8,28.35,28.8,29.53,-0.73,-2.4721,70244.13,202982.655,20298.2655,202.982655,2.02982655
300496.SZ,300496,中科创达,20180831,28.51,29.2,28.2,28.36,28.8,-0.44,-1.5278,61129.74,175757.552,17575.7552,175.757552,1.75757552
300496.SZ,300496,中科创达,20180903,28.4,28.56,26.61,27.3,28.36,-1.06,-3.7377,82459.21,224688.443,22468.8443,224.688443,2.24688443
300496.SZ,300496,中科创达,20180904,27.35,28.07,27.15,27.78,27.3,0.48,1.7582,69984.04,193370.9,19337.09,193.3709,1.933709
300496.SZ,300496,中科创达,20180905,27.67,27.88,26.9,26.98,27.78,-0.8,-2.8798,50782.14,139337.234,13933.7234,139.337234,1.39337234
300496.SZ,300496,中科创达,20180906,26.72,27.99,26.72,27.67,26.98,0.69,2.5574,57616.81,158300.604,15830.060399999998,158.300604,1.58300604
300496.SZ,300496,中科创达,20180907,27.8,28.19,26.9,27.22,27.67,-0.45,-1.6263,68293.04,188482.266,18848.2266,188.482266,1.88482266
300496.SZ,300496,中科创达,20180910,27.0,27.06,26.22,26.27,27.22,-0.95,-3.4901,53484.69,142307.508,14230.7508,142.30750799999998,1.4230750799999998
300496.SZ,300496,中科创达,20180911,26.46,26.87,26.35,26.77,26.27,0.5,1.9033,31306.77,83377.16,8337.716,83.37716,0.8337716000000001
300496.SZ,300496,中科创达,20180912,26.86,27.26,26.7,26.9,26.77,0.13,0.4856,36099.89,97557.782,9755.7782,97.557782,0.97557782
300496.SZ,300496,中科创达,20180913,27.3,27.48,26.8,27.2,26.9,0.3,1.1152,30186.2,81940.533,8194.0533,81.940533,0.81940533
300496.SZ,300496,中科创达,20180914,27.4,27.57,26.66,26.72,27.2,-0.48,-1.7647,36072.44,97725.65,9772.565,97.72565,0.9772565
300496.SZ,300496,中科创达,20180917,26.35,26.79,26.28,26.59,26.72,-0.13,-0.4865,22022.56,58303.222,5830.3222000000005,58.303222000000005,0.5830322200000001
300496.SZ,300496,中科创达,20180918,26.32,27.11,26.32,27.11,26.59,0.52,1.9556,30648.74,82271.167,8227.1167,82.271167,0.82271167
300496.SZ,300496,中科创达,20180919,27.03,27.65,26.86,27.22,27.11,0.11,0.4058,47837.94,130577.612,13057.7612,130.577612,1.30577612
300496.SZ,300496,中科创达,20180920,27.11,27.32,26.5,26.73,27.22,-0.49,-1.8001,34940.01,93897.121,9389.7121,93.897121,0.9389712100000002
300496.SZ,300496,中科创达,20180921,26.85,27.19,26.65,27.1,26.73,0.37,1.3842,35585.58,96087.385,9608.7385,96.087385,0.96087385
300496.SZ,300496,中科创达,20180925,26.86,27.35,26.73,26.85,27.1,-0.25,-0.9225,30537.25,82370.465,8237.0465,82.37046500000001,0.8237046500000001
300496.SZ,300496,中科创达,20180926,27.01,27.25,26.76,27.05,26.85,0.2,0.7449,36167.76,97756.505,9775.6505,97.756505,0.97756505
300496.SZ,300496,中科创达,20180927,26.96,27.16,26.48,26.48,27.05,-0.57,-2.1072,41399.24,110642.657,11064.2657,110.642657,1.10642657
300496.SZ,300496,中科创达,20180928,26.55,26.73,26.19,26.43,26.48,-0.05,-0.1888,35365.06,93329.719,9332.9719,93.329719,0.93329719
300496.SZ,300496,中科创达,20181008,25.77,26.08,24.03,24.4,26.43,-2.03,-7.6807,54082.0,135821.387,13582.1387,135.821387,1.35821387
300496.SZ,300496,中科创达,20181009,24.58,24.84,24.31,24.52,24.4,0.12,0.4918,22978.09,56426.008,5642.6008,56.426008,0.56426008
300496.SZ,300496,中科创达,20181010,24.58,25.01,24.33,25.0,24.52,0.48,1.9576,27486.77,68024.452,6802.4452,68.024452,0.68024452
300496.SZ,300496,中科创达,20181011,24.08,24.4,22.5,22.51,25.0,-2.49,-9.96,62441.0,145730.578,14573.0578,145.730578,1.45730578
300496.SZ,300496,中科创达,20181012,22.44,22.66,20.8,22.16,22.51,-0.35,-1.5549,52751.66,115544.963,11554.4963,115.544963,1.15544963
300496.SZ,300496,中科创达,20181015,22.19,22.59,21.85,21.93,22.16,-0.23,-1.0379,27992.07,62461.951,6246.1951,62.461951,0.62461951
300496.SZ,300496,中科创达,20181016,22.06,22.48,21.28,21.48,21.93,-0.45,-2.052,30638.86,66874.178,6687.4178,66.874178,0.66874178
300496.SZ,300496,中科创达,20181017,21.84,22.2,21.48,21.95,21.48,0.47,2.1881,47992.1,104753.923,10475.3923,104.753923,1.04753923
300496.SZ,300496,中科创达,20181018,21.79,21.79,20.81,21.22,21.95,-0.73,-3.3257,41459.7,88031.532,8803.1532,88.03153200000001,0.8803153200000001
300496.SZ,300496,中科创达,20181019,21.0,22.0,20.7,21.87,21.22,0.65,3.0631,42508.93,91804.155,9180.4155,91.804155,0.91804155
300496.SZ,300496,中科创达,20181022,22.1,23.78,22.02,23.3,21.87,1.43,6.5386,66829.2,153266.697,15326.6697,153.266697,1.53266697
300496.SZ,300496,中科创达,20181023,23.5,23.58,22.61,22.8,23.3,-0.5,-2.1459,42017.6,96976.949,9697.6949,96.976949,0.96976949
300496.SZ,300496,中科创达,20181024,22.61,23.18,22.48,22.64,22.8,-0.16,-0.7018,25661.4,58375.856,5837.5856,58.375856000000006,0.58375856
300496.SZ,300496,中科创达,20181025,21.88,22.22,21.32,22.01,22.64,-0.63,-2.7827,37210.98,80778.01,8077.800999999999,80.77801,0.8077801
300496.SZ,300496,中科创达,20181026,22.27,22.52,21.91,22.09,22.01,0.08,0.3635,24417.36,54271.822,5427.1822,54.271822,0.54271822
300496.SZ,300496,中科创达,20181029,22.19,22.49,21.72,22.03,22.09,-0.06,-0.2716,22398.03,49655.815,4965.5815,49.655815,0.49655815
300496.SZ,300496,中科创达,20181030,22.03,22.5,21.68,22.32,22.03,0.29,1.3164,31799.22,70491.664,7049.1664,70.491664,0.70491664
300496.SZ,300496,中科创达,20181031,22.49,22.88,22.29,22.6,22.32,0.28,1.2545,32389.93,73326.406,7332.640600000001,73.326406,0.7332640600000001
300496.SZ,300496,中科创达,20181101,24.0,24.8,23.23,23.43,22.6,0.83,3.6726,100213.94,241498.011,24149.8011,241.498011,2.41498011
300496.SZ,300496,中科创达,20181102,23.9,24.06,23.6,23.94,23.43,0.51,2.1767,72214.39,172523.67,17252.367000000002,172.52367,1.7252367000000002
300496.SZ,300496,中科创达,20181105,23.81,25.68,23.68,24.56,23.94,0.62,2.5898,102689.65,251230.144,25123.0144,251.230144,2.51230144
300496.SZ,300496,中科创达,20181106,24.03,24.26,23.48,23.93,24.56,-0.63,-2.5651,53131.5,126446.288,12644.6288,126.446288,1.2644628800000002
300496.SZ,300496,中科创达,20181107,23.84,24.25,23.66,23.71,23.93,-0.22,-0.9193,37081.07,88837.123,8883.712300000001,88.837123,0.8883712300000001
300496.SZ,300496,中科创达,20181108,23.93,24.48,23.41,23.54,23.71,-0.17,-0.717,39627.06,94691.414,9469.1414,94.691414,0.94691414
300496.SZ,300496,中科创达,20181109,23.32,23.78,23.24,23.29,23.54,-0.25,-1.062,27221.48,64034.825,6403.4825,64.034825,0.64034825
300496.SZ,300496,中科创达,20181112,23.25,24.07,23.04,24.05,23.29,0.76,3.2632,42738.65,101621.692,10162.1692,101.621692,1.01621692
300496.SZ,300496,中科创达,20181113,23.95,24.79,23.82,24.63,24.05,0.58,2.4116,90921.42,222299.07,22229.907,222.29907,2.2229907
300496.SZ,300496,中科创达,20181114,24.43,25.47,24.1,24.35,24.63,-0.28,-1.1368,71988.22,177526.02,17752.602,177.52602,1.7752602
300496.SZ,300496,中科创达,20181115,24.43,25.29,24.41,25.22,24.35,0.87,3.5729,77320.49,193136.894,19313.6894,193.136894,1.93136894
300496.SZ,300496,中科创达,20181116,25.68,25.7,24.89,25.17,25.22,-0.05,-0.1983,67851.92,171227.54,17122.754,171.22754,1.7122754
300496.SZ,300496,中科创达,20181119,25.06,25.5,24.7,25.1,25.17,-0.07,-0.2781,43517.72,108799.398,10879.9398,108.799398,1.08799398
300496.SZ,300496,中科创达,20181120,24.7,24.85,23.5,23.83,25.1,-1.27,-5.0598,65261.89,158475.822,15847.5822,158.475822,1.58475822
300496.SZ,300496,中科创达,20181121,23.31,23.7,23.06,23.32,23.83,-0.51,-2.1402,57171.19,133546.216,13354.6216,133.546216,1.3354621599999998
300496.SZ,300496,中科创达,20181122,23.4,23.64,23.3,23.4,23.32,0.08,0.3431,34487.0,80917.919,8091.791899999999,80.917919,0.8091791899999999
300496.SZ,300496,中科创达,20181123,23.33,23.43,22.25,22.47,23.4,-0.93,-3.9744,63133.95,142788.52,14278.852,142.78851999999998,1.4278851999999995
300496.SZ,300496,中科创达,20181126,22.38,22.64,22.0,22.35,22.47,-0.12,-0.534,33653.7,75146.127,7514.6127,75.14612699999999,0.75146127
300496.SZ,300496,中科创达,20181127,22.58,23.39,22.47,23.3,22.35,0.95,4.2506,55978.1,128067.088,12806.7088,128.067088,1.2806708800000002
300496.SZ,300496,中科创达,20181128,23.03,23.28,22.46,23.19,23.3,-0.11,-0.4721,53173.35,122269.272,12226.9272,122.269272,1.22269272
300496.SZ,300496,中科创达,20181129,23.45,23.8,22.64,22.71,23.19,-0.48,-2.0699,58219.15,136242.602,13624.2602,136.242602,1.36242602
300496.SZ,300496,中科创达,20181130,22.63,23.25,22.6,23.14,22.71,0.43,1.8934,33709.05,77414.779,7741.4779,77.414779,0.77414779
300496.SZ,300496,中科创达,20181203,24.0,24.7,23.78,24.55,23.14,1.41,6.0933,89130.46,215539.305,21553.9305,215.539305,2.15539305
300496.SZ,300496,中科创达,20181204,24.47,24.68,24.21,24.56,24.55,0.01,0.0407,43687.7,106865.363,10686.5363,106.865363,1.06865363
300496.SZ,300496,中科创达,20181205,24.06,24.6,23.98,24.47,24.56,-0.09,-0.3664,40745.65,99172.213,9917.2213,99.172213,0.99172213
300496.SZ,300496,中科创达,20181206,24.5,24.5,23.66,23.9,24.47,-0.57,-2.3294,44661.84,107493.997,10749.3997,107.493997,1.07493997
300496.SZ,300496,中科创达,20181207,23.95,24.3,23.78,23.8,23.9,-0.1,-0.4184,31084.75,74718.424,7471.842399999999,74.718424,0.7471842399999999
300496.SZ,300496,中科创达,20181210,23.62,24.14,23.4,23.66,23.8,-0.14,-0.5882,26079.75,62062.63,6206.263,62.06263,0.6206263
300496.SZ,300496,中科创达,20181211,23.9,24.64,23.9,24.29,23.66,0.63,2.6627,47932.95,116490.216,11649.0216,116.490216,1.16490216
300496.SZ,300496,中科创达,20181212,24.41,24.59,23.96,24.01,24.29,-0.28,-1.1527,27905.08,67433.384,6743.338400000001,67.433384,0.6743338400000001
300496.SZ,300496,中科创达,20181213,24.12,24.43,23.82,24.37,24.01,0.36,1.4994,48722.02,118222.419,11822.2419,118.222419,1.18222419
300496.SZ,300496,中科创达,20181214,24.45,24.45,23.64,23.64,24.37,-0.73,-2.9955,35068.61,84140.279,8414.0279,84.14027899999999,0.84140279
300496.SZ,300496,中科创达,20181217,23.51,23.78,22.81,22.99,23.64,-0.65,-2.7496,32002.79,74240.003,7424.0003,74.240003,0.74240003
300496.SZ,300496,中科创达,20181218,22.97,23.19,22.7,22.85,22.99,-0.14,-0.609,22157.79,50787.007,5078.700699999999,50.787007,0.50787007
300496.SZ,300496,中科创达,20181219,22.88,23.08,22.55,22.58,22.85,-0.27,-1.1816,20779.35,47486.053,4748.6053,47.486053,0.47486053
300496.SZ,300496,中科创达,20181220,22.65,22.99,22.6,22.79,22.58,0.21,0.93,20937.69,47742.466,4774.2466,47.74246600000001,0.47742466
300496.SZ,300496,中科创达,20181221,22.65,23.3,22.65,22.99,22.79,0.2,0.8776,27622.25,63482.256,6348.2256,63.482256,0.63482256
300496.SZ,300496,中科创达,20181224,22.88,23.5,22.77,23.49,22.99,0.5,2.1749,34390.14,80041.153,8004.1153,80.04115300000001,0.8004115300000001
300496.SZ,300496,中科创达,20181225,23.15,23.56,22.79,23.45,23.49,-0.04,-0.1703,36972.67,85679.599,8567.9599,85.679599,0.85679599
300496.SZ,300496,中科创达,20181226,23.42,23.45,22.78,22.83,23.45,-0.62,-2.6439,33167.24,76744.94,7674.494000000001,76.74494,0.7674494
300496.SZ,300496,中科创达,20181227,23.27,23.38,22.55,22.56,22.83,-0.27,-1.1827,33863.79,78086.412,7808.6412,78.086412,0.7808641199999999
300496.SZ,300496,中科创达,20181228,22.54,22.8,21.9,22.1,22.56,-0.46,-2.039,33828.78,75414.397,7541.4397,75.414397,0.7541439699999999
300496.SZ,300496,中科创达,20190102,22.2,22.35,21.72,22.1,22.1,0.0,0.0,22639.0,49949.878,4994.9878,49.949878,0.49949878
300496.SZ,300496,中科创达,20190103,21.95,22.49,21.84,22.45,22.1,0.35,1.5837,27732.45,61802.453,6180.2453000000005,61.80245300000001,0.61802453
300496.SZ,300496,中科创达,20190104,22.42,23.48,22.3,23.41,22.45,0.96,4.2762,57538.55,132631.526,13263.1526,132.631526,1.32631526
300496.SZ,300496,中科创达,20190107,23.27,24.65,23.27,24.35,23.41,0.94,4.0154,84974.27,205411.684,20541.1684,205.41168400000004,2.0541168400000003
300496.SZ,300496,中科创达,20190108,24.2,25.18,24.2,24.9,24.35,0.55,2.2587,106890.47,265444.045,26544.4045,265.444045,2.65444045
300496.SZ,300496,中科创达,20190109,24.8,25.58,24.72,25.19,24.9,0.29,1.1647,88572.36,224295.076,22429.5076,224.295076,2.24295076
300496.SZ,300496,中科创达,20190110,25.72,25.9,25.26,25.49,25.19,0.3,1.1909,74611.01,191072.484,19107.2484,191.072484,1.91072484
300496.SZ,300496,中科创达,20190111,25.82,27.13,25.65,25.75,25.49,0.26,1.02,102681.8,270319.576,27031.9576,270.31957600000004,2.7031957600000003
300496.SZ,300496,中科创达,20190114,26.23,26.8,26.03,26.28,25.75,0.53,2.0583,64254.65,169629.064,16962.9064,169.629064,1.69629064
300496.SZ,300496,中科创达,20190115,26.08,27.56,26.08,27.15,26.28,0.87,3.3105,87269.72,235844.172,23584.4172,235.844172,2.35844172
300496.SZ,300496,中科创达,20190116,27.25,27.77,26.42,26.49,27.15,-0.66,-2.4309,74479.02,200039.794,20003.9794,200.039794,2.00039794
300496.SZ,300496,中科创达,20190117,26.9,27.37,26.12,26.46,26.49,-0.03,-0.1133,56163.94,149922.108,14992.2108,149.922108,1.49922108
300496.SZ,300496,中科创达,20190118,26.73,26.88,25.93,26.39,26.46,-0.07,-0.2646,50664.71,133188.682,13318.8682,133.188682,1.33188682
300496.SZ,300496,中科创达,20190121,26.58,27.4,26.25,26.67,26.39,0.28,1.061,61018.62,163944.06,16394.406,163.94405999999998,1.6394405999999997
300496.SZ,300496,中科创达,20190122,26.43,26.87,25.66,25.91,26.67,-0.76,-2.8496,56787.95,148404.466,14840.4466,148.404466,1.48404466
300496.SZ,300496,中科创达,20190123,26.29,26.53,25.8,26.2,25.91,0.29,1.1193,41637.34,109094.698,10909.4698,109.094698,1.09094698
300496.SZ,300496,中科创达,20190124,26.51,28.1,26.35,27.49,26.2,1.29,4.9237,105204.52,287944.35,28794.435,287.94435,2.8794435
300496.SZ,300496,中科创达,20190125,27.36,30.2,26.7,28.85,27.49,1.36,4.9473,151487.15,433990.392,43399.0392,433.990392,4.33990392
300496.SZ,300496,中科创达,20190128,28.71,28.89,27.61,27.95,28.85,-0.9,-3.1196,81283.38,229380.433,22938.0433,229.380433,2.29380433
300496.SZ,300496,中科创达,20190129,28.0,28.0,26.8,27.32,27.95,-0.63,-2.254,56411.11,154538.55,15453.855,154.53855,1.5453855
300496.SZ,300496,中科创达,20190130,27.34,27.57,26.3,26.69,27.32,-0.63,-2.306,53601.77,144166.339,14416.6339,144.166339,1.44166339
300496.SZ,300496,中科创达,20190131,26.85,27.24,26.38,26.91,26.69,0.22,0.8243,43302.42,116356.42,11635.642,116.35642,1.1635642
300496.SZ,300496,中科创达,20190201,27.07,28.05,26.7,27.85,26.91,0.94,3.4931,51326.31,141276.556,14127.655600000002,141.27655600000003,1.4127655600000002
300496.SZ,300496,中科创达,20190211,28.01,28.86,27.85,28.84,27.85,0.99,3.5548,59211.08,168600.567,16860.0567,168.600567,1.68600567
300496.SZ,300496,中科创达,20190212,28.76,29.11,28.36,28.58,28.84,-0.26,-0.9015,58017.05,166120.859,16612.0859,166.120859,1.66120859
300496.SZ,300496,中科创达,20190213,28.76,29.59,28.65,28.93,28.58,0.35,1.2246,67932.83,197313.664,19731.3664,197.313664,1.97313664
300496.SZ,300496,中科创达,20190214,28.76,29.08,28.37,29.08,28.93,0.15,0.5185,57196.69,164061.231,16406.1231,164.06123100000002,1.6406123100000003
300496.SZ,300496,中科创达,20190215,29.0,29.56,28.5,28.87,29.08,-0.21,-0.7221,72194.9,210150.119,21015.0119,210.150119,2.10150119
300496.SZ,300496,中科创达,20190218,29.0,30.22,28.89,29.99,28.87,1.12,3.8795,84405.47,251089.784,25108.9784,251.089784,2.51089784
300496.SZ,300496,中科创达,20190219,30.15,31.02,29.42,30.32,29.99,0.33,1.1004,92938.16,281457.455,28145.7455,281.457455,2.81457455
300496.SZ,300496,中科创达,20190220,30.32,30.94,29.7,30.7,30.32,0.38,1.2533,66709.02,201977.292,20197.7292,201.977292,2.01977292
300496.SZ,300496,中科创达,20190221,30.55,31.45,29.93,30.13,30.7,-0.57,-1.8567,84916.41,261512.07,26151.207,261.51207,2.6151207
300496.SZ,300496,中科创达,20190222,30.0,31.44,29.97,31.28,30.13,1.15,3.8168,77644.08,239955.719,23995.571900000003,239.955719,2.3995571900000003
300496.SZ,300496,中科创达,20190225,32.1,34.41,32.1,34.39,31.28,3.11,9.9425,166597.9,560539.18,56053.918000000005,560.5391800000001,5.605391800000001
300496.SZ,300496,中科创达,20190226,34.01,36.65,33.35,33.91,34.39,-0.48,-1.3958,142262.0,492815.799,49281.5799,492.815799,4.92815799
300496.SZ,300496,中科创达,20190227,34.5,35.85,33.8,34.54,33.91,0.63,1.8579,107187.88,372492.619,37249.2619,372.492619,3.72492619
300496.SZ,300496,中科创达,20190228,36.28,36.29,34.14,34.5,34.54,-0.04,-0.1158,117885.04,414250.017,41425.0017,414.250017,4.14250017
300496.SZ,300496,中科创达,20190301,34.9,34.96,33.14,33.82,34.5,-0.68,-1.971,100685.81,339355.75,33935.575,339.35574999999994,3.3935575
300496.SZ,300496,中科创达,20190304,35.5,35.81,34.11,34.81,33.82,0.99,2.9273,152275.1,531343.129,53134.3129,531.343129,5.31343129
300496.SZ,300496,中科创达,20190305,34.84,38.29,34.61,38.29,34.81,3.48,9.9971,186836.79,681078.411,68107.84109999999,681.078411,6.810784109999999
300496.SZ,300496,中科创达,20190306,39.25,39.93,36.75,37.95,38.29,-0.34,-0.888,201460.21,762357.452,76235.7452,762.3574520000001,7.623574520000001
300496.SZ,300496,中科创达,20190307,37.2,39.48,37.01,38.37,37.95,0.42,1.1067,164294.05,629430.186,62943.0186,629.4301859999999,6.294301859999999
300496.SZ,300496,中科创达,20190308,36.03,39.87,35.8,38.02,38.37,-0.35,-0.9122,194705.83,748853.892,74885.3892,748.8538920000001,7.488538920000001
300496.SZ,300496,中科创达,20190311,39.08,39.52,36.73,39.0,38.02,0.98,2.5776,146309.55,559757.37,55975.737,559.75737,5.597573700000001
300496.SZ,300496,中科创达,20190312,38.8,39.61,38.16,39.0,39.0,0.0,0.0,149487.78,581303.252,58130.3252,581.303252,5.81303252
300496.SZ,300496,中科创达,20190313,39.41,39.41,35.1,35.11,39.0,-3.89,-9.9744,194412.24,713073.942,71307.39420000001,713.0739420000001,7.130739420000001
300496.SZ,300496,中科创达,20190314,35.11,35.52,31.68,32.67,35.11,-2.44,-6.9496,220885.89,732087.625,73208.7625,732.087625,7.32087625
300496.SZ,300496,中科创达,20190315,33.13,33.6,32.05,32.8,32.67,0.13,0.3979,116962.27,385118.318,38511.8318,385.118318,3.85118318
300496.SZ,300496,中科创达,20190318,32.6,33.74,32.11,33.6,32.8,0.8,2.439,93705.62,310480.939,31048.0939,310.480939,3.10480939
300496.SZ,300496,中科创达,20190319,33.61,35.3,33.1,34.32,33.6,0.72,2.1429,128743.06,443995.852,44399.5852,443.995852,4.43995852
300496.SZ,300496,中科创达,20190320,35.0,35.15,33.45,34.22,34.32,-0.1,-0.2914,106504.91,365416.709,36541.6709,365.416709,3.65416709
300496.SZ,300496,中科创达,20190321,34.27,34.86,33.48,34.48,34.22,0.26,0.7598,119428.09,409439.972,40943.9972,409.439972,4.094399719999999
300496.SZ,300496,中科创达,20190322,34.27,34.39,32.62,33.75,34.48,-0.73,-2.1172,133898.71,447058.313,44705.831300000005,447.05831300000006,4.4705831300000005
300496.SZ,300496,中科创达,20190325,32.99,34.3,32.72,34.19,33.75,0.44,1.3037,118844.19,400454.233,40045.4233,400.454233,4.0045423300000005
300496.SZ,300496,中科创达,20190326,34.3,34.5,32.66,33.09,34.19,-1.1,-3.2173,110312.22,370024.406,37002.4406,370.024406,3.70024406
300496.SZ,300496,中科创达,20190327,33.13,33.92,31.8,33.54,33.09,0.45,1.3599,101928.12,337075.068,33707.5068,337.07506800000004,3.3707506800000004
300496.SZ,300496,中科创达,20190328,33.5,34.96,33.21,33.55,33.54,0.01,0.0298,92451.92,315638.344,31563.8344,315.638344,3.1563834400000004
300496.SZ,300496,中科创达,20190329,34.29,34.7,32.83,34.55,33.55,1.0,2.9806,99558.5,339356.737,33935.6737,339.356737,3.39356737
300496.SZ,300496,中科创达,20190401,33.01,35.49,33.0,35.33,34.55,0.78,2.2576,239840.66,829306.992,82930.6992,829.306992,8.29306992
300496.SZ,300496,中科创达,20190402,35.35,38.66,34.81,37.4,35.33,2.07,5.859,210370.53,782274.772,78227.4772,782.274772,7.82274772
300496.SZ,300496,中科创达,20190403,37.2,39.48,36.84,38.75,37.4,1.35,3.6096,178169.53,686942.637,68694.2637,686.942637,6.86942637
300496.SZ,300496,中科创达,20190404,38.7,39.86,37.34,38.01,38.75,-0.74,-1.9097,138285.76,532427.53,53242.753,532.42753,5.3242753
300496.SZ,300496,中科创达,20190408,38.0,38.6,34.63,35.42,38.01,-2.59,-6.814,172836.29,625159.394,62515.9394,625.1593939999999,6.251593939999999
300496.SZ,300496,中科创达,20190409,35.1,35.9,34.86,35.18,35.42,-0.24,-0.6776,81492.45,287152.361,28715.2361,287.152361,2.87152361
300496.SZ,300496,中科创达,20190410,35.17,35.18,34.01,34.5,35.18,-0.68,-1.9329,80436.82,277825.805,27782.5805,277.825805,2.77825805
300496.SZ,300496,中科创达,20190411,34.4,35.85,34.3,34.59,34.5,0.09,0.2609,80511.24,281275.657,28127.5657,281.275657,2.8127565699999995
300496.SZ,300496,中科创达,20190412,35.0,35.0,33.84,34.08,34.59,-0.51,-1.4744,59313.25,202464.564,20246.456400000003,202.464564,2.02464564
300496.SZ,300496,中科创达,20190415,34.6,35.38,33.91,33.91,34.08,-0.17,-0.4988,74260.52,257417.156,25741.7156,257.417156,2.57417156
300496.SZ,300496,中科创达,20190416,33.89,34.7,32.59,34.6,33.91,0.69,2.0348,121218.65,404757.097,40475.7097,404.757097,4.04757097
300496.SZ,300496,中科创达,20190417,35.13,35.93,34.72,35.05,34.6,0.45,1.3006,114987.23,405731.916,40573.191600000006,405.73191600000007,4.0573191600000005
300496.SZ,300496,中科创达,20190418,35.18,35.18,33.9,33.9,35.05,-1.15,-3.281,94783.28,325724.439,32572.4439,325.724439,3.2572443900000003
300496.SZ,300496,中科创达,20190419,33.9,34.35,33.41,34.29,33.9,0.39,1.1504,55990.41,190007.297,19000.7297,190.007297,1.90007297
300496.SZ,300496,中科创达,20190422,34.3,34.49,33.23,33.4,34.29,-0.89,-2.5955,60004.73,203219.301,20321.9301,203.219301,2.03219301
300496.SZ,300496,中科创达,20190423,33.5,33.84,32.23,32.35,33.4,-1.05,-3.1437,74278.39,245198.771,24519.8771,245.198771,2.45198771
300496.SZ,300496,中科创达,20190424,32.6,33.2,31.9,33.01,32.35,0.66,2.0402,65637.74,213637.34,21363.734,213.63734,2.1363734
300496.SZ,300496,中科创达,20190425,32.88,32.96,31.55,31.55,33.01,-1.46,-4.4229,65810.39,212005.414,21200.5414,212.005414,2.12005414
300496.SZ,300496,中科创达,20190426,31.52,32.4,31.44,31.78,31.55,0.23,0.729,55286.14,176673.396,17667.3396,176.673396,1.76673396
300496.SZ,300496,中科创达,20190429,31.72,32.3,30.59,30.88,31.78,-0.9,-2.832,61775.35,193381.814,19338.1814,193.381814,1.9338181400000003
300496.SZ,300496,中科创达,20190430,31.3,31.96,30.92,31.52,30.88,0.64,2.0725,51276.69,161595.4,16159.54,161.59539999999998,1.615954
300496.SZ,300496,中科创达,20190506,30.1,30.59,28.37,28.37,31.52,-3.15,-9.9937,106884.93,311441.297,31144.1297,311.441297,3.11441297
300496.SZ,300496,中科创达,20190507,28.44,29.58,28.44,29.33,28.37,0.96,3.3839,78176.07,226097.872,22609.7872,226.097872,2.26097872
300496.SZ,300496,中科创达,20190508,28.7,29.87,28.6,29.09,29.33,-0.24,-0.8183,53335.43,156030.46,15603.045999999998,156.03045999999998,1.5603045999999998
300496.SZ,300496,中科创达,20190509,28.94,29.85,28.8,29.3,29.09,0.21,0.7219,53978.07,158876.38,15887.638,158.87638,1.5887638000000002
300496.SZ,300496,中科创达,20190510,29.11,31.2,29.11,31.0,29.3,1.7,5.802,89809.78,272068.876,27206.8876,272.068876,2.72068876
300496.SZ,300496,中科创达,20190513,30.55,30.99,30.35,30.53,31.0,-0.47,-1.5161,54832.61,168143.272,16814.3272,168.143272,1.68143272
300496.SZ,300496,中科创达,20190514,30.2,30.86,30.07,30.25,30.53,-0.28,-0.9171,47315.5,144195.001,14419.5001,144.195001,1.44195001
300496.SZ,300496,中科创达,20190515,30.7,31.12,30.57,31.0,30.25,0.75,2.4793,48464.25,149431.355,14943.1355,149.431355,1.49431355
300496.SZ,300496,中科创达,20190516,31.36,31.88,30.55,31.85,31.0,0.85,2.7419,83291.05,260321.138,26032.1138,260.321138,2.6032113800000003
300496.SZ,300496,中科创达,20190517,33.2,35.0,31.31,31.69,31.85,-0.16,-0.5024,162124.04,537111.871,53711.1871,537.1118710000001,5.371118710000001
300496.SZ,300496,中科创达,20190520,33.0,33.55,29.77,30.0,31.69,-1.69,-5.3329,181687.71,571008.532,57100.8532,571.008532,5.710085319999999
300496.SZ,300496,中科创达,20190521,29.7,31.19,29.51,30.72,30.0,0.72,2.4,98083.52,300070.337,30007.0337,300.070337,3.00070337
300496.SZ,300496,中科创达,20190522,31.72,33.17,31.7,32.61,30.72,1.89,6.1523,177882.02,578193.465,57819.3465,578.193465,5.781934649999999
300496.SZ,300496,中科创达,20190523,32.78,32.8,30.78,30.92,32.61,-1.69,-5.1825,163650.45,516824.167,51682.4167,516.824167,5.16824167
300496.SZ,300496,中科创达,20190524,30.46,30.76,29.33,29.4,30.92,-1.52,-4.9159,107470.17,321051.09,32105.109000000004,321.05109000000004,3.2105109000000005
300496.SZ,300496,中科创达,20190527,29.2,31.5,29.2,31.36,29.4,1.96,6.6667,107007.82,327584.24,32758.424,327.58424,3.2758424
300496.SZ,300496,中科创达,20190528,31.4,31.48,30.61,30.75,31.36,-0.61,-1.9452,93310.8,288901.584,28890.1584,288.901584,2.8890158399999994
300496.SZ,300496,中科创达,20190529,30.68,31.07,30.16,30.16,30.75,-0.59,-1.9187,112367.09,342861.032,34286.1032,342.861032,3.42861032
300496.SZ,300496,中科创达,20190530,29.94,30.15,28.85,29.28,30.16,-0.88,-2.9178,101705.1,298012.191,29801.2191,298.012191,2.98012191
300496.SZ,300496,中科创达,20190531,29.23,29.52,28.53,28.76,29.28,-0.52,-1.776,94568.0,274230.828,27423.0828,274.230828,2.74230828
300496.SZ,300496,中科创达,20190603,28.87,29.26,28.21,28.86,28.76,0.1,0.3477,78633.63,226116.464,22611.6464,226.116464,2.26116464
300496.SZ,300496,中科创达,20190604,28.57,29.14,28.34,28.58,28.86,-0.28,-0.9702,53769.54,154364.545,15436.454500000002,154.36454500000002,1.5436454500000003
300496.SZ,300496,中科创达,20190605,28.8,29.15,28.56,28.76,28.58,0.18,0.6298,54192.43,156457.893,15645.7893,156.457893,1.56457893
300496.SZ,300496,中科创达,20190606,28.76,29.08,28.37,28.6,28.76,-0.16,-0.5563,62616.99,179853.433,17985.3433,179.853433,1.7985343299999998
300496.SZ,300496,中科创达,20190610,28.65,29.3,28.4,29.2,28.6,0.6,2.0979,64610.72,187324.123,18732.4123,187.324123,1.87324123
300496.SZ,300496,中科创达,20190611,29.11,30.07,28.54,30.01,29.2,0.81,2.774,107868.46,317972.655,31797.2655,317.97265500000003,3.1797265500000003
300496.SZ,300496,中科创达,20190612,30.0,30.38,29.55,29.63,30.01,-0.38,-1.2662,72461.55,217077.472,21707.7472,217.07747200000003,2.1707747200000003
300496.SZ,300496,中科创达,20190613,29.67,30.38,29.52,29.65,29.63,0.02,0.0675,78531.39,234753.95,23475.395,234.75395,2.3475395
300496.SZ,300496,中科创达,20190614,29.6,29.8,28.21,28.22,29.65,-1.43,-4.8229,95700.94,275565.362,27556.5362,275.56536200000005,2.7556536200000004
300496.SZ,300496,中科创达,20190617,27.48,27.48,25.73,26.16,28.22,-2.06,-7.2998,143375.36,378167.708,37816.7708,378.167708,3.78167708
300496.SZ,300496,中科创达,20190618,26.29,26.86,26.19,26.73,26.16,0.57,2.1789,72649.93,193005.784,19300.5784,193.00578400000003,1.9300578400000004
300496.SZ,300496,中科创达,20190619,27.98,28.54,27.6,28.1,26.73,1.37,5.1253,116340.49,326431.863,32643.1863,326.431863,3.26431863
300496.SZ,300496,中科创达,20190620,28.04,29.07,27.71,28.7,28.1,0.6,2.1352,90115.29,256783.706,25678.3706,256.783706,2.56783706
300496.SZ,300496,中科创达,20190621,29.36,30.85,29.36,30.42,28.7,1.72,5.993,141954.43,429382.949,42938.2949,429.382949,4.29382949
300496.SZ,300496,中科创达,20190624,30.26,31.13,29.82,29.87,30.42,-0.55,-1.808,71778.0,216764.874,21676.4874,216.764874,2.16764874
300496.SZ,300496,中科创达,20190625,30.0,30.03,28.89,29.4,29.87,-0.47,-1.5735,62115.34,181878.128,18187.8128,181.878128,1.81878128
300496.SZ,300496,中科创达,20190626,29.08,29.94,29.08,29.37,29.31,0.06,0.2047,54903.35,161672.361,16167.2361,161.672361,1.61672361
300496.SZ,300496,中科创达,20190627,29.25,29.96,29.21,29.75,29.37,0.38,1.2938,62141.9,184523.707,18452.3707,184.523707,1.84523707
300496.SZ,300496,中科创达,20190628,29.76,29.76,28.77,29.08,29.75,-0.67,-2.2521,50073.68,145827.906,14582.790599999998,145.82790599999998,1.4582790599999995
300496.SZ,300496,中科创达,20190701,30.33,31.8,30.07,31.26,29.08,2.18,7.4966,135384.96,418832.305,41883.2305,418.832305,4.188323049999999
300496.SZ,300496,中科创达,20190702,31.0,31.82,30.9,31.15,31.26,-0.11,-0.3519,78384.19,245061.51,24506.151,245.06151000000003,2.4506151000000003
300496.SZ,300496,中科创达,20190703,31.0,31.14,29.96,30.21,31.15,-0.94,-3.0177,69544.45,210948.694,21094.8694,210.948694,2.10948694
300496.SZ,300496,中科创达,20190704,30.22,30.55,29.67,29.78,30.21,-0.43,-1.4234,48505.01,145593.908,14559.3908,145.593908,1.45593908
300496.SZ,300496,中科创达,20190705,29.73,30.21,29.6,30.02,29.78,0.24,0.8059,44344.76,132779.748,13277.9748,132.779748,1.32779748
300496.SZ,300496,中科创达,20190708,29.8,29.8,28.65,29.03,30.02,-0.99,-3.2978,66676.23,193990.383,19399.0383,193.990383,1.93990383
300496.SZ,300496,中科创达,20190709,29.04,29.16,28.52,28.97,29.03,-0.06,-0.2067,39200.55,113034.507,11303.4507,113.034507,1.13034507
300496.SZ,300496,中科创达,20190710,29.33,29.48,28.73,28.94,28.97,-0.03,-0.1036,35355.44,102655.802,10265.5802,102.655802,1.0265580200000002
300496.SZ,300496,中科创达,20190711,29.19,29.56,28.8,28.97,28.94,0.03,0.1037,37806.69,110205.071,11020.5071,110.205071,1.10205071
300496.SZ,300496,中科创达,20190712,28.8,29.04,28.21,28.74,28.97,-0.23,-0.7939,50332.22,144457.588,14445.7588,144.457588,1.44457588
300496.SZ,300496,中科创达,20190715,28.74,30.6,28.67,30.3,28.74,1.56,5.428,90566.22,270884.046,27088.4046,270.884046,2.70884046
300496.SZ,300496,中科创达,20190716,29.98,30.96,29.9,30.58,30.3,0.28,0.9241,77943.7,238228.085,23822.8085,238.228085,2.38228085
300496.SZ,300496,中科创达,20190717,30.51,31.17,30.35,30.82,30.58,0.24,0.7848,73709.02,227280.236,22728.0236,227.280236,2.27280236
300496.SZ,300496,中科创达,20190718,30.39,31.2,30.01,30.86,30.82,0.04,0.1298,79750.02,245508.502,24550.8502,245.508502,2.4550850200000003
300496.SZ,300496,中科创达,20190719,30.96,31.25,30.3,30.8,30.86,-0.06,-0.1944,62301.72,191820.107,19182.0107,191.820107,1.91820107
300496.SZ,300496,中科创达,20190722,31.14,31.2,29.52,29.88,30.8,-0.92,-2.987,60273.08,182397.244,18239.7244,182.397244,1.82397244
300496.SZ,300496,中科创达,20190723,30.1,31.93,30.1,31.9,29.88,2.02,6.7604,115206.78,359593.394,35959.3394,359.593394,3.59593394
300496.SZ,300496,中科创达,20190724,32.27,32.76,31.73,32.12,31.9,0.22,0.6897,117218.11,378418.024,37841.8024,378.418024,3.78418024
300496.SZ,300496,中科创达,20190725,32.3,33.78,32.1,33.12,32.12,1.0,3.1133,130685.43,431748.993,43174.899300000005,431.748993,4.317489930000001
300496.SZ,300496,中科创达,20190726,32.96,33.56,32.6,32.97,33.12,-0.15,-0.4529,75697.34,250246.784,25024.6784,250.246784,2.50246784
300496.SZ,300496,中科创达,20190729,33.05,33.76,32.72,33.2,32.97,0.23,0.6976,65645.88,218012.573,21801.2573,218.012573,2.18012573
300496.SZ,300496,中科创达,20190730,33.0,33.2,32.45,32.53,33.2,-0.67,-2.0181,71187.23,233140.136,23314.0136,233.140136,2.33140136
300496.SZ,300496,中科创达,20190731,32.68,33.19,32.1,32.2,32.53,-0.33,-1.0144,96914.11,315282.296,31528.2296,315.282296,3.15282296
300496.SZ,300496,中科创达,20190801,32.18,32.97,32.0,32.3,32.2,0.1,0.3106,92926.77,301646.148,30164.6148,301.646148,3.01646148
300496.SZ,300496,中科创达,20190802,31.54,32.57,31.05,32.12,32.3,-0.18,-0.5573,89733.27,285053.379,28505.3379,285.053379,2.85053379
300496.SZ,300496,中科创达,20190805,32.5,33.5,32.35,32.58,32.12,0.46,1.4321,121613.98,400322.133,40032.2133,400.322133,4.00322133
300496.SZ,300496,中科创达,20190806,31.68,33.78,31.29,33.78,32.58,1.2,3.6832,144547.29,468516.734,46851.6734,468.516734,4.68516734
300496.SZ,300496,中科创达,20190807,33.6,34.47,32.92,33.32,33.78,-0.46,-1.3618,128310.45,431171.915,43117.1915,431.171915,4.31171915
300496.SZ,300496,中科创达,20190808,33.1,33.69,32.17,33.21,33.32,-0.11,-0.3301,105712.29,347427.211,34742.7211,347.427211,3.47427211
300496.SZ,300496,中科创达,20190809,33.65,34.32,32.11,32.24,33.21,-0.97,-2.9208,146364.13,486294.07,48629.407,486.29407,4.862940699999999
300496.SZ,300496,中科创达,20190812,32.45,33.97,31.67,33.91,32.24,1.67,5.1799,122755.66,402093.69,40209.369,402.09369,4.0209369
300496.SZ,300496,中科创达,20190813,33.4,34.45,33.0,34.22,33.91,0.31,0.9142,121924.76,410887.144,41088.7144,410.887144,4.10887144
300496.SZ,300496,中科创达,20190814,34.94,35.07,33.67,33.74,34.22,-0.48,-1.4027,118750.82,408593.55,40859.355,408.59355,4.0859355
300496.SZ,300496,中科创达,20190815,32.6,34.79,32.11,34.76,33.74,1.02,3.0231,113483.08,383454.022,38345.4022,383.454022,3.83454022
300496.SZ,300496,中科创达,20190816,34.51,35.79,34.31,34.92,34.76,0.16,0.4603,153877.24,539031.595,53903.1595,539.0315949999999,5.390315949999999
300496.SZ,300496,中科创达,20190819,35.27,37.07,35.21,36.87,34.92,1.95,5.5842,158219.67,573787.44,57378.74399999999,573.78744,5.737874399999999
300496.SZ,300496,中科创达,20190820,36.71,37.03,36.1,36.6,36.87,-0.27,-0.7323,104350.24,380806.366,38080.6366,380.806366,3.80806366
300496.SZ,300496,中科创达,20190821,36.35,37.08,36.07,36.63,36.6,0.03,0.082,108004.3,395691.95,39569.195,395.69195,3.9569195
300496.SZ,300496,中科创达,20190822,36.89,37.39,35.61,35.98,36.63,-0.65,-1.7745,107514.84,391257.417,39125.7417,391.257417,3.91257417
300496.SZ,300496,中科创达,20190823,36.2,36.2,34.95,35.0,35.98,-0.98,-2.7237,97697.95,345865.029,34586.5029,345.865029,3.45865029
300496.SZ,300496,中科创达,20190826,34.44,34.96,34.18,34.48,35.0,-0.52,-1.4857,71409.01,246897.991,24689.7991,246.897991,2.46897991
300496.SZ,300496,中科创达,20190827,34.75,35.98,34.6,35.18,34.48,0.7,2.0302,113558.11,401570.612,40157.0612,401.570612,4.015706120000001
300496.SZ,300496,中科创达,20190828,35.3,35.88,34.8,35.57,35.18,0.39,1.1086,76148.29,269711.715,26971.171500000004,269.711715,2.6971171500000004
300496.SZ,300496,中科创达,20190829,35.4,35.98,34.71,35.65,35.57,0.08,0.2249,85430.81,302581.316,30258.1316,302.581316,3.02581316
300496.SZ,300496,中科创达,20190830,36.03,37.2,34.51,34.56,35.65,-1.09,-3.0575,158661.07,571495.717,57149.57169999999,571.4957169999999,5.714957169999999
300496.SZ,300496,中科创达,20190902,34.67,36.37,33.83,36.08,34.56,1.52,4.3981,125433.02,441356.985,44135.6985,441.356985,4.41356985
300496.SZ,300496,中科创达,20190903,36.0,36.96,35.72,36.55,36.08,0.47,1.3027,118120.11,429542.335,42954.2335,429.542335,4.29542335
300496.SZ,300496,中科创达,20190904,36.38,38.0,36.18,38.0,36.55,1.45,3.9672,185377.09,689572.716,68957.27160000001,689.5727160000001,6.895727160000002
300496.SZ,300496,中科创达,20190905,38.6,39.35,37.48,37.48,38.0,-0.52,-1.3684,207552.22,797329.602,79732.9602,797.329602,7.97329602
300496.SZ,300496,中科创达,20190906,38.0,39.44,37.62,38.33,37.48,0.85,2.2679,170738.15,658118.831,65811.8831,658.1188310000001,6.581188310000001
300496.SZ,300496,中科创达,20190909,39.7,42.16,39.3,42.16,38.33,3.83,9.9922,216891.57,886152.468,88615.2468,886.1524679999999,8.861524679999999
300496.SZ,300496,中科创达,20190910,43.95,44.8,41.23,41.35,42.16,-0.81,-1.9213,326488.6,1400670.713,140067.0713,1400.6707130000002,14.006707130000002
300496.SZ,300496,中科创达,20190911,42.01,42.79,41.11,41.74,41.35,0.39,0.9432,214066.09,897408.48,89740.848,897.4084799999999,8.9740848
300496.SZ,300496,中科创达,20190912,41.99,42.49,40.99,41.22,41.74,-0.52,-1.2458,131323.32,545574.475,54557.4475,545.5744749999999,5.455744749999999
300496.SZ,300496,中科创达,20190916,41.0,41.93,40.73,41.12,41.22,-0.1,-0.2426,134082.45,554488.022,55448.8022,554.488022,5.54488022
300496.SZ,300496,中科创达,20190917,41.5,42.24,38.69,39.4,41.12,-1.72,-4.1829,212247.68,855742.307,85574.2307,855.742307,8.55742307
300496.SZ,300496,中科创达,20190918,39.7,40.1,38.6,39.41,39.4,0.01,0.0254,138181.03,544960.412,54496.0412,544.960412,5.44960412
300496.SZ,300496,中科创达,20190919,39.6,40.09,38.88,39.95,39.41,0.54,1.3702,114210.18,452701.864,45270.1864,452.701864,4.52701864
300496.SZ,300496,中科创达,20190920,40.55,41.75,40.21,40.5,39.95,0.55,1.3767,202896.25,830475.496,83047.5496,830.475496,8.30475496
300496.SZ,300496,中科创达,20190923,41.09,41.1,39.0,40.16,40.5,-0.34,-0.8395,131525.26,526557.068,52655.7068,526.557068,5.26557068
300496.SZ,300496,中科创达,20190924,40.18,41.38,39.68,40.47,40.16,0.31,0.7719,155720.96,632952.155,63295.215500000006,632.9521550000001,6.329521550000001
300496.SZ,300496,中科创达,20190925,39.8,39.91,38.11,38.42,40.47,-2.05,-5.0655,148252.68,577668.849,57766.884900000005,577.668849,5.776688490000001
300496.SZ,300496,中科创达,20190926,38.5,39.16,36.73,36.88,38.42,-1.54,-4.0083,147606.42,556994.56,55699.456000000006,556.9945600000001,5.5699456000000005
300496.SZ,300496,中科创达,20190927,37.19,37.87,37.0,37.19,36.88,0.31,0.8406,89788.14,335890.461,33589.0461,335.890461,3.35890461
300496.SZ,300496,中科创达,20190930,37.4,37.71,36.15,36.5,37.19,-0.69,-1.8553,80726.11,297791.566,29779.1566,297.791566,2.97791566
300496.SZ,300496,中科创达,20191008,36.72,37.32,36.02,36.51,36.5,0.01,0.0274,64433.8,236316.118,23631.6118,236.316118,2.36316118
300496.SZ,300496,中科创达,20191009,36.2,37.05,35.82,36.93,36.51,0.42,1.1504,57957.49,212220.647,21222.0647,212.220647,2.12220647
300496.SZ,300496,中科创达,20191010,36.92,37.7,36.52,37.4,36.93,0.47,1.2727,85707.96,317857.915,31785.7915,317.857915,3.17857915
300496.SZ,300496,中科创达,20191011,37.31,37.65,36.16,36.39,37.4,-1.01,-2.7005,87928.15,323089.017,32308.9017,323.089017,3.2308901700000003
300496.SZ,300496,中科创达,20191014,36.9,38.11,36.8,38.09,36.39,1.7,4.6716,113162.97,425939.56,42593.956,425.93956,4.2593956
300496.SZ,300496,中科创达,20191015,39.0,39.6,38.03,38.88,38.09,0.79,2.074,157967.83,613976.181,61397.6181,613.976181,6.13976181
300496.SZ,300496,中科创达,20191016,38.59,40.1,38.4,39.27,38.88,0.39,1.0031,112033.31,439392.064,43939.2064,439.392064,4.39392064
300496.SZ,300496,中科创达,20191017,39.21,40.36,39.02,39.65,39.27,0.38,0.9677,87533.07,348195.658,34819.5658,348.195658,3.48195658
300496.SZ,300496,中科创达,20191018,39.82,40.31,38.2,38.6,39.65,-1.05,-2.6482,101867.58,398813.036,39881.3036,398.813036,3.98813036
300496.SZ,300496,中科创达,20191021,38.12,39.48,37.5,39.15,38.6,0.55,1.4249,72796.2,281864.015,28186.4015,281.864015,2.81864015
300496.SZ,300496,中科创达,20191022,39.3,42.35,39.26,42.12,39.15,2.97,7.5862,200687.15,833585.994,83358.59939999999,833.5859939999999,8.335859939999999
300496.SZ,300496,中科创达,20191023,42.1,42.65,41.75,42.04,42.12,-0.08,-0.1899,155884.86,656911.331,65691.1331,656.911331,6.5691133100000005
300496.SZ,300496,中科创达,20191024,41.88,42.33,40.71,40.93,42.04,-1.11,-2.6403,115848.95,477624.379,47762.4379,477.624379,4.7762437900000005
300496.SZ,300496,中科创达,20191025,41.14,41.8,40.56,41.3,40.93,0.37,0.904,122110.08,503357.458,50335.7458,503.357458,5.03357458
300496.SZ,300496,中科创达,20191028,42.0,42.75,41.02,41.94,41.3,0.64,1.5496,152000.91,637649.616,63764.9616,637.649616,6.37649616
300496.SZ,300496,中科创达,20191029,41.93,41.93,39.21,39.52,41.94,-2.42,-5.7701,153035.02,615973.441,61597.3441,615.973441,6.15973441
300496.SZ,300496,中科创达,20191030,39.03,40.33,38.97,39.53,39.52,0.01,0.0253,97390.16,388515.734,38851.5734,388.515734,3.88515734
300496.SZ,300496,中科创达,20191031,39.45,40.02,38.81,38.95,39.53,-0.58,-1.4672,70641.48,278428.7,27842.870000000003,278.42870000000005,2.7842870000000004
300496.SZ,300496,中科创达,20191101,39.3,40.38,39.01,39.94,38.95,0.99,2.5417,76056.3,303186.458,30318.6458,303.186458,3.03186458
300496.SZ,300496,中科创达,20191104,39.95,41.92,39.94,41.44,39.94,1.5,3.7556,98205.65,404700.308,40470.0308,404.700308,4.04700308
300496.SZ,300496,中科创达,20191105,41.5,41.96,40.89,41.44,41.44,0.0,0.0,84379.69,349860.043,34986.0043,349.860043,3.49860043
300496.SZ,300496,中科创达,20191106,41.57,42.68,40.82,42.48,41.44,1.04,2.5097,129233.76,541130.167,54113.0167,541.130167,5.41130167
300496.SZ,300496,中科创达,20191107,42.18,42.98,41.68,42.43,42.48,-0.05,-0.1177,99374.93,420979.68,42097.968,420.97968,4.2097968
300496.SZ,300496,中科创达,20191108,41.3,41.98,40.66,40.7,42.43,-1.73,-4.0773,131493.98,542218.104,54221.8104,542.218104,5.422181040000001
300496.SZ,300496,中科创达,20191111,40.57,41.27,39.47,39.49,40.7,-1.21,-2.973,80976.71,325872.286,32587.2286,325.87228600000003,3.25872286
300496.SZ,300496,中科创达,20191112,39.43,39.86,37.98,38.8,39.49,-0.69,-1.7473,89527.4,346465.361,34646.5361,346.465361,3.46465361
300496.SZ,300496,中科创达,20191113,39.0,39.15,38.16,38.55,38.8,-0.25,-0.6443,64686.68,250325.664,25032.5664,250.325664,2.50325664
300496.SZ,300496,中科创达,20191114,38.89,40.4,38.5,40.15,38.55,1.6,4.1505,85231.0,337752.077,33775.2077,337.752077,3.37752077
300496.SZ,300496,中科创达,20191115,39.98,40.88,39.67,39.67,40.15,-0.48,-1.1955,75239.85,303076.864,30307.6864,303.076864,3.03076864
300496.SZ,300496,中科创达,20191118,39.98,40.2,39.3,39.75,39.67,0.08,0.2017,56285.08,223653.694,22365.3694,223.653694,2.23653694
300496.SZ,300496,中科创达,20191119,39.75,42.43,39.55,42.24,39.75,2.49,6.2642,136793.4,566501.301,56650.1301,566.5013009999999,5.665013009999999
300496.SZ,300496,中科创达,20191120,42.06,46.46,42.0,45.1,42.24,2.86,6.7708,302174.62,1363361.99,136336.199,1363.36199,13.6336199
300496.SZ,300496,中科创达,20191121,44.26,44.26,42.77,43.28,45.1,-1.82,-4.0355,162588.55,707485.799,70748.5799,707.4857989999999,7.074857989999999
300496.SZ,300496,中科创达,20191122,43.6,44.16,41.8,42.47,43.28,-0.81,-1.8715,121838.95,523861.082,52386.1082,523.861082,5.23861082
300496.SZ,300496,中科创达,20191125,42.46,42.69,41.0,41.9,42.47,-0.57,-1.3421,85419.36,357572.961,35757.2961,357.572961,3.57572961
300496.SZ,300496,中科创达,20191126,42.16,42.85,41.65,41.95,41.9,0.05,0.1193,76865.68,324309.171,32430.9171,324.309171,3.24309171
300496.SZ,300496,中科创达,20191127,41.62,43.85,41.21,43.36,41.95,1.41,3.3611,103977.56,446720.822,44672.0822,446.720822,4.46720822
300496.SZ,300496,中科创达,20191128,43.03,43.87,42.74,43.25,43.36,-0.11,-0.2537,80519.44,348703.004,34870.3004,348.703004,3.48703004
300496.SZ,300496,中科创达,20191129,43.46,45.28,43.11,44.63,43.25,1.38,3.1908,134660.95,599045.788,59904.5788,599.0457879999999,5.990457879999999
300496.SZ,300496,中科创达,20191202,44.3,45.52,43.71,44.3,44.63,-0.33,-0.7394,111948.42,498333.815,49833.3815,498.333815,4.98333815
300496.SZ,300496,中科创达,20191203,43.9,45.18,42.6,45.01,44.3,0.71,1.6027,103210.11,455505.661,45550.5661,455.505661,4.55505661
300496.SZ,300496,中科创达,20191204,44.5,45.88,44.29,44.7,45.01,-0.31,-0.6887,95415.56,430381.348,43038.1348,430.381348,4.30381348
300496.SZ,300496,中科创达,20191205,44.81,48.58,44.7,47.61,44.7,2.91,6.5101,180784.57,852475.039,85247.5039,852.4750389999999,8.52475039
300496.SZ,300496,中科创达,20191206,47.8,48.83,47.38,48.36,47.61,0.75,1.5753,126602.83,611075.964,61107.5964,611.075964,6.11075964
300496.SZ,300496,中科创达,20191209,48.71,49.36,47.4,47.61,48.36,-0.75,-1.5509,117374.6,565522.976,56552.297600000005,565.5229760000001,5.655229760000001
300496.SZ,300496,中科创达,20191210,48.1,49.36,47.76,49.36,47.61,1.75,3.6757,124172.29,602559.967,60255.9967,602.5599669999999,6.025599669999999
300496.SZ,300496,中科创达,20191211,48.75,48.95,46.69,48.08,49.36,-1.28,-2.5932,152926.02,729358.983,72935.8983,729.358983,7.293589829999999
300496.SZ,300496,中科创达,20191212,47.5,48.55,47.43,47.66,48.08,-0.42,-0.8735,90287.77,432994.737,43299.4737,432.994737,4.32994737
300496.SZ,300496,中科创达,20191213,48.03,49.99,47.62,49.71,47.66,2.05,4.3013,131548.43,643828.516,64382.8516,643.8285159999999,6.43828516
300496.SZ,300496,中科创达,20191216,48.13,50.06,47.77,50.0,49.71,0.29,0.5834,137208.79,668013.17,66801.31700000001,668.0131700000001,6.6801317
300496.SZ,300496,中科创达,20191217,49.79,49.86,47.0,48.0,50.0,-2.0,-4.0,177549.54,858287.634,85828.7634,858.2876339999999,8.582876339999999
300496.SZ,300496,中科创达,20191218,47.95,49.49,47.74,48.37,48.0,0.37,0.7708,94825.33,459741.441,45974.1441,459.741441,4.59741441
300496.SZ,300496,中科创达,20191219,48.62,51.51,48.02,49.45,48.37,1.08,2.2328,156759.65,783938.934,78393.8934,783.938934,7.83938934
300496.SZ,300496,中科创达,20191220,49.2,49.2,46.6,46.6,49.45,-2.85,-5.7634,161053.48,766079.403,76607.9403,766.0794030000001,7.660794030000001
300496.SZ,300496,中科创达,20191223,46.1,46.98,45.28,45.64,46.6,-0.96,-2.0601,77907.68,358673.309,35867.3309,358.673309,3.58673309
300496.SZ,300496,中科创达,20191224,45.7,47.18,45.18,47.11,45.64,1.47,3.2209,83911.74,387452.735,38745.2735,387.452735,3.87452735
300496.SZ,300496,中科创达,20191225,46.81,48.1,46.68,47.77,47.11,0.66,1.401,73966.22,351616.827,35161.6827,351.616827,3.51616827
300496.SZ,300496,中科创达,20191226,47.52,47.75,46.31,46.69,47.77,-1.08,-2.2608,66955.86,313533.919,31353.3919,313.533919,3.13533919
300496.SZ,300496,中科创达,20191227,47.03,47.05,44.35,45.0,46.69,-1.69,-3.6196,125378.72,570763.196,57076.3196,570.763196,5.70763196
300496.SZ,300496,中科创达,20191230,44.5,45.03,43.85,44.6,45.0,-0.4,-0.8889,96215.82,429132.904,42913.2904,429.132904,4.29132904
300496.SZ,300496,中科创达,20191231,45.0,45.98,44.5,45.14,44.6,0.54,1.2108,98558.12,446376.908,44637.6908,446.376908,4.46376908
300496.SZ,300496,中科创达,20200102,45.9,46.73,45.33,46.38,45.14,1.24,2.747,105535.13,487496.371,48749.6371,487.496371,4.87496371
300496.SZ,300496,中科创达,20200103,46.81,47.02,45.58,46.11,46.38,-0.27,-0.5821,87344.26,403764.457,40376.4457,403.764457,4.03764457
300496.SZ,300496,中科创达,20200106,46.0,49.21,45.75,48.92,46.11,2.81,6.0941,178732.68,857806.165,85780.6165,857.8061650000001,8.57806165
300496.SZ,300496,中科创达,20200107,48.5,49.38,48.1,48.99,48.92,0.07,0.1431,104966.85,510770.296,51077.0296,510.7702959999999,5.107702959999999
300496.SZ,300496,中科创达,20200108,49.0,50.98,48.6,48.76,48.99,-0.23,-0.4695,143367.16,713394.83,71339.483,713.39483,7.133948299999999
300496.SZ,300496,中科创达,20200109,49.89,51.17,48.95,49.95,48.76,1.19,2.4405,124255.95,620472.496,62047.2496,620.472496,6.20472496
300496.SZ,300496,中科创达,20200110,50.01,50.53,48.8,49.11,49.95,-0.84,-1.6817,89304.81,442724.708,44272.4708,442.724708,4.42724708
300496.SZ,300496,中科创达,20200113,49.53,51.43,49.53,51.16,49.11,2.05,4.1743,128519.96,652999.933,65299.9933,652.9999329999999,6.529999329999999
300496.SZ,300496,中科创达,20200114,51.37,51.94,50.55,50.66,51.16,-0.5,-0.9773,91817.38,468813.135,46881.3135,468.8131350000001,4.688131350000001
300496.SZ,300496,中科创达,20200115,50.05,51.2,49.58,51.15,50.66,0.49,0.9672,89607.83,451976.917,45197.6917,451.976917,4.51976917
300496.SZ,300496,中科创达,20200116,51.15,52.7,51.0,51.8,51.15,0.65,1.2708,105911.17,551507.835,55150.7835,551.507835,5.51507835
300496.SZ,300496,中科创达,20200117,51.85,54.95,51.85,53.38,51.8,1.58,3.0502,121090.67,651315.529,65131.5529,651.315529,6.513155289999999
300496.SZ,300496,中科创达,20200120,53.0,58.72,53.0,58.72,53.38,5.34,10.0037,164197.76,936635.608,93663.5608,936.635608,9.36635608
300496.SZ,300496,中科创达,20200121,60.0,62.79,58.58,61.66,58.72,2.94,5.0068,179523.71,1083511.686,108351.1686,1083.511686,10.83511686
300496.SZ,300496,中科创达,20200122,60.4,64.45,58.23,62.48,61.66,0.82,1.3299,183838.96,1120761.602,112076.1602,1120.761602,11.20761602
300496.SZ,300496,中科创达,20200123,60.5,61.98,56.88,58.1,62.48,-4.38,-7.0102,166836.33,991943.911,99194.3911,991.943911,9.91943911
300496.SZ,300496,中科创达,20200203,52.29,52.29,52.29,52.29,58.1,-5.81,-10.0,28999.0,151635.771,15163.5771,151.635771,1.51635771
300496.SZ,300496,中科创达,20200204,51.16,57.52,51.16,57.52,52.29,5.23,10.0019,202569.01,1127012.436,112701.2436,1127.012436,11.27012436
300496.SZ,300496,中科创达,20200205,58.0,62.14,57.52,59.54,57.52,2.02,3.5118,164964.14,991299.251,99129.9251,991.299251,9.91299251
300496.SZ,300496,中科创达,20200206,59.54,63.73,58.41,63.73,59.54,4.19,7.0373,160877.32,993062.764,99306.2764,993.062764,9.93062764
300496.SZ,300496,中科创达,20200207,63.3,63.3,61.03,62.77,63.73,-0.96,-1.5064,135336.73,842410.102,84241.01019999999,842.4101019999999,8.42410102
300496.SZ,300496,中科创达,20200210,62.67,69.05,62.0,67.74,62.77,4.97,7.9178,174450.29,1142266.122,114226.6122,1142.266122,11.42266122
300496.SZ,300496,中科创达,20200211,67.0,71.48,65.79,67.9,67.74,0.16,0.2362,152185.42,1044709.438,104470.9438,1044.709438,10.44709438
300496.SZ,300496,中科创达,20200212,68.0,71.18,67.16,69.82,67.9,1.92,2.8277,130670.88,905650.327,90565.0327,905.650327,9.05650327
300496.SZ,300496,中科创达,20200213,69.82,70.85,66.5,66.62,69.82,-3.2,-4.5832,166466.23,1131727.801,113172.7801,1131.727801,11.31727801
300496.SZ,300496,中科创达,20200214,66.37,68.37,65.33,66.46,66.62,-0.16,-0.2402,122746.55,819452.409,81945.2409,819.452409,8.19452409
300496.SZ,300496,中科创达,20200217,66.61,69.27,66.59,68.75,66.46,2.29,3.4457,131585.79,896957.981,89695.7981,896.957981,8.96957981
300496.SZ,300496,中科创达,20200218,69.5,70.99,68.2,70.4,68.75,1.65,2.4,123001.11,857606.304,85760.6304,857.6063039999999,8.57606304
300496.SZ,300496,中科创达,20200219,69.48,70.34,63.93,64.3,70.4,-6.1,-8.6648,252382.47,1682332.688,168233.26880000002,1682.3326880000002,16.823326880000003
300496.SZ,300496,中科创达,20200220,65.1,67.39,64.28,67.0,64.3,2.7,4.1991,172957.07,1146024.238,114602.4238,1146.024238,11.46024238
300496.SZ,300496,中科创达,20200221,70.3,73.7,69.18,73.7,67.0,6.7,10.0,252629.31,1827819.957,182781.9957,1827.819957,18.27819957
300496.SZ,300496,中科创达,20200224,75.0,79.9,74.1,76.77,73.7,3.07,4.1655,308484.6,2366214.446,236621.4446,2366.214446,23.66214446
300496.SZ,300496,中科创达,20200225,74.0,76.75,70.42,74.62,76.77,-2.15,-2.8006,287471.81,2128045.787,212804.5787,2128.045787,21.28045787
300496.SZ,300496,中科创达,20200226,72.66,72.68,68.0,68.15,74.62,-6.47,-8.6706,258594.7,1805073.242,180507.3242,1805.073242,18.05073242
300496.SZ,300496,中科创达,20200227,70.0,74.95,68.7,71.68,68.15,3.53,5.1798,248955.4,1791513.395,179151.3395,1791.513395,17.915133949999998
300496.SZ,300496,中科创达,20200228,67.6,73.79,67.6,69.3,71.68,-2.38,-3.3203,240867.58,1703300.809,170330.0809,1703.300809,17.03300809
300496.SZ,300496,中科创达,20200302,72.62,73.88,68.2,71.5,69.3,2.2,3.1746,211849.13,1510176.964,151017.6964,1510.1769639999998,15.101769639999995
300496.SZ,300496,中科创达,20200303,73.48,76.52,72.26,76.02,71.5,4.52,6.3217,270533.24,2009882.036,200988.2036,2009.882036,20.09882036
300496.SZ,300496,中科创达,20200304,74.98,76.14,69.34,71.57,76.02,-4.45,-5.8537,240767.82,1752141.987,175214.1987,1752.141987,17.52141987
300496.SZ,300496,中科创达,20200305,72.81,73.37,64.7,65.5,71.57,-6.07,-8.4812,333200.37,2250058.203,225005.8203,2250.058203,22.50058203
300496.SZ,300496,中科创达,20200306,62.94,64.1,61.62,62.48,65.5,-3.02,-4.6107,206341.36,1296520.842,129652.0842,1296.520842,12.96520842
300496.SZ,300496,中科创达,20200309,60.9,63.3,59.01,59.3,62.48,-3.18,-5.0896,194280.02,1188264.999,118826.4999,1188.264999,11.88264999
300496.SZ,300496,中科创达,20200310,59.51,64.06,59.51,63.63,59.3,4.33,7.3019,215802.4,1337865.12,133786.51200000002,1337.8651200000002,13.378651200000002
300496.SZ,300496,中科创达,20200311,64.4,65.8,61.99,61.99,63.63,-1.64,-2.5774,159849.71,1024213.596,102421.3596,1024.213596,10.24213596
300496.SZ,300496,中科创达,20200312,60.5,63.28,59.97,62.06,61.99,0.07,0.1129,124644.49,769052.024,76905.2024,769.052024,7.69052024
300496.SZ,300496,中科创达,20200313,58.4,63.2,58.11,62.0,62.06,-0.06,-0.0967,166002.37,1015113.792,101511.3792,1015.113792,10.15113792
300496.SZ,300496,中科创达,20200316,62.5,63.47,55.8,55.8,62.0,-6.2,-10.0,207317.63,1220772.404,122077.2404,1220.772404,12.20772404
300496.SZ,300496,中科创达,20200317,58.0,58.2,55.5,57.39,55.8,1.59,2.8495,149121.77,849762.427,84976.2427,849.762427,8.49762427
300496.SZ,300496,中科创达,20200318,58.3,60.83,57.3,57.37,57.39,-0.02,-0.0348,161426.37,953580.151,95358.0151,953.580151,9.53580151
300496.SZ,300496,中科创达,20200319,58.2,59.61,57.18,59.1,57.37,1.73,3.0155,139336.14,815366.096,81536.6096,815.366096,8.15366096
300496.SZ,300496,中科创达,20200320,60.13,60.69,57.28,58.63,59.1,-0.47,-0.7953,124022.67,729955.302,72995.53020000001,729.9553020000001,7.299553020000001
300496.SZ,300496,中科创达,20200323,56.1,57.87,52.84,53.74,58.63,-4.89,-8.3404,148808.3,815199.408,81519.94080000001,815.1994080000001,8.151994080000001
300496.SZ,300496,中科创达,20200324,55.04,55.54,51.83,54.76,53.74,1.02,1.898,147399.2,797486.444,79748.6444,797.486444,7.97486444
300496.SZ,300496,中科创达,20200325,56.04,57.99,55.76,56.94,54.76,2.18,3.981,124437.33,708907.774,70890.77739999999,708.9077739999999,7.089077739999999
300496.SZ,300496,中科创达,20200326,55.92,56.87,55.23,55.25,56.94,-1.69,-2.968,87630.7,490325.658,49032.5658,490.325658,4.90325658
300496.SZ,300496,中科创达,20200327,56.5,56.6,54.4,54.51,55.25,-0.74,-1.3394,75951.67,420994.15,42099.415,420.99415,4.2099415
300496.SZ,300496,中科创达,20200330,53.41,53.6,50.12,52.52,54.51,-1.99,-3.6507,135502.32,705501.325,70550.13249999999,705.501325,7.055013249999999
300496.SZ,300496,中科创达,20200331,53.5,54.87,52.39,52.5,52.52,-0.02,-0.0381,81359.6,434809.533,43480.9533,434.809533,4.34809533
300496.SZ,300496,中科创达,20200401,53.3,54.85,52.25,53.32,52.5,0.82,1.5619,93893.69,504815.427,50481.542700000005,504.81542700000006,5.04815427
300496.SZ,300496,中科创达,20200402,53.1,56.32,53.0,56.29,53.32,2.97,5.5701,133860.76,732292.291,73229.2291,732.292291,7.32292291
300496.SZ,300496,中科创达,20200403,55.67,55.92,53.01,53.59,56.29,-2.7,-4.7966,132625.3,721910.408,72191.0408,721.9104080000001,7.219104080000001
300496.SZ,300496,中科创达,20200407,55.15,55.7,54.46,55.1,53.59,1.51,2.8177,110583.32,608679.655,60867.965500000006,608.679655,6.08679655
300496.SZ,300496,中科创达,20200408,54.83,55.22,53.7,54.46,54.97,-0.51,-0.9278,93861.51,511525.439,51152.5439,511.52543900000006,5.1152543900000005
300496.SZ,300496,中科创达,20200409,55.5,57.22,54.53,56.45,54.46,1.99,3.6541,138715.15,774002.655,77400.26550000001,774.0026550000001,7.740026550000001
300496.SZ,300496,中科创达,20200410,56.39,56.39,53.1,53.12,56.45,-3.33,-5.899,123132.15,670222.824,67022.2824,670.222824,6.702228239999999
300496.SZ,300496,中科创达,20200413,52.5,53.2,50.8,51.09,53.12,-2.03,-3.8215,77017.36,398517.256,39851.7256,398.517256,3.98517256
300496.SZ,300496,中科创达,20200414,52.13,55.27,52.13,55.0,51.09,3.91,7.6532,172627.57,938902.462,93890.2462,938.902462,9.38902462
300496.SZ,300496,中科创达,20200415,55.06,56.93,54.84,55.02,55.0,0.02,0.0364,132071.4,737601.391,73760.1391,737.601391,7.37601391
300496.SZ,300496,中科创达,20200416,55.15,57.46,54.4,57.07,55.02,2.05,3.7259,146655.79,830341.995,83034.1995,830.341995,8.30341995
300496.SZ,300496,中科创达,20200417,58.83,59.3,57.38,57.6,57.07,0.53,0.9287,140551.99,818024.194,81802.4194,818.024194,8.18024194
300496.SZ,300496,中科创达,20200420,58.09,59.43,57.87,58.81,57.6,1.21,2.1007,100443.77,590669.199,59066.9199,590.669199,5.906691990000001
300496.SZ,300496,中科创达,20200421,58.22,59.1,57.55,58.65,58.81,-0.16,-0.2721,99428.11,581373.753,58137.3753,581.373753,5.81373753
300496.SZ,300496,中科创达,20200422,57.9,58.78,57.55,58.35,58.65,-0.3,-0.5115,69173.08,402150.325,40215.0325,402.150325,4.02150325
300496.SZ,300496,中科创达,20200423,58.11,58.49,55.53,55.53,58.35,-2.82,-4.8329,128872.4,727760.43,72776.043,727.76043,7.2776043
300496.SZ,300496,中科创达,20200424,55.53,56.33,54.29,54.71,55.53,-0.82,-1.4767,80581.53,444646.887,44464.6887,444.646887,4.44646887
300496.SZ,300496,中科创达,20200427,54.82,54.97,53.66,54.06,54.71,-0.65,-1.1881,64279.82,348451.779,34845.177899999995,348.451779,3.4845177899999995
300496.SZ,300496,中科创达,20200428,53.61,56.6,52.38,56.09,54.06,2.03,3.7551,122997.28,676819.525,67681.9525,676.819525,6.76819525
300496.SZ,300496,中科创达,20200429,55.63,56.79,55.63,56.36,56.09,0.27,0.4814,67329.06,379174.726,37917.4726,379.174726,3.79174726
300496.SZ,300496,中科创达,20200430,57.1,62.0,57.1,62.0,56.36,5.64,10.0071,175543.1,1059101.73,105910.173,1059.10173,10.5910173
300496.SZ,300496,中科创达,20200506,61.99,63.79,61.32,63.29,62.0,1.29,2.0806,156910.3,985523.552,98552.3552,985.523552,9.85523552
300496.SZ,300496,中科创达,20200507,63.46,64.82,62.1,62.62,63.29,-0.67,-1.0586,113132.85,713421.783,71342.1783,713.421783,7.13421783
300496.SZ,300496,中科创达,20200508,63.03,64.69,63.03,63.95,62.62,1.33,2.1239,118344.39,756343.794,75634.3794,756.343794,7.56343794
300496.SZ,300496,中科创达,20200511,65.0,66.69,63.42,64.35,63.95,0.4,0.6255,114294.05,741741.789,74174.1789,741.741789,7.41741789
300496.SZ,300496,中科创达,20200512,63.4,64.35,62.17,64.11,64.35,-0.24,-0.373,103077.28,653505.296,65350.5296,653.5052959999999,6.535052959999999
300496.SZ,300496,中科创达,20200513,63.57,63.95,62.8,63.34,64.11,-0.77,-1.2011,56084.45,355712.16,35571.216,355.71216,3.5571216
300496.SZ,300496,中科创达,20200514,63.3,64.5,62.95,62.96,63.34,-0.38,-0.5999,63107.32,401702.182,40170.2182,401.702182,4.017021819999999
300496.SZ,300496,中科创达,20200515,63.8,64.74,63.33,63.5,62.96,0.54,0.8577,82396.3,527635.963,52763.5963,527.635963,5.276359629999999
300496.SZ,300496,中科创达,20200518,62.61,62.8,57.18,57.3,63.5,-6.2,-9.7638,265422.63,1574049.862,157404.98619999998,1574.0498619999998,15.74049862
300496.SZ,300496,中科创达,20200519,58.9,61.63,58.78,61.27,57.3,3.97,6.9284,167323.44,1013056.878,101305.6878,1013.056878,10.13056878
300496.SZ,300496,中科创达,20200520,61.29,62.53,58.71,58.95,61.27,-2.32,-3.7865,116189.08,702071.0,70207.1,702.071,7.02071
300496.SZ,300496,中科创达,20200521,60.15,60.53,57.85,57.99,58.95,-0.96,-1.6285,85871.52,504920.732,50492.0732,504.920732,5.04920732
300496.SZ,300496,中科创达,20200522,58.3,58.84,56.8,57.35,57.99,-0.64,-1.1036,74605.28,431426.685,43142.6685,431.426685,4.31426685
300496.SZ,300496,中科创达,20200525,56.86,57.47,55.58,56.47,57.35,-0.88,-1.5344,74000.98,417603.658,41760.3658,417.603658,4.17603658
300496.SZ,300496,中科创达,20200526,57.13,59.34,57.13,58.4,56.47,1.93,3.4177,87188.92,509932.613,50993.2613,509.932613,5.09932613
300496.SZ,300496,中科创达,20200527,58.31,58.49,56.06,56.43,58.4,-1.97,-3.3733,84968.65,484267.955,48426.7955,484.267955,4.842679550000001
300496.SZ,300496,中科创达,20200528,56.39,57.39,55.25,56.97,56.43,0.54,0.9569,69010.73,388954.271,38895.4271,388.954271,3.88954271
300496.SZ,300496,中科创达,20200529,56.43,58.15,55.9,57.92,56.97,0.95,1.6675,80303.96,461681.766,46168.1766,461.681766,4.61681766
300496.SZ,300496,中科创达,20200601,58.41,60.84,58.41,60.04,57.92,2.12,3.6602,124430.48,743851.842,74385.18419999999,743.8518419999999,7.438518419999999
300496.SZ,300496,中科创达,20200602,60.05,60.46,59.0,59.72,60.04,-0.32,-0.533,84752.37,504408.509,50440.850900000005,504.408509,5.04408509
300496.SZ,300496,中科创达,20200603,60.98,61.39,59.33,59.35,59.72,-0.37,-0.6196,115919.44,697959.209,69795.9209,697.959209,6.97959209
300496.SZ,300496,中科创达,20200604,59.8,59.95,58.53,59.08,59.35,-0.27,-0.4549,69945.5,414291.259,41429.1259,414.291259,4.14291259
300496.SZ,300496,中科创达,20200605,59.0,60.76,58.83,60.45,59.08,1.37,2.3189,78197.96,467514.961,46751.4961,467.514961,4.67514961
300496.SZ,300496,中科创达,20200608,61.15,61.39,59.31,60.11,60.45,-0.34,-0.5624,83240.76,501878.239,50187.8239,501.878239,5.01878239
300496.SZ,300496,中科创达,20200609,60.15,60.6,59.7,60.27,60.11,0.16,0.2662,58563.48,351829.018,35182.9018,351.829018,3.51829018
300496.SZ,300496,中科创达,20200610,60.03,60.6,58.51,60.6,60.27,0.33,0.5475,75154.89,448433.91,44843.391,448.43391,4.4843391
300496.SZ,300496,中科创达,20200611,60.58,63.8,60.17,62.99,60.6,2.39,3.9439,157794.33,984715.732,98471.5732,984.715732,9.84715732
300496.SZ,300496,中科创达,20200612,61.34,66.2,61.34,64.51,62.99,1.52,2.4131,174019.89,1118295.138,111829.5138,1118.295138,11.18295138
300496.SZ,300496,中科创达,20200615,64.4,66.9,63.75,65.36,64.51,0.85,1.3176,134468.82,883975.686,88397.5686,883.975686,8.83975686
300496.SZ,300496,中科创达,20200616,66.27,68.79,65.42,67.77,65.36,2.41,3.6873,115136.63,775812.221,77581.2221,775.812221,7.75812221
300496.SZ,300496,中科创达,20200617,67.81,67.84,66.2,66.97,67.77,-0.8,-1.1805,80291.08,537504.81,53750.48100000001,537.50481,5.3750481
300496.SZ,300496,中科创达,20200618,67.15,67.5,65.25,66.65,66.97,-0.32,-0.4778,71068.22,470685.746,47068.5746,470.685746,4.70685746
300496.SZ,300496,中科创达,20200619,66.58,67.39,65.79,66.66,66.65,0.01,0.015,58484.24,389735.87,38973.587,389.73587,3.8973587
300496.SZ,300496,中科创达,20200622,66.88,68.65,66.37,66.9,66.66,0.24,0.36,66603.53,448027.73,44802.773,448.02773,4.4802773
300496.SZ,300496,中科创达,20200623,66.5,68.0,65.87,67.52,66.9,0.62,0.9268,74037.28,497362.606,49736.2606,497.362606,4.97362606
300496.SZ,300496,中科创达,20200624,68.0,72.1,68.0,69.12,67.52,1.6,2.3697,110146.2,773953.266,77395.3266,773.953266,7.73953266
300496.SZ,300496,中科创达,20200629,70.6,76.03,70.52,76.03,69.12,6.91,9.9971,196463.3,1468013.846,146801.3846,1468.0138459999998,14.680138459999998
300496.SZ,300496,中科创达,20200630,78.28,78.84,75.68,77.7,76.03,1.67,2.1965,167650.33,1299549.947,129954.9947,1299.549947,12.99549947
300496.SZ,300496,中科创达,20200701,78.02,78.84,75.38,77.0,77.7,-0.7,-0.9009,147499.03,1142474.055,114247.4055,1142.474055,11.42474055
300496.SZ,300496,中科创达,20200702,78.01,79.0,76.32,78.81,77.0,1.81,2.3506,134416.88,1049138.069,104913.8069,1049.138069,10.491380689999998
300496.SZ,300496,中科创达,20200703,78.7,79.39,75.29,77.45,78.81,-1.36,-1.7257,125960.39,971270.284,97127.0284,971.270284,9.71270284
300496.SZ,300496,中科创达,20200706,78.99,83.18,78.0,80.81,77.45,3.36,4.3383,151454.52,1222717.411,122271.7411,1222.717411,12.22717411
300496.SZ,300496,中科创达,20200707,81.98,88.89,81.16,85.95,80.81,5.14,6.3606,142726.68,1220243.838,122024.3838,1220.243838,12.202438379999998
300496.SZ,300496,中科创达,20200708,84.7,88.97,84.68,88.09,85.95,2.14,2.4898,123280.09,1074266.851,107426.6851,1074.266851,10.74266851
300496.SZ,300496,中科创达,20200709,87.79,93.67,86.92,89.59,88.09,1.5,1.7028,147322.62,1322050.732,132205.0732,1322.0507320000002,13.22050732
300496.SZ,300496,中科创达,20200710,98.55,98.55,98.55,98.55,89.59,8.96,10.0011,33642.62,331548.02,33154.802,331.54802,3.3154802
300496.SZ,300496,中科创达,20200713,108.37,108.41,103.0,108.41,98.55,9.86,10.0051,194371.05,2086787.896,208678.7896,2086.787896,20.86787896
300496.SZ,300496,中科创达,20200714,109.86,112.6,104.28,108.96,108.41,0.55,0.5073,251687.68,2742166.52,274216.652,2742.16652,27.421665200000003
300496.SZ,300496,中科创达,20200715,108.96,108.96,99.99,100.29,108.96,-8.67,-7.957,190415.54,1985322.96,198532.296,1985.32296,19.8532296
300496.SZ,300496,中科创达,20200716,100.3,105.0,94.9,95.81,100.29,-4.48,-4.467,189783.01,1897482.99,189748.299,1897.48299,18.9748299
300496.SZ,300496,中科创达,20200717,97.57,99.5,95.0,96.13,95.81,0.32,0.334,140655.66,1360777.701,136077.7701,1360.777701,13.60777701
300496.SZ,300496,中科创达,20200720,98.0,100.0,96.01,97.3,96.13,1.17,1.2171,120450.14,1174619.646,117461.9646,1174.619646,11.746196459999998
300496.SZ,300496,中科创达,20200721,99.0,106.0,99.0,101.0,97.3,3.7,3.8027,131620.96,1347979.758,134797.9758,1347.979758,13.47979758
300496.SZ,300496,中科创达,20200722,99.9,103.89,99.1,102.01,101.0,1.01,1.0,87495.41,891709.402,89170.9402,891.709402,8.91709402
300496.SZ,300496,中科创达,20200723,99.38,102.97,98.01,100.5,102.01,-1.51,-1.4802,95295.68,953993.861,95399.3861,953.993861,9.53993861
300496.SZ,300496,中科创达,20200724,100.0,102.9,93.6,94.03,100.5,-6.47,-6.4378,142214.74,1378716.706,137871.6706,1378.7167060000002,13.787167060000002
300496.SZ,300496,中科创达,20200727,94.1,96.99,92.5,93.82,94.03,-0.21,-0.2233,76447.55,723426.805,72342.6805,723.4268050000001,7.234268050000001
300496.SZ,300496,中科创达,20200728,94.93,96.03,93.18,95.03,93.82,1.21,1.2897,74993.9,710160.677,71016.0677,710.160677,7.10160677
300496.SZ,300496,中科创达,20200729,95.5,101.38,95.11,99.0,95.03,3.97,4.1776,110152.86,1084245.582,108424.5582,1084.245582,10.84245582
300496.SZ,300496,中科创达,20200730,99.0,99.41,94.28,95.21,99.0,-3.79,-3.8283,108504.53,1038567.226,103856.7226,1038.567226,10.385672260000002
300496.SZ,300496,中科创达,20200731,95.9,99.45,95.66,97.0,95.21,1.79,1.8801,98439.15,962689.917,96268.9917,962.689917,9.62689917
300496.SZ,300496,中科创达,20200803,99.0,101.5,95.78,98.45,97.0,1.45,1.4948,112509.3,1110439.837,111043.9837,1110.439837,11.104398370000002
300496.SZ,300496,中科创达,20200804,99.0,99.45,94.16,94.99,98.45,-3.46,-3.5145,102298.43,983571.409,98357.1409,983.571409,9.83571409
300496.SZ,300496,中科创达,20200805,97.0,98.88,95.01,97.99,94.99,3.0,3.1582,97452.87,947869.95,94786.995,947.86995,9.4786995
300496.SZ,300496,中科创达,20200806,97.99,97.99,94.23,96.9,97.99,-1.09,-1.1124,93603.94,896542.036,89654.2036,896.5420359999999,8.96542036
300496.SZ,300496,中科创达,20200807,96.9,100.89,90.88,91.76,96.9,-5.14,-5.3044,135861.18,1290444.604,129044.4604,1290.444604,12.90444604
300496.SZ,300496,中科创达,20200810,91.77,92.7,88.88,91.92,91.76,0.16,0.1744,101296.77,918443.011,91844.3011,918.443011,9.18443011
300496.SZ,300496,中科创达,20200811,91.0,95.2,90.0,90.0,91.92,-1.92,-2.0888,114738.17,1057390.909,105739.0909,1057.390909,10.57390909
300496.SZ,300496,中科创达,20200812,90.96,91.96,85.0,87.74,90.0,-2.26,-2.5111,115317.72,1011086.466,101108.6466,1011.086466,10.11086466
300496.SZ,300496,中科创达,20200813,88.4,89.9,87.6,88.32,87.74,0.58,0.661,69411.02,616435.299,61643.5299,616.435299,6.16435299
300496.SZ,300496,中科创达,20200814,87.53,90.9,86.1,90.71,88.32,2.39,2.7061,72783.44,654156.241,65415.6241,654.156241,6.54156241
300496.SZ,300496,中科创达,20200817,91.0,92.41,89.6,91.54,90.71,0.83,0.915,87018.54,792609.109,79260.9109,792.609109,7.92609109
300496.SZ,300496,中科创达,20200818,91.33,92.5,90.6,91.0,91.54,-0.54,-0.5899,59880.67,547832.066,54783.2066,547.8320659999999,5.47832066
300496.SZ,300496,中科创达,20200819,91.42,91.85,88.44,89.36,91.0,-1.64,-1.8022,52395.79,470070.855,47007.0855,470.070855,4.70070855
300496.SZ,300496,中科创达,20200820,88.79,90.76,88.01,89.51,89.36,0.15,0.1679,45753.68,409797.577,40979.7577,409.7975770000001,4.097975770000001
300496.SZ,300496,中科创达,20200821,90.22,94.86,90.1,90.32,89.51,0.81,0.9049,93094.3,855450.699,85545.0699,855.450699,8.55450699
300496.SZ,300496,中科创达,20200824,90.13,94.4,89.3,92.75,90.32,2.43,2.6904,89521.32,827712.13,82771.213,827.71213,8.2771213
300496.SZ,300496,中科创达,20200825,93.11,95.96,91.58,92.7,92.75,-0.05,-0.0539,86722.6,814494.652,81449.4652,814.4946520000001,8.144946520000001
300496.SZ,300496,中科创达,20200826,92.5,94.24,90.01,90.17,92.7,-2.53,-2.7292,68929.35,632104.33,63210.433,632.10433,6.3210433
300496.SZ,300496,中科创达,20200827,91.0,94.68,90.66,94.35,90.17,4.18,4.6357,75411.79,702711.493,70271.1493,702.711493,7.02711493
300496.SZ,300496,中科创达,20200828,93.08,95.62,91.8,95.16,94.35,0.81,0.8585,75357.58,706559.168,70655.91679999999,706.5591679999999,7.065591679999999
300496.SZ,300496,中科创达,20200831,96.45,96.88,91.7,92.0,95.16,-3.16,-3.3207,106587.58,991781.374,99178.1374,991.781374,9.91781374
300496.SZ,300496,中科创达,20200901,91.23,91.23,87.0,89.31,92.0,-2.69,-2.9239,93048.22,824465.064,82446.5064,824.465064,8.24465064
300496.SZ,300496,中科创达,20200902,89.8,90.85,88.52,90.48,89.31,1.17,1.31,63458.45,572034.368,57203.4368,572.0343680000001,5.720343680000001
300496.SZ,300496,中科创达,20200903,90.0,90.45,88.18,88.88,90.48,-1.6,-1.7683,45537.48,404994.316,40499.4316,404.994316,4.04994316
300496.SZ,300496,中科创达,20200904,86.0,88.9,84.91,88.78,88.88,-0.1,-0.1125,62023.15,540058.764,54005.8764,540.0587639999999,5.400587639999999
300496.SZ,300496,中科创达,20200907,89.0,90.45,86.0,86.0,88.78,-2.78,-3.1313,60410.23,534290.657,53429.0657,534.290657,5.34290657
300496.SZ,300496,中科创达,20200908,86.97,87.18,84.02,86.39,86.0,0.39,0.4535,51327.0,440685.943,44068.5943,440.68594300000007,4.406859430000001
300496.SZ,300496,中科创达,20200909,85.9,85.9,81.12,83.0,86.39,-3.39,-3.9241,79378.25,661772.56,66177.25600000001,661.7725600000001,6.617725600000001
300496.SZ,300496,中科创达,20200910,84.0,88.69,82.91,83.66,83.0,0.66,0.7952,83655.15,713629.951,71362.9951,713.629951,7.13629951
300496.SZ,300496,中科创达,20200911,84.45,86.44,83.2,85.0,83.66,1.34,1.6017,50374.11,427978.746,42797.8746,427.978746,4.27978746
300496.SZ,300496,中科创达,20200914,85.4,87.35,82.5,83.85,85.0,-1.15,-1.3529,66944.71,566518.464,56651.8464,566.518464,5.66518464
300496.SZ,300496,中科创达,20200915,83.3,87.84,82.03,86.7,83.85,2.85,3.3989,69603.37,595804.944,59580.4944,595.804944,5.95804944
300496.SZ,300496,中科创达,20200916,86.98,87.48,85.02,85.78,86.7,-0.92,-1.0611,44841.16,384910.157,38491.0157,384.910157,3.84910157
300496.SZ,300496,中科创达,20200917,86.31,86.32,83.3,85.0,85.78,-0.78,-0.9093,54124.19,458821.274,45882.1274,458.821274,4.58821274
300496.SZ,300496,中科创达,20200918,85.35,86.86,84.58,86.86,85.0,1.86,2.1882,48754.86,417857.715,41785.7715,417.857715,4.178577150000001
300496.SZ,300496,中科创达,20200921,87.36,87.36,82.43,82.77,86.86,-4.09,-4.7087,83320.65,697747.876,69774.78760000001,697.7478760000001,6.977478760000001
300496.SZ,300496,中科创达,20200922,85.12,90.89,85.12,86.43,82.77,3.66,4.4219,139623.3,1224524.913,122452.4913,1224.524913,12.24524913
300496.SZ,300496,中科创达,20200923,87.06,89.65,85.06,88.23,86.43,1.8,2.0826,94717.05,824822.241,82482.2241,824.8222410000001,8.24822241
300496.SZ,300496,中科创达,20200924,87.06,88.21,84.11,84.11,88.23,-4.12,-4.6696,65157.13,558168.587,55816.8587,558.168587,5.58168587
300496.SZ,300496,中科创达,20200925,85.53,85.85,83.6,84.97,84.11,0.86,1.0225,34952.33,296048.289,29604.8289,296.048289,2.96048289
300496.SZ,300496,中科创达,20200928,85.3,85.68,83.3,84.0,84.97,-0.97,-1.1416,32432.29,273520.806,27352.0806,273.520806,2.73520806
300496.SZ,300496,中科创达,20200929,84.84,86.6,83.28,85.8,84.0,1.8,2.1429,55187.47,471457.735,47145.7735,471.457735,4.71457735
300496.SZ,300496,中科创达,20200930,86.0,87.66,85.35,86.16,85.8,0.36,0.4196,46152.88,400185.223,40018.5223,400.185223,4.00185223
300496.SZ,300496,中科创达,20201009,88.25,94.65,87.88,93.39,86.16,7.23,8.3914,117100.6,1072640.5,107264.05,1072.6405,10.726405
300496.SZ,300496,中科创达,20201012,93.3,95.72,93.01,95.43,93.39,2.04,2.1844,89835.55,852535.737,85253.5737,852.5357369999999,8.52535737
300496.SZ,300496,中科创达,20201013,95.0,96.59,94.17,94.97,95.43,-0.46,-0.482,59516.22,565963.034,56596.3034,565.963034,5.65963034
300496.SZ,300496,中科创达,20201014,95.0,95.85,93.35,95.26,94.97,0.29,0.3054,48549.14,459875.09,45987.509000000005,459.87509000000006,4.598750900000001
300496.SZ,300496,中科创达,20201015,95.67,96.69,93.02,93.54,95.26,-1.72,-1.8056,54868.48,517365.584,51736.5584,517.3655839999999,5.173655839999999
300496.SZ,300496,中科创达,20201016,93.15,93.79,91.01,91.8,93.54,-1.74,-1.8602,47880.48,441297.927,44129.792700000005,441.2979270000001,4.412979270000001
300496.SZ,300496,中科创达,20201019,92.7,92.98,88.85,89.28,91.8,-2.52,-2.7451,58159.92,527321.043,52732.10429999999,527.3210429999999,5.273210429999999
300496.SZ,300496,中科创达,20201020,90.2,90.81,89.0,90.74,89.28,1.46,1.6353,39814.14,358335.798,35833.5798,358.335798,3.58335798
300496.SZ,300496,中科创达,20201021,90.71,91.5,87.95,88.98,90.74,-1.76,-1.9396,46704.29,417358.666,41735.8666,417.358666,4.173586660000001
300496.SZ,300496,中科创达,20201022,88.61,88.71,86.36,87.1,88.98,-1.88,-2.1128,49551.23,433399.195,43339.9195,433.399195,4.333991950000001
300496.SZ,300496,中科创达,20201023,87.88,88.28,82.68,82.85,87.1,-4.25,-4.8794,58996.15,501622.775,50162.2775,501.6227750000001,5.0162277500000005
300496.SZ,300496,中科创达,20201026,82.88,84.0,81.28,82.98,82.85,0.13,0.1569,38197.54,316301.971,31630.1971,316.30197100000004,3.1630197100000004
300496.SZ,300496,中科创达,20201027,83.36,84.96,82.8,83.64,82.98,0.66,0.7954,61411.97,513560.203,51356.0203,513.560203,5.13560203
300496.SZ,300496,中科创达,20201028,84.27,85.26,82.69,83.19,83.64,-0.45,-0.538,60463.96,504639.761,50463.9761,504.639761,5.0463976100000005
300496.SZ,300496,中科创达,20201029,82.0,86.4,81.8,85.42,83.19,2.23,2.6806,76863.61,650189.349,65018.93490000001,650.1893490000001,6.501893490000001
300496.SZ,300496,中科创达,20201030,85.0,88.2,84.2,85.64,85.42,0.22,0.2576,78500.57,675164.764,67516.4764,675.164764,6.75164764
300496.SZ,300496,中科创达,20201102,86.61,87.48,85.0,86.9,85.64,1.26,1.4713,54205.25,468513.466,46851.3466,468.5134660000001,4.68513466
300496.SZ,300496,中科创达,20201103,88.97,90.93,87.11,90.3,86.9,3.4,3.9125,88358.68,787267.799,78726.7799,787.267799,7.87267799
300496.SZ,300496,中科创达,20201104,90.22,90.73,88.4,89.49,90.3,-0.81,-0.897,60503.82,541949.932,54194.9932,541.949932,5.41949932
300496.SZ,300496,中科创达,20201105,91.0,92.5,90.12,92.08,89.49,2.59,2.8942,71461.8,653587.808,65358.78079999999,653.5878079999999,6.535878079999999
300496.SZ,300496,中科创达,20201106,92.22,93.47,89.39,90.7,92.08,-1.38,-1.4987,51872.0,471548.281,47154.8281,471.548281,4.71548281
300496.SZ,300496,中科创达,20201109,92.5,94.79,92.24,92.24,90.7,1.54,1.6979,79196.5,739470.105,73947.0105,739.470105,7.39470105
300496.SZ,300496,中科创达,20201110,92.52,93.75,91.38,92.58,92.24,0.34,0.3686,55715.8,515638.736,51563.8736,515.638736,5.15638736
300496.SZ,300496,中科创达,20201111,92.0,92.88,87.86,87.88,92.58,-4.7,-5.0767,63897.67,575064.993,57506.4993,575.0649930000001,5.750649930000001
300496.SZ,300496,中科创达,20201112,88.51,90.27,87.5,87.74,87.88,-0.14,-0.1593,43752.65,387455.321,38745.5321,387.455321,3.87455321
300496.SZ,300496,中科创达,20201113,87.3,95.5,86.67,94.22,87.74,6.48,7.3855,125827.85,1165077.745,116507.7745,1165.077745,11.65077745
300496.SZ,300496,中科创达,20201116,94.22,102.8,93.13,100.55,94.22,6.33,6.7183,166002.3,1644665.442,164466.5442,1644.665442,16.44665442
300496.SZ,300496,中科创达,20201117,99.2,100.97,96.0,98.2,100.55,-2.35,-2.3371,105048.56,1035710.916,103571.0916,1035.710916,10.35710916
300496.SZ,300496,中科创达,20201118,99.3,99.52,94.5,95.44,98.2,-2.76,-2.8106,83475.19,806132.661,80613.2661,806.132661,8.06132661
300496.SZ,300496,中科创达,20201119,95.51,96.28,93.21,95.3,95.44,-0.14,-0.1467,53026.51,504275.666,50427.566600000006,504.27566600000006,5.04275666
300496.SZ,300496,中科创达,20201120,96.0,97.8,94.34,96.55,95.3,1.25,1.3116,64906.71,622950.615,62295.0615,622.950615,6.22950615
300496.SZ,300496,中科创达,20201123,97.5,97.89,95.01,97.24,96.55,0.69,0.7147,60858.77,587968.416,58796.8416,587.968416,5.87968416
300496.SZ,300496,中科创达,20201124,98.11,101.99,93.4,94.2,97.24,-3.04,-3.1263,115755.05,1115389.985,111538.99850000002,1115.3899850000005,11.153899850000002
300496.SZ,300496,中科创达,20201125,93.0,93.34,82.0,87.0,94.2,-7.2,-7.6433,263133.76,2283517.017,228351.7017,2283.517017,22.83517017
300496.SZ,300496,中科创达,20201126,86.0,86.27,83.4,85.4,87.0,-1.6,-1.8391,101949.08,864960.318,86496.0318,864.9603179999999,8.64960318
300496.SZ,300496,中科创达,20201127,86.2,87.68,84.6,86.88,85.4,1.48,1.733,63660.25,550517.978,55051.7978,550.517978,5.50517978
300496.SZ,300496,中科创达,20201130,86.6,88.29,82.87,88.29,86.88,1.41,1.6229,86393.87,737688.79,73768.879,737.68879,7.376887900000001
300496.SZ,300496,中科创达,20201201,87.5,88.77,86.21,88.39,88.29,0.1,0.1133,69264.44,606294.341,60629.4341,606.294341,6.06294341
300496.SZ,300496,中科创达,20201202,88.81,89.29,86.21,87.93,88.39,-0.46,-0.5204,58801.16,514555.023,51455.5023,514.555023,5.14555023
300496.SZ,300496,中科创达,20201203,88.3,90.14,87.34,88.92,87.93,0.99,1.1259,79467.68,708853.932,70885.3932,708.8539320000001,7.088539320000001
300496.SZ,300496,中科创达,20201204,89.2,91.75,89.2,90.95,88.92,2.03,2.283,57683.41,523609.491,52360.9491,523.6094909999999,5.236094909999999
300496.SZ,300496,中科创达,20201207,91.0,98.74,90.87,97.6,90.95,6.65,7.3117,104030.65,999968.228,99996.8228,999.968228,9.99968228
300496.SZ,300496,中科创达,20201208,97.02,99.39,97.0,98.5,97.6,0.9,0.9221,56670.01,554856.875,55485.6875,554.856875,5.548568749999999
300496.SZ,300496,中科创达,20201209,99.39,100.3,98.04,98.65,98.5,0.15,0.1523,70486.34,698789.526,69878.95259999999,698.7895259999999,6.987895259999999
300496.SZ,300496,中科创达,20201210,98.59,101.94,97.61,100.19,98.65,1.54,1.5611,73803.09,737435.95,73743.595,737.43595,7.374359500000001
300496.SZ,300496,中科创达,20201211,100.49,100.78,97.35,98.46,100.19,-1.73,-1.7267,67875.07,672170.932,67217.0932,672.170932,6.72170932
300496.SZ,300496,中科创达,20201214,99.98,101.3,99.05,101.08,98.46,2.62,2.661,63108.96,633142.459,63314.2459,633.142459,6.33142459
300496.SZ,300496,中科创达,20201215,101.1,104.79,100.46,101.95,101.08,0.87,0.8607,70971.21,725222.954,72522.2954,725.2229540000001,7.252229540000001
300496.SZ,300496,中科创达,20201216,101.33,107.22,100.8,104.69,101.95,2.74,2.6876,74756.39,776993.548,77699.3548,776.993548,7.76993548
300496.SZ,300496,中科创达,20201217,104.93,106.44,102.0,104.7,104.69,0.01,0.0096,44324.96,462559.962,46255.9962,462.559962,4.62559962
300496.SZ,300496,中科创达,20201218,104.29,106.1,102.33,104.35,104.7,-0.35,-0.3343,36798.19,381951.195,38195.1195,381.951195,3.81951195
300496.SZ,300496,中科创达,20201221,103.0,109.11,102.9,108.83,104.35,4.48,4.2932,70450.93,756423.799,75642.3799,756.423799,7.56423799
300496.SZ,300496,中科创达,20201222,108.6,114.78,108.26,111.77,108.83,2.94,2.7015,102128.5,1143431.396,114343.1396,1143.431396,11.43431396
300496.SZ,300496,中科创达,20201223,112.71,113.61,109.5,111.09,111.77,-0.68,-0.6084,68163.78,757940.207,75794.02070000001,757.9402070000001,7.579402070000001
300496.SZ,300496,中科创达,20201224,112.0,119.73,110.5,112.2,111.09,1.11,0.9992,92168.32,1055979.772,105597.9772,1055.979772,10.55979772
300496.SZ,300496,中科创达,20201225,113.06,113.5,99.97,106.19,112.2,-6.01,-5.3565,146589.19,1543757.677,154375.7677,1543.757677,15.43757677
300496.SZ,300496,中科创达,20201228,107.49,107.5,103.0,105.48,106.19,-0.71,-0.6686,68099.89,718045.872,71804.5872,718.0458719999999,7.180458719999999
300496.SZ,300496,中科创达,20201229,105.8,108.0,103.2,104.69,105.48,-0.79,-0.749,65040.6,686272.175,68627.2175,686.272175,6.86272175
300496.SZ,300496,中科创达,20201230,105.64,110.28,104.89,109.25,104.69,4.56,4.3557,80512.75,872322.008,87232.2008,872.3220080000001,8.72322008
300496.SZ,300496,中科创达,20201231,111.69,118.48,111.69,117.0,109.25,7.75,7.0938,96658.98,1122032.851,112203.2851,1122.0328510000002,11.220328510000002
300496.SZ,300496,中科创达,20210104,119.67,122.19,116.01,120.78,117.0,3.78,3.2308,90043.06,1078671.852,107867.1852,1078.671852,10.78671852
300496.SZ,300496,中科创达,20210105,120.48,124.58,120.0,123.21,120.78,2.43,2.0119,75042.2,917371.208,91737.1208,917.371208,9.17371208
300496.SZ,300496,中科创达,20210106,122.96,124.0,118.9,123.66,123.21,0.45,0.3652,53743.28,654907.125,65490.7125,654.9071250000001,6.549071250000001
300496.SZ,300496,中科创达,20210107,122.02,125.58,119.4,121.0,123.66,-2.66,-2.1511,90713.13,1105954.555,110595.4555,1105.954555,11.05954555
300496.SZ,300496,中科创达,20210108,123.51,125.66,120.05,123.0,121.0,2.0,1.6529,79103.01,972002.437,97200.2437,972.002437,9.72002437
300496.SZ,300496,中科创达,20210111,126.0,130.7,121.23,123.28,123.0,0.28,0.2276,118446.33,1497006.24,149700.624,1497.0062400000002,14.970062400000002
300496.SZ,300496,中科创达,20210112,121.0,125.27,120.6,125.19,123.28,1.91,1.5493,79681.28,982571.753,98257.1753,982.571753,9.82571753
300496.SZ,300496,中科创达,20210113,125.8,129.0,123.6,123.92,125.19,-1.27,-1.0145,76045.16,957757.239,95775.7239,957.757239,9.57757239
300496.SZ,300496,中科创达,20210114,122.99,127.81,120.9,124.61,123.92,0.69,0.5568,62263.33,775298.458,77529.8458,775.298458,7.75298458
300496.SZ,300496,中科创达,20210115,124.29,124.29,116.0,122.07,124.61,-2.54,-2.0384,87239.28,1045976.911,104597.6911,1045.976911,10.45976911
300496.SZ,300496,中科创达,20210118,128.18,146.18,126.0,144.39,122.07,22.32,18.2846,165680.82,2294894.391,229489.4391,2294.894391,22.94894391
300496.SZ,300496,中科创达,20210119,144.01,145.55,140.3,143.6,144.39,-0.79,-0.5471,93224.24,1330025.174,133002.5174,1330.025174,13.30025174
300496.SZ,300496,中科创达,20210120,145.0,147.59,141.0,146.07,143.6,2.47,1.7201,91044.18,1316942.368,131694.2368,1316.9423680000002,13.16942368
300496.SZ,300496,中科创达,20210121,147.0,148.56,144.0,146.42,146.07,0.35,0.2396,68512.27,1005338.261,100533.8261,1005.338261,10.053382610000002
300496.SZ,300496,中科创达,20210122,146.71,150.98,145.79,148.77,146.42,2.35,1.605,67103.88,994807.423,99480.7423,994.807423,9.94807423
300496.SZ,300496,中科创达,20210125,146.0,154.82,143.5,148.95,148.77,0.18,0.121,70837.28,1060151.635,106015.1635,1060.151635,10.60151635
300496.SZ,300496,中科创达,20210126,147.52,151.78,146.01,148.79,148.95,-0.16,-0.1074,56029.1,833964.951,83396.4951,833.964951,8.339649510000001
300496.SZ,300496,中科创达,20210127,151.02,152.42,144.1,150.25,148.79,1.46,0.9812,59181.06,882407.009,88240.7009,882.407009,8.82407009
300496.SZ,300496,中科创达,20210128,147.25,151.63,141.74,141.74,150.25,-8.51,-5.6639,75995.35,1106164.255,110616.42549999998,1106.164255,11.061642549999998
300496.SZ,300496,中科创达,20210129,145.29,151.98,144.0,147.21,141.74,5.47,3.8592,88884.16,1319140.56,131914.056,1319.14056,13.1914056
300496.SZ,300496,中科创达,20210201,148.25,154.88,146.81,149.6,147.21,2.39,1.6235,71160.32,1075016.237,107501.6237,1075.016237,10.75016237
300496.SZ,300496,中科创达,20210202,149.6,155.11,140.98,153.9,149.6,4.3,2.8743,86698.71,1294572.37,129457.237,1294.57237,12.9457237
300496.SZ,300496,中科创达,20210203,153.51,153.61,141.95,142.89,153.9,-11.01,-7.154,89454.55,1316392.697,131639.2697,1316.392697,13.16392697
300496.SZ,300496,中科创达,20210204,143.5,145.35,139.2,141.05,142.89,-1.84,-1.2877,73810.83,1045798.551,104579.8551,1045.798551,10.45798551
300496.SZ,300496,中科创达,20210205,141.77,142.7,135.2,135.5,141.05,-5.55,-3.9348,84366.27,1171949.407,117194.9407,1171.9494069999998,11.719494069999998
300496.SZ,300496,中科创达,20210208,136.57,145.86,135.52,143.5,135.5,8.0,5.9041,60415.97,855374.555,85537.45550000001,855.3745550000001,8.55374555
300496.SZ,300496,中科创达,20210209,146.0,147.66,142.6,143.71,143.5,0.21,0.1463,48212.05,698410.83,69841.083,698.41083,6.9841083
300496.SZ,300496,中科创达,20210210,142.8,143.63,138.0,142.14,143.71,-1.57,-1.0925,58973.25,830992.14,83099.214,830.9921400000001,8.3099214
300496.SZ,300496,中科创达,20210218,141.26,147.77,137.88,141.35,142.14,-0.79,-0.5558,92602.67,1303401.205,130340.1205,1303.401205,13.03401205
300496.SZ,300496,中科创达,20210219,139.5,141.55,131.5,139.41,141.35,-1.94,-1.3725,81006.29,1104284.322,110428.4322,1104.284322,11.04284322
300496.SZ,300496,中科创达,20210222,139.0,139.99,127.0,129.37,139.41,-10.04,-7.2018,91547.37,1218370.93,121837.093,1218.37093,12.1837093
300496.SZ,300496,中科创达,20210223,130.0,131.3,126.49,127.36,129.37,-2.01,-1.5537,73794.62,951728.327,95172.8327,951.728327,9.51728327
300496.SZ,300496,中科创达,20210224,127.75,131.55,124.29,125.98,127.36,-1.38,-1.0835,77029.04,979105.21,97910.521,979.10521,9.7910521
300496.SZ,300496,中科创达,20210225,128.75,129.01,121.5,123.11,125.98,-2.87,-2.2781,68368.66,851471.066,85147.1066,851.471066,8.514710659999999
300496.SZ,300496,中科创达,20210226,121.0,123.79,119.0,120.3,123.11,-2.81,-2.2825,56456.43,682651.702,68265.17020000001,682.6517020000001,6.826517020000001
300496.SZ,300496,中科创达,20210301,123.33,123.45,119.16,120.41,120.3,0.11,0.0914,58980.51,713792.709,71379.2709,713.7927090000001,7.137927090000001
300496.SZ,300496,中科创达,20210302,121.09,125.77,119.29,121.89,120.41,1.48,1.2291,80052.54,980761.094,98076.1094,980.761094,9.80761094
300496.SZ,300496,中科创达,20210303,120.52,124.99,119.5,123.36,121.89,1.47,1.206,64294.65,787799.665,78779.96650000001,787.7996650000001,7.877996650000001
300496.SZ,300496,中科创达,20210304,121.0,121.96,116.0,119.1,123.36,-4.26,-3.4533,69108.34,824178.654,82417.8654,824.1786539999999,8.24178654
300496.SZ,300496,中科创达,20210305,116.0,120.95,115.55,119.99,119.1,0.89,0.7473,49396.65,587557.954,58755.7954,587.557954,5.87557954
300496.SZ,300496,中科创达,20210308,120.07,120.24,109.48,109.54,119.99,-10.45,-8.7091,88661.27,1006676.593,100667.6593,1006.676593,10.06676593
300496.SZ,300496,中科创达,20210309,111.0,111.3,105.0,105.5,109.54,-4.04,-3.6882,69734.53,753750.462,75375.04620000001,753.7504620000001,7.537504620000001
300496.SZ,300496,中科创达,20210310,109.48,112.88,107.68,110.5,105.5,5.0,4.7393,67092.11,740975.725,74097.5725,740.9757249999999,7.409757249999999
300496.SZ,300496,中科创达,20210311,110.34,113.25,109.66,112.09,110.5,1.59,1.4389,50673.04,565260.951,56526.0951,565.260951,5.65260951
300496.SZ,300496,中科创达,20210312,113.19,113.35,108.67,110.67,112.09,-1.42,-1.2668,45831.33,505761.37,50576.137,505.76137,5.0576137
300496.SZ,300496,中科创达,20210315,111.36,112.0,106.2,109.3,110.67,-1.37,-1.2379,60888.41,664139.693,66413.9693,664.139693,6.64139693
300496.SZ,300496,中科创达,20210316,109.0,109.58,106.11,108.02,109.3,-1.28,-1.1711,46616.8,503425.423,50342.5423,503.425423,5.03425423
300496.SZ,300496,中科创达,20210317,110.1,116.5,107.86,114.13,108.02,6.11,5.6564,90059.43,1025410.611,102541.0611,1025.410611,10.25410611
300496.SZ,300496,中科创达,20210318,115.6,119.08,112.2,118.19,114.13,4.06,3.5573,74953.16,869761.341,86976.1341,869.7613409999999,8.697613409999999
300496.SZ,300496,中科创达,20210319,117.62,117.62,109.51,110.0,118.19,-8.19,-6.9295,77388.89,873089.507,87308.9507,873.089507,8.73089507
300496.SZ,300496,中科创达,20210322,111.5,123.77,111.22,122.8,110.0,12.8,11.6364,98944.04,1187601.66,118760.166,1187.60166,11.8760166
300496.SZ,300496,中科创达,20210323,121.0,121.22,116.91,119.48,122.8,-3.32,-2.7036,72601.9,864676.9,86467.69,864.6769,8.646769
300496.SZ,300496,中科创达,20210324,118.0,120.29,115.48,119.4,119.48,-0.08,-0.067,61660.19,729183.378,72918.33780000001,729.1833780000001,7.291833780000001
300496.SZ,300496,中科创达,20210325,118.0,123.53,115.5,118.6,119.4,-0.8,-0.67,74611.97,895203.493,89520.3493,895.203493,8.95203493
300496.SZ,300496,中科创达,20210326,118.75,122.77,118.11,121.97,118.6,3.37,2.8415,61546.28,743804.85,74380.485,743.80485,7.4380485
300496.SZ,300496,中科创达,20210329,122.01,122.94,117.83,119.0,121.97,-2.97,-2.435,54415.97,651173.082,65117.30820000001,651.173082,6.51173082
300496.SZ,300496,中科创达,20210330,119.21,127.22,119.01,123.51,119.0,4.51,3.7899,80582.8,999240.109,99924.0109,999.240109,9.99240109
300496.SZ,300496,中科创达,20210331,125.49,125.78,120.06,121.85,123.51,-1.66,-1.344,40722.86,495372.636,49537.2636,495.372636,4.95372636
300496.SZ,300496,中科创达,20210401,122.45,124.38,119.59,122.68,121.85,0.83,0.6812,40575.05,496727.106,49672.710600000006,496.7271060000001,4.967271060000001
300496.SZ,300496,中科创达,20210402,122.99,123.48,119.32,120.49,122.68,-2.19,-1.7851,49051.16,593373.657,59337.3657,593.373657,5.93373657
300496.SZ,300496,中科创达,20210406,120.96,121.99,118.14,119.69,120.49,-0.8,-0.664,51722.35,620394.585,62039.45849999999,620.3945849999999,6.203945849999999
300496.SZ,300496,中科创达,20210407,120.1,120.24,115.2,116.79,119.69,-2.9,-2.4229,49834.2,583605.633,58360.5633,583.605633,5.83605633
300496.SZ,300496,中科创达,20210408,121.49,131.5,120.39,128.6,116.79,11.81,10.1122,113709.7,1440236.071,144023.6071,1440.236071,14.40236071
300496.SZ,300496,中科创达,20210409,127.5,128.0,124.25,127.04,128.6,-1.56,-1.2131,53750.85,678286.615,67828.6615,678.286615,6.78286615
300496.SZ,300496,中科创达,20210412,125.62,126.0,123.1,123.73,127.04,-3.31,-2.6055,44227.8,549739.175,54973.9175,549.739175,5.49739175
300496.SZ,300496,中科创达,20210413,123.28,127.0,121.86,122.65,123.73,-1.08,-0.8729,44525.21,550118.267,55011.8267,550.118267,5.50118267
300496.SZ,300496,中科创达,20210414,121.18,126.12,121.18,124.33,122.65,1.68,1.3698,41729.1,518693.165,51869.3165,518.693165,5.18693165
300496.SZ,300496,中科创达,20210415,126.8,127.7,121.71,123.99,124.33,-0.34,-0.2735,42248.21,526072.001,52607.2001,526.072001,5.26072001
300496.SZ,300496,中科创达,20210416,123.58,125.25,115.98,119.69,123.99,-4.3,-3.468,71867.72,857223.712,85722.37120000001,857.2237120000001,8.57223712
300496.SZ,300496,中科创达,20210419,121.18,129.78,121.13,127.99,119.69,8.3,6.9346,98374.08,1250619.301,125061.9301,1250.619301,12.50619301
300496.SZ,300496,中科创达,20210420,127.97,134.68,126.55,133.29,127.77,5.52,4.3203,85720.09,1134643.653,113464.3653,1134.643653,11.346436529999998
300496.SZ,300496,中科创达,20210421,129.68,131.0,124.84,130.06,133.29,-3.23,-2.4233,73915.51,947437.566,94743.7566,947.437566,9.47437566
300496.SZ,300496,中科创达,20210422,130.06,131.72,128.02,129.4,130.06,-0.66,-0.5075,45206.61,586945.483,58694.5483,586.945483,5.86945483
300496.SZ,300496,中科创达,20210423,130.11,132.79,129.58,130.3,129.4,0.9,0.6955,44011.06,576080.647,57608.0647,576.080647,5.76080647
300496.SZ,300496,中科创达,20210426,131.11,140.85,130.01,133.77,130.3,3.47,2.6631,98049.99,1333341.874,133334.1874,1333.341874,13.33341874
300496.SZ,300496,中科创达,20210427,133.73,136.53,132.6,134.16,133.77,0.39,0.2915,48563.72,652998.593,65299.8593,652.9985929999999,6.529985929999999
300496.SZ,300496,中科创达,20210428,133.21,137.66,132.6,136.83,134.16,2.67,1.9902,44664.29,606461.092,60646.10919999999,606.4610919999999,6.064610919999999
300496.SZ,300496,中科创达,20210429,137.16,137.59,131.69,135.55,136.83,-1.28,-0.9355,47380.86,638663.344,63866.33440000001,638.663344,6.386633440000001
300496.SZ,300496,中科创达,20210430,134.37,136.28,132.88,134.35,135.55,-1.2,-0.8853,41590.01,558870.555,55887.0555,558.870555,5.588705549999999
300496.SZ,300496,中科创达,20210506,133.11,134.55,129.33,130.46,134.35,-3.89,-2.8954,55423.4,727835.81,72783.581,727.83581,7.2783581
300496.SZ,300496,中科创达,20210507,132.38,132.46,125.5,125.5,130.46,-4.96,-3.8019,57676.67,739636.639,73963.6639,739.636639,7.39636639
300496.SZ,300496,中科创达,20210510,125.0,127.0,121.21,122.45,125.5,-3.05,-2.4303,56410.49,697000.622,69700.0622,697.000622,6.97000622
300496.SZ,300496,中科创达,20210511,122.32,123.96,121.25,121.83,122.45,-0.62,-0.5063,35399.94,433336.334,43333.6334,433.336334,4.33336334
300496.SZ,300496,中科创达,20210512,122.0,125.91,120.24,125.65,121.83,3.82,3.1355,42748.52,531392.3,53139.23,531.3923,5.313923
300496.SZ,300496,中科创达,20210513,123.73,125.36,122.06,123.99,125.65,-1.66,-1.3211,37145.88,459062.069,45906.206900000005,459.06206900000006,4.590620690000001
300496.SZ,300496,中科创达,20210514,125.45,129.78,123.66,129.44,123.99,5.45,4.3955,48357.61,616392.43,61639.243,616.39243,6.1639243
300496.SZ,300496,中科创达,20210517,130.49,144.52,130.1,141.66,129.44,12.22,9.4407,106156.68,1488087.042,148808.70419999998,1488.087042,14.88087042
300496.SZ,300496,中科创达,20210518,141.68,151.0,141.68,146.99,141.66,5.33,3.7625,84546.02,1240359.45,124035.945,1240.35945,12.4035945
300496.SZ,300496,中科创达,20210519,145.28,147.69,142.54,143.39,146.99,-3.6,-2.4491,51960.39,751344.701,75134.4701,751.3447010000001,7.513447010000001
300496.SZ,300496,中科创达,20210520,145.24,149.94,144.01,148.12,143.39,4.73,3.2987,55127.99,817751.124,81775.1124,817.751124,8.17751124
300496.SZ,300496,中科创达,20210521,148.99,149.0,142.2,147.05,148.12,-1.07,-0.7224,53149.98,774664.356,77466.4356,774.664356,7.74664356
300496.SZ,300496,中科创达,20210524,147.11,149.43,145.15,146.5,147.05,-0.55,-0.374,40350.8,592714.455,59271.4455,592.7144549999999,5.92714455
300496.SZ,300496,中科创达,20210525,146.5,148.48,144.15,146.72,146.5,0.22,0.1502,74814.82,1094154.39,109415.43899999998,1094.15439,10.9415439
300496.SZ,300496,中科创达,20210526,148.01,150.98,144.5,144.93,146.72,-1.79,-1.22,58084.99,856850.037,85685.0037,856.850037,8.56850037
300496.SZ,300496,中科创达,20210527,144.93,148.2,143.98,147.0,144.93,2.07,1.4283,45700.03,669391.617,66939.1617,669.391617,6.69391617
300496.SZ,300496,中科创达,20210528,147.73,151.5,144.0,145.1,147.0,-1.9,-1.2925,62660.03,927721.681,92772.1681,927.721681,9.27721681
300496.SZ,300496,中科创达,20210531,145.38,153.97,145.33,150.92,145.1,5.82,4.011,70086.29,1056285.119,105628.5119,1056.285119,10.562851189999998
300496.SZ,300496,中科创达,20210601,148.0,148.49,143.53,145.0,150.92,-5.92,-3.9226,83713.2,1216234.394,121623.4394,1216.234394,12.16234394
300496.SZ,300496,中科创达,20210602,146.43,147.5,138.68,140.1,145.0,-4.9,-3.3793,82466.44,1165663.878,116566.3878,1165.663878,11.656638780000002
300496.SZ,300496,中科创达,20210603,142.87,146.26,142.49,143.22,140.1,3.12,2.227,67457.15,976123.793,97612.3793,976.123793,9.76123793
300496.SZ,300496,中科创达,20210604,143.22,143.87,139.05,139.88,143.22,-3.34,-2.3321,51103.14,722387.025,72238.7025,722.387025,7.22387025
300496.SZ,300496,中科创达,20210607,139.7,147.5,137.71,146.0,139.88,6.12,4.3752,95447.21,1378550.981,137855.0981,1378.550981,13.78550981
300496.SZ,300496,中科创达,20210608,146.27,146.58,136.51,138.18,146.0,-7.82,-5.3562,100799.18,1410301.661,141030.1661,1410.301661,14.10301661
300496.SZ,300496,中科创达,20210609,136.01,138.38,133.06,136.6,138.18,-1.58,-1.1434,68080.05,922618.978,92261.8978,922.618978,9.22618978
300496.SZ,300496,中科创达,20210610,136.62,150.16,136.61,149.44,136.6,12.84,9.3997,131133.18,1907686.46,190768.646,1907.68646,19.0768646
300496.SZ,300496,中科创达,20210611,153.01,153.89,146.1,150.0,149.44,0.56,0.3747,146774.86,2190838.767,219083.8767,2190.838767,21.90838767
300496.SZ,300496,中科创达,20210615,148.9,149.0,138.88,138.91,150.0,-11.09,-7.3933,120453.7,1714751.883,171475.18829999998,1714.751883,17.14751883
300496.SZ,300496,中科创达,20210616,137.94,141.78,133.43,133.68,138.91,-5.23,-3.765,75884.51,1033024.838,103302.4838,1033.024838,10.33024838
300496.SZ,300496,中科创达,20210617,133.39,139.5,133.39,139.12,133.68,5.44,4.0694,77058.76,1055473.323,105547.3323,1055.4733230000002,10.554733230000002
300496.SZ,300496,中科创达,20210618,139.5,147.26,138.41,140.66,139.12,1.54,1.107,79326.16,1126799.168,112679.9168,1126.799168,11.26799168
300496.SZ,300496,中科创达,20210621,139.07,145.2,135.99,144.55,140.66,3.89,2.7655,86192.4,1224005.24,122400.524,1224.00524,12.2400524
300496.SZ,300496,中科创达,20210622,145.0,146.0,140.44,140.5,144.55,-4.05,-2.8018,62497.05,888434.359,88843.43590000001,888.4343590000001,8.88434359
300496.SZ,300496,中科创达,20210623,142.03,144.69,139.22,141.83,140.5,1.33,0.9466,55097.37,784654.933,78465.4933,784.654933,7.84654933
300496.SZ,300496,中科创达,20210624,141.63,142.01,136.13,136.81,141.83,-5.02,-3.5394,63773.15,878531.498,87853.1498,878.5314979999999,8.785314979999999
300496.SZ,300496,中科创达,20210625,136.5,138.28,135.07,137.5,136.81,0.69,0.5043,49565.96,679547.514,67954.7514,679.547514,6.79547514
300496.SZ,300496,中科创达,20210628,136.22,152.45,136.12,150.0,137.5,12.5,9.0909,130032.77,1914478.402,191447.8402,1914.478402,19.14478402
300496.SZ,300496,中科创达,20210629,149.6,152.52,148.2,148.74,150.0,-1.26,-0.84,77243.66,1159586.078,115958.6078,1159.586078,11.59586078
300496.SZ,300496,中科创达,20210630,151.13,160.77,148.81,157.06,148.74,8.32,5.5937,94132.73,1478910.171,147891.0171,1478.910171,14.78910171
300496.SZ,300496,中科创达,20210701,157.11,165.65,155.03,157.67,157.06,0.61,0.3884,92295.28,1480274.558,148027.4558,1480.274558,14.80274558
300496.SZ,300496,中科创达,20210702,157.68,163.99,155.3,156.02,157.67,-1.65,-1.0465,85493.54,1357496.703,135749.6703,1357.496703,13.57496703
300496.SZ,300496,中科创达,20210705,159.21,163.0,157.51,158.8,156.02,2.78,1.7818,70944.21,1131791.445,113179.1445,1131.791445,11.31791445
300496.SZ,300496,中科创达,20210706,161.82,165.84,156.02,159.2,158.8,0.4,0.2519,82609.25,1329923.937,132992.3937,1329.9239369999998,13.29923937
300496.SZ,300496,中科创达,20210707,154.38,160.41,153.3,158.89,159.2,-0.31,-0.1947,62534.84,986992.773,98699.2773,986.992773,9.86992773
300496.SZ,300496,中科创达,20210708,163.0,167.98,160.0,162.6,158.89,3.71,2.3349,73725.82,1207628.903,120762.8903,1207.628903,12.07628903
300496.SZ,300496,中科创达,20210709,155.11,159.33,148.01,157.18,162.6,-5.42,-3.3333,113796.04,1744063.344,174406.3344,1744.063344,17.44063344
300496.SZ,300496,中科创达,20210712,157.2,162.79,154.24,162.0,157.18,4.82,3.0665,77697.8,1237269.291,123726.9291,1237.2692909999998,12.372692909999998
300496.SZ,300496,中科创达,20210713,159.0,160.42,149.86,150.61,162.0,-11.39,-7.0309,103749.22,1583609.342,158360.9342,1583.609342,15.83609342
300496.SZ,300496,中科创达,20210714,150.88,151.5,144.74,146.88,150.61,-3.73,-2.4766,70175.32,1035200.181,103520.0181,1035.200181,10.35200181
300496.SZ,300496,中科创达,20210715,146.41,147.92,143.0,144.66,146.88,-2.22,-1.5114,62778.75,909212.69,90921.269,909.21269,9.0921269
300496.SZ,300496,中科创达,20210716,144.59,146.3,142.18,142.98,144.66,-1.68,-1.1613,58837.01,848514.544,84851.4544,848.514544,8.48514544
300496.SZ,300496,中科创达,20210719,141.8,144.0,138.1,143.2,142.98,0.22,0.1539,73787.32,1045762.371,104576.2371,1045.762371,10.45762371
300496.SZ,300496,中科创达,20210720,141.14,142.8,138.57,141.56,143.2,-1.64,-1.1453,48109.19,675967.474,67596.74740000001,675.967474,6.75967474
300496.SZ,300496,中科创达,20210721,143.0,147.5,142.0,146.08,141.56,4.52,3.193,63812.82,929132.144,92913.2144,929.132144,9.29132144
300496.SZ,300496,中科创达,20210722,146.2,148.2,144.5,147.05,146.08,0.97,0.664,54621.43,799234.233,79923.4233,799.2342329999999,7.992342329999999
300496.SZ,300496,中科创达,20210723,147.0,147.0,128.88,136.5,147.05,-10.55,-7.1744,161670.89,2198587.465,219858.7465,2198.587465,21.98587465
300496.SZ,300496,中科创达,20210726,135.0,136.0,127.71,131.46,136.5,-5.04,-3.6923,111330.54,1470256.435,147025.6435,1470.256435,14.70256435
300496.SZ,300496,中科创达,20210727,132.02,138.98,131.91,133.49,131.46,2.03,1.5442,82667.22,1121068.285,112106.8285,1121.0682849999998,11.210682849999998
300496.SZ,300496,中科创达,20210728,133.69,135.92,127.0,131.49,133.49,-2.0,-1.4982,53737.96,706817.068,70681.7068,706.817068,7.06817068
300496.SZ,300496,中科创达,20210729,135.43,135.88,131.88,134.6,131.49,3.11,2.3652,66550.51,890820.959,89082.0959,890.820959,8.90820959
300496.SZ,300496,中科创达,20210730,136.0,147.09,136.0,146.02,134.6,11.42,8.4844,167434.83,2408632.288,240863.2288,2408.632288,24.08632288
300496.SZ,300496,中科创达,20210802,146.0,149.3,143.68,144.61,146.02,-1.41,-0.9656,86408.17,1255486.273,125548.6273,1255.486273,12.55486273
300496.SZ,300496,中科创达,20210803,147.0,150.49,142.24,143.35,144.61,-1.26,-0.8713,71432.99,1039606.055,103960.6055,1039.606055,10.39606055
300496.SZ,300496,中科创达,20210804,141.98,145.79,141.58,144.71,143.35,1.36,0.9487,55309.35,798348.55,79834.85500000001,798.3485500000002,7.983485500000001
300496.SZ,300496,中科创达,20210805,145.01,145.85,141.54,142.28,144.71,-2.43,-1.6792,52747.28,753804.008,75380.4008,753.8040080000001,7.538040080000001
300496.SZ,300496,中科创达,20210806,142.8,143.99,138.9,139.8,142.28,-2.48,-1.743,54695.32,765758.022,76575.8022,765.7580220000001,7.657580220000001
300496.SZ,300496,中科创达,20210809,138.77,140.2,136.91,138.7,139.8,-1.1,-0.7868,41075.3,567851.436,56785.1436,567.8514359999999,5.678514359999999
300496.SZ,300496,中科创达,20210810,138.49,138.84,134.02,135.73,138.7,-2.97,-2.1413,57179.17,778007.791,77800.7791,778.007791,7.78007791
300496.SZ,300496,中科创达,20210811,136.7,136.79,133.6,133.89,135.73,-1.84,-1.3556,46087.2,620769.078,62076.9078,620.769078,6.20769078
300496.SZ,300496,中科创达,20210812,133.92,139.88,133.1,137.7,133.89,3.81,2.8456,82704.29,1138344.661,113834.4661,1138.344661,11.38344661
300496.SZ,300496,中科创达,20210813,137.18,137.6,130.77,131.89,137.7,-5.81,-4.2193,68428.52,911253.396,91125.3396,911.253396,9.11253396
300496.SZ,300496,中科创达,20210816,130.0,130.0,123.13,125.66,131.89,-6.23,-4.7236,87832.57,1104330.285,110433.0285,1104.3302849999998,11.043302849999998
300496.SZ,300496,中科创达,20210817,124.5,131.48,123.93,126.53,125.66,0.87,0.6923,83510.1,1067364.915,106736.4915,1067.364915,10.67364915
300496.SZ,300496,中科创达,20210818,126.59,127.9,121.81,123.19,126.53,-3.34,-2.6397,51451.09,636633.628,63663.3628,636.633628,6.3663362800000005
300496.SZ,300496,中科创达,20210819,121.87,127.77,121.87,126.77,123.19,3.58,2.9061,49064.43,616197.429,61619.7429,616.1974289999999,6.16197429
300496.SZ,300496,中科创达,20210820,126.75,130.83,125.05,126.84,126.77,0.07,0.0552,41343.68,528182.804,52818.2804,528.182804,5.281828040000001
300496.SZ,300496,中科创达,20210823,127.6,129.38,126.0,128.53,126.84,1.69,1.3324,43721.61,559499.252,55949.9252,559.499252,5.59499252
300496.SZ,300496,中科创达,20210824,129.5,129.75,126.8,127.45,128.53,-1.08,-0.8403,38114.37,487706.159,48770.6159,487.706159,4.877061589999999
300496.SZ,300496,中科创达,20210825,126.5,128.18,124.43,127.59,127.45,0.14,0.1098,36218.93,457204.409,45720.4409,457.204409,4.57204409
300496.SZ,300496,中科创达,20210826,127.27,127.27,121.85,122.66,127.59,-4.93,-3.8639,68057.63,838129.954,83812.9954,838.129954,8.38129954
300496.SZ,300496,中科创达,20210827,121.1,125.3,121.0,122.58,122.66,-0.08,-0.0652,37808.96,465337.144,46533.7144,465.337144,4.65337144
300496.SZ,300496,中科创达,20210830,124.0,124.36,121.59,123.99,122.58,1.41,1.1503,40402.1,498620.249,49862.0249,498.62024900000006,4.98620249
300496.SZ,300496,中科创达,20210831,124.0,124.26,115.86,118.55,123.99,-5.44,-4.3875,81899.85,971925.451,97192.5451,971.925451,9.71925451
300496.SZ,300496,中科创达,20210901,117.8,118.49,112.78,117.82,118.55,-0.73,-0.6158,52668.65,609851.712,60985.1712,609.851712,6.09851712
300496.SZ,300496,中科创达,20210902,117.01,119.19,112.88,115.25,117.82,-2.57,-2.1813,49263.29,567077.369,56707.7369,567.077369,5.67077369
300496.SZ,300496,中科创达,20210903,116.5,120.25,115.03,116.49,115.25,1.24,1.0759,41019.51,480379.882,48037.9882,480.379882,4.80379882
300496.SZ,300496,中科创达,20210906,116.31,120.0,114.5,119.12,116.49,2.63,2.2577,36864.65,436150.724,43615.0724,436.150724,4.36150724
300496.SZ,300496,中科创达,20210907,119.8,121.96,118.22,119.49,119.12,0.37,0.3106,31836.04,380900.575,38090.0575,380.900575,3.80900575
300496.SZ,300496,中科创达,20210908,119.99,123.29,119.63,120.35,119.49,0.86,0.7197,43707.38,530162.618,53016.2618,530.162618,5.30162618
300496.SZ,300496,中科创达,20210909,120.5,126.68,120.29,124.6,120.35,4.25,3.5314,62628.29,779214.439,77921.4439,779.214439,7.79214439
300496.SZ,300496,中科创达,20210910,124.06,126.33,120.45,124.68,124.6,0.08,0.0642,49100.25,607822.224,60782.222400000006,607.822224,6.07822224
300496.SZ,300496,中科创达,20210913,123.5,126.58,122.59,125.1,124.68,0.42,0.3369,40839.12,511023.762,51102.3762,511.023762,5.11023762
300496.SZ,300496,中科创达,20210914,125.02,133.84,124.99,129.21,125.1,4.11,3.2854,64929.31,845668.308,84566.8308,845.6683079999999,8.45668308
300496.SZ,300496,中科创达,20210915,127.81,129.78,124.33,124.82,129.21,-4.39,-3.3976,42770.36,541130.815,54113.08149999999,541.130815,5.41130815
300496.SZ,300496,中科创达,20210916,124.2,124.82,120.19,123.0,124.82,-1.82,-1.4581,36219.34,441737.234,44173.7234,441.737234,4.41737234
300496.SZ,300496,中科创达,20210917,121.8,125.25,117.9,124.0,123.0,1.0,0.813,49095.83,593400.988,59340.0988,593.400988,5.93400988
300496.SZ,300496,中科创达,20210922,122.0,122.02,117.0,117.44,124.0,-6.56,-5.2903,31768.14,377432.189,37743.2189,377.432189,3.77432189
300496.SZ,300496,中科创达,20210923,118.4,120.56,116.79,117.79,117.44,0.35,0.298,34847.37,412499.064,41249.9064,412.499064,4.12499064
300496.SZ,300496,中科创达,20210924,117.5,120.79,117.5,118.6,117.79,0.81,0.6877,29362.13,349157.863,34915.7863,349.157863,3.49157863
300496.SZ,300496,中科创达,20210927,122.56,129.4,122.5,123.4,118.6,4.8,4.0472,62555.61,788325.797,78832.5797,788.325797,7.88325797
300496.SZ,300496,中科创达,20210928,122.05,127.25,118.02,122.67,123.4,-0.73,-0.5916,36655.36,453741.613,45374.1613,453.741613,4.53741613
300496.SZ,300496,中科创达,20210929,121.5,123.5,117.45,117.5,122.67,-5.17,-4.2146,35060.66,419284.812,41928.4812,419.28481199999993,4.192848119999999
300496.SZ,300496,中科创达,20210930,118.08,125.96,118.04,125.19,117.5,7.69,6.5447,44497.92,549103.661,54910.3661,549.103661,5.49103661
300496.SZ,300496,中科创达,20211008,127.0,130.0,123.89,126.14,125.19,0.95,0.7588,41588.86,524780.154,52478.0154,524.7801539999999,5.247801539999999
300496.SZ,300496,中科创达,20211011,127.0,128.48,125.0,127.1,126.14,0.96,0.7611,40554.0,514621.632,51462.1632,514.621632,5.14621632
300496.SZ,300496,中科创达,20211012,126.08,129.32,122.94,123.36,127.1,-3.74,-2.9426,39786.92,500049.322,50004.9322,500.049322,5.000493219999999
300496.SZ,300496,中科创达,20211013,124.85,127.37,123.28,126.95,123.36,3.59,2.9102,29716.3,372849.138,37284.9138,372.8491379999999,3.72849138
300496.SZ,300496,中科创达,20211014,126.89,130.17,125.67,129.8,126.95,2.85,2.245,50654.11,654441.653,65444.16530000001,654.4416530000001,6.544416530000001
300496.SZ,300496,中科创达,20211015,129.0,130.43,128.01,129.34,129.8,-0.46,-0.3544,43198.12,558739.729,55873.97290000001,558.7397290000001,5.587397290000001
300496.SZ,300496,中科创达,20211018,127.0,127.0,115.5,118.55,129.34,-10.79,-8.3424,110912.25,1318501.87,131850.187,1318.50187,13.1850187
300496.SZ,300496,中科创达,20211019,120.59,125.47,118.51,123.99,118.55,5.44,4.5888,63562.39,771136.592,77113.6592,771.136592,7.711365919999999
300496.SZ,300496,中科创达,20211020,124.84,125.41,122.51,123.1,123.99,-0.89,-0.7178,35692.15,441114.484,44111.4484,441.114484,4.41114484
300496.SZ,300496,中科创达,20211021,123.1,124.95,121.01,123.3,123.1,0.2,0.1625,26213.31,323413.387,32341.3387,323.413387,3.23413387
300496.SZ,300496,中科创达,20211022,123.49,124.9,120.4,120.61,123.3,-2.69,-2.1817,36657.04,448390.661,44839.0661,448.390661,4.48390661
300496.SZ,300496,中科创达,20211025,121.0,124.69,120.1,124.15,120.61,3.54,2.9351,39252.33,482078.233,48207.8233,482.078233,4.82078233
300496.SZ,300496,中科创达,20211026,124.18,129.0,123.6,126.72,124.15,2.57,2.0701,45418.8,576147.025,57614.7025,576.147025,5.76147025
300496.SZ,300496,中科创达,20211027,126.22,128.28,122.33,123.09,126.72,-3.63,-2.8646,37567.24,467178.356,46717.835600000006,467.17835600000006,4.671783560000001
300496.SZ,300496,中科创达,20211028,123.82,133.39,123.1,130.03,123.09,6.94,5.6382,92387.86,1206334.674,120633.4674,1206.3346740000002,12.063346740000002
300496.SZ,300496,中科创达,20211029,130.7,137.48,128.88,136.0,130.03,5.97,4.5912,110942.26,1492923.164,149292.3164,1492.923164,14.92923164
300496.SZ,300496,中科创达,20211101,137.25,138.0,133.97,137.62,136.0,1.62,1.1912,106917.58,1456997.685,145699.7685,1456.997685,14.56997685
300496.SZ,300496,中科创达,20211102,136.58,139.0,134.1,136.3,137.62,-1.32,-0.9592,57122.83,779414.944,77941.4944,779.414944,7.79414944
300496.SZ,300496,中科创达,20211103,135.88,139.38,134.65,135.48,136.3,-0.82,-0.6016,41904.45,571359.135,57135.9135,571.359135,5.713591350000001
300496.SZ,300496,中科创达,20211104,137.0,146.0,136.3,145.18,135.48,9.7,7.1597,100817.34,1440988.929,144098.8929,1440.988929,14.40988929
300496.SZ,300496,中科创达,20211105,145.99,149.6,142.44,142.8,145.18,-2.38,-1.6393,63676.73,922079.347,92207.9347,922.079347,9.22079347
300496.SZ,300496,中科创达,20211108,143.89,143.94,140.47,141.45,142.8,-1.35,-0.9454,44873.21,637089.527,63708.9527,637.089527,6.37089527
300496.SZ,300496,中科创达,20211109,144.0,144.0,136.95,139.76,141.45,-1.69,-1.1948,50241.74,697709.251,69770.92510000001,697.7092510000001,6.977092510000001
300496.SZ,300496,中科创达,20211110,138.54,140.49,137.01,137.59,139.76,-2.17,-1.5527,43721.6,604523.037,60452.3037,604.523037,6.0452303700000005
300496.SZ,300496,中科创达,20211111,137.68,140.5,134.61,139.95,137.59,2.36,1.7152,66915.22,920020.816,92002.0816,920.020816,9.20020816
300496.SZ,300496,中科创达,20211112,138.98,144.14,137.88,143.5,139.95,3.55,2.5366,59880.49,843085.726,84308.5726,843.085726,8.43085726
300496.SZ,300496,中科创达,20211115,145.01,148.78,141.0,141.94,143.5,-1.56,-1.0871,47109.86,676584.931,67658.49309999999,676.5849309999999,6.765849309999998
300496.SZ,300496,中科创达,20211116,140.86,142.15,137.9,138.5,141.94,-3.44,-2.4236,35180.02,491940.304,49194.0304,491.940304,4.919403040000001
300496.SZ,300496,中科创达,20211117,139.49,145.13,139.26,141.73,138.5,3.23,2.3321,43975.81,627064.964,62706.4964,627.064964,6.27064964
300496.SZ,300496,中科创达,20211118,140.97,144.5,138.58,143.2,141.73,1.47,1.0372,39832.59,565758.855,56575.8855,565.7588549999999,5.657588549999999
300496.SZ,300496,中科创达,20211119,145.89,156.03,145.5,154.5,143.2,11.3,7.8911,93916.52,1420926.231,142092.6231,1420.926231,14.20926231
300496.SZ,300496,中科创达,20211122,156.0,163.35,152.04,161.88,154.5,7.38,4.7767,117384.04,1846901.342,184690.1342,1846.901342,18.46901342
300496.SZ,300496,中科创达,20211123,159.68,160.5,152.23,152.87,161.88,-9.01,-5.5659,77741.38,1209486.397,120948.6397,1209.486397,12.09486397
300496.SZ,300496,中科创达,20211124,152.5,153.66,148.48,150.17,152.87,-2.7,-1.7662,49830.22,751705.3,75170.53,751.7053,7.517053
300496.SZ,300496,中科创达,20211125,150.76,154.97,149.61,150.92,150.17,0.75,0.4994,40002.34,607583.793,60758.37929999999,607.5837929999999,6.075837929999999
300496.SZ,300496,中科创达,20211126,150.77,152.54,148.88,149.66,150.92,-1.26,-0.8349,32039.04,482540.214,48254.0214,482.540214,4.82540214
300496.SZ,300496,中科创达,20211129,146.59,162.56,146.48,160.6,149.66,10.94,7.3099,85677.46,1345106.505,134510.6505,1345.106505,13.45106505
300496.SZ,300496,中科创达,20211130,162.72,163.2,153.66,156.96,160.6,-3.64,-2.2665,57939.84,908339.55,90833.955,908.33955,9.0833955
300496.SZ,300496,中科创达,20211201,156.06,158.45,152.0,152.67,156.96,-4.29,-2.7332,37541.25,580202.796,58020.2796,580.2027959999999,5.802027959999999
300496.SZ,300496,中科创达,20211202,152.11,159.34,151.8,154.89,152.67,2.22,1.4541,44936.29,700598.501,70059.85010000001,700.598501,7.005985010000001
300496.SZ,300496,中科创达,20211203,154.0,157.83,152.98,156.02,154.89,1.13,0.7296,34152.23,529929.302,52992.9302,529.929302,5.29929302
300496.SZ,300496,中科创达,20211206,154.01,157.97,149.22,149.5,156.02,-6.52,-4.179,43307.36,661468.412,66146.8412,661.468412,6.61468412
300496.SZ,300496,中科创达,20211207,151.4,151.48,141.6,144.2,149.5,-5.3,-3.5452,53148.29,770638.954,77063.89540000001,770.6389540000001,7.706389540000001
300496.SZ,300496,中科创达,20211208,145.7,151.47,145.18,148.34,144.2,4.14,2.871,53428.32,794464.849,79446.48490000001,794.4648490000001,7.94464849
300496.SZ,300496,中科创达,20211209,147.3,150.46,146.66,148.5,148.34,0.16,0.1079,33717.59,500369.345,50036.9345,500.369345,5.003693449999999
300496.SZ,300496,中科创达,20211210,147.3,150.49,145.94,149.7,148.5,1.2,0.8081,33539.79,499051.483,49905.1483,499.051483,4.99051483
300496.SZ,300496,中科创达,20211213,148.55,162.33,148.55,155.56,149.7,5.86,3.9145,70743.64,1113894.485,111389.4485,1113.894485,11.13894485
300496.SZ,300496,中科创达,20211214,156.79,156.87,152.16,152.59,155.56,-2.97,-1.9092,35764.21,548860.633,54886.0633,548.860633,5.48860633
300496.SZ,300496,中科创达,20211215,151.1,153.49,148.0,148.04,152.59,-4.55,-2.9818,48778.12,732197.094,73219.7094,732.1970940000001,7.321970940000001
300496.SZ,300496,中科创达,20211216,148.49,150.88,148.4,149.94,148.04,1.9,1.2834,27413.3,410422.564,41042.2564,410.422564,4.104225639999999
300496.SZ,300496,中科创达,20211217,148.29,149.71,144.36,146.99,149.94,-2.95,-1.9675,34804.71,509881.98,50988.198,509.88198,5.098819799999999
300496.SZ,300496,中科创达,20211220,145.06,147.92,142.21,142.66,146.99,-4.33,-2.9458,37126.65,535860.011,53586.00110000001,535.8600110000001,5.358600110000001
300496.SZ,300496,中科创达,20211221,142.1,152.15,142.1,149.2,142.66,6.54,4.5843,52508.33,779767.287,77976.7287,779.7672870000001,7.797672870000001
300496.SZ,300496,中科创达,20211222,149.86,154.49,149.15,150.28,149.2,1.08,0.7239,50893.51,772063.798,77206.3798,772.0637979999999,7.720637979999999
300496.SZ,300496,中科创达,20211223,150.99,158.5,147.58,155.29,150.28,5.01,3.3338,62398.72,967943.126,96794.3126,967.943126,9.67943126
300496.SZ,300496,中科创达,20211224,155.29,159.39,151.9,153.0,155.29,-2.29,-1.4747,42935.72,665240.322,66524.0322,665.240322,6.65240322
300496.SZ,300496,中科创达,20211227,152.91,153.87,144.88,145.91,153.0,-7.09,-4.634,47352.86,700078.139,70007.8139,700.078139,7.000781389999999
300496.SZ,300496,中科创达,20211228,145.92,147.66,143.7,145.5,145.91,-0.41,-0.281,29954.96,433786.034,43378.6034,433.786034,4.33786034
300496.SZ,300496,中科创达,20211229,144.5,145.3,137.61,138.98,145.5,-6.52,-4.4811,56873.83,798847.462,79884.74620000001,798.8474620000001,7.988474620000001
300496.SZ,300496,中科创达,20211230,138.96,143.16,138.96,141.69,138.98,2.71,1.9499,44188.66,625574.056,62557.4056,625.5740559999999,6.25574056
300496.SZ,300496,中科创达,20211231,141.88,142.38,137.48,138.42,141.69,-3.27,-2.3079,44912.22,623791.053,62379.1053,623.7910529999999,6.237910529999999
300496.SZ,300496,中科创达,20220104,139.98,142.44,131.4,135.47,138.42,-2.95,-2.1312,55440.81,748162.964,74816.2964,748.1629640000001,7.481629640000001
300496.SZ,300496,中科创达,20220105,134.41,136.15,127.9,129.88,135.47,-5.59,-4.1264,59453.69,774706.503,77470.65030000001,774.7065030000001,7.747065030000001
300496.SZ,300496,中科创达,20220106,128.0,134.33,127.5,131.48,129.88,1.6,1.2319,63843.64,838742.782,83874.2782,838.742782,8.387427820000001
300496.SZ,300496,中科创达,20220107,133.0,135.3,128.09,128.7,131.48,-2.78,-2.1144,47835.83,627729.236,62772.9236,627.729236,6.277292360000001
300496.SZ,300496,中科创达,20220110,127.0,133.58,124.6,132.09,128.7,3.39,2.634,55884.51,726231.373,72623.1373,726.2313730000001,7.262313730000001
300496.SZ,300496,中科创达,20220111,133.0,134.69,129.85,130.4,132.09,-1.69,-1.2794,40264.23,531258.559,53125.8559,531.258559,5.31258559
300496.SZ,300496,中科创达,20220112,132.9,140.88,131.0,138.28,130.4,7.88,6.0429,70654.38,966675.333,96667.5333,966.675333,9.66675333
300496.SZ,300496,中科创达,20220113,138.87,141.96,136.01,139.95,138.28,1.67,1.2077,51683.37,722419.08,72241.908,722.41908,7.2241908
300496.SZ,300496,中科创达,20220114,140.25,151.0,140.25,149.89,139.95,9.94,7.1025,80477.13,1190447.778,119044.7778,1190.447778,11.90447778
300496.SZ,300496,中科创达,20220117,149.41,157.55,148.03,154.0,149.89,4.11,2.742,75468.03,1163238.972,116323.8972,1163.238972,11.63238972
300496.SZ,300496,中科创达,20220118,154.0,156.63,151.39,153.45,154.0,-0.55,-0.3571,55990.79,859364.91,85936.49100000001,859.3649100000001,8.5936491
300496.SZ,300496,中科创达,20220119,153.0,153.0,147.81,149.66,153.45,-3.79,-2.4699,54675.32,816563.032,81656.3032,816.5630319999999,8.165630319999998
300496.SZ,300496,中科创达,20220120,148.8,152.2,147.53,148.23,149.66,-1.43,-0.9555,27454.72,408783.402,40878.3402,408.783402,4.08783402
300496.SZ,300496,中科创达,20220121,146.64,151.48,145.73,149.06,148.23,0.83,0.5599,36052.97,536889.381,53688.93810000001,536.8893810000001,5.36889381
300496.SZ,300496,中科创达,20220124,147.12,151.2,143.23,149.81,149.06,0.75,0.5032,31335.5,466113.656,46611.365600000005,466.1136560000001,4.66113656
300496.SZ,300496,中科创达,20220125,149.9,151.17,145.0,145.2,149.81,-4.61,-3.0772,29286.62,432951.02,43295.102,432.95102,4.3295102
300496.SZ,300496,中科创达,20220126,146.8,150.17,146.06,149.59,145.2,4.39,3.0234,38194.74,567832.182,56783.2182,567.832182,5.67832182
300496.SZ,300496,中科创达,20220127,148.97,150.1,142.77,143.09,149.59,-6.5,-4.3452,43987.68,641880.496,64188.049600000006,641.8804960000001,6.418804960000001
300496.SZ,300496,中科创达,20220128,143.88,144.97,137.25,138.0,143.09,-5.09,-3.5572,43227.36,605856.545,60585.6545,605.8565450000001,6.058565450000001
300496.SZ,300496,中科创达,20220207,141.3,142.64,139.26,140.35,138.0,2.35,1.7029,24299.45,342549.929,34254.9929,342.549929,3.4254992899999994
300496.SZ,300496,中科创达,20220208,138.4,140.73,129.72,134.3,140.35,-6.05,-4.3107,58513.64,775244.421,77524.4421,775.244421,7.75244421
300496.SZ,300496,中科创达,20220209,133.57,134.3,127.92,132.75,134.3,-1.55,-1.1541,46642.21,613753.929,61375.3929,613.753929,6.137539289999999
300496.SZ,300496,中科创达,20220210,132.78,134.0,129.7,131.03,132.75,-1.72,-1.2957,30183.94,395425.433,39542.543300000005,395.42543300000006,3.95425433
300496.SZ,300496,中科创达,20220211,130.77,131.36,127.12,127.85,131.03,-3.18,-2.4269,30170.97,390016.754,39001.6754,390.016754,3.90016754
300496.SZ,300496,中科创达,20220214,127.28,129.1,124.88,125.6,127.85,-2.25,-1.7599,31334.6,395727.582,39572.7582,395.727582,3.95727582
300496.SZ,300496,中科创达,20220215,125.68,132.49,125.56,131.88,125.6,6.28,5.0,54413.16,707868.17,70786.81700000001,707.8681700000001,7.078681700000001
300496.SZ,300496,中科创达,20220216,132.55,135.47,131.02,131.85,131.88,-0.03,-0.0227,31340.56,416290.492,41629.0492,416.290492,4.16290492
300496.SZ,300496,中科创达,20220217,132.0,134.55,130.6,133.4,131.85,1.55,1.1756,32057.24,426608.652,42660.8652,426.608652,4.26608652
300496.SZ,300496,中科创达,20220218,132.6,134.7,131.58,133.03,133.4,-0.37,-0.2774,18322.97,243569.068,24356.9068,243.569068,2.43569068
300496.SZ,300496,中科创达,20220221,132.93,134.6,129.7,132.2,133.03,-0.83,-0.6239,27455.25,362447.956,36244.7956,362.447956,3.62447956
300496.SZ,300496,中科创达,20220222,132.13,132.49,128.81,129.99,132.2,-2.21,-1.6717,22520.98,292340.304,29234.0304,292.340304,2.92340304
300496.SZ,300496,中科创达,20220223,130.88,140.68,130.18,139.76,129.99,9.77,7.516,46296.66,634705.982,63470.59819999999,634.705982,6.347059819999999
300496.SZ,300496,中科创达,20220224,138.88,141.21,135.4,137.1,139.76,-2.66,-1.9033,35537.39,490973.506,49097.3506,490.973506,4.90973506
300496.SZ,300496,中科创达,20220225,140.69,141.09,137.28,137.6,137.1,0.5,0.3647,22596.81,314902.871,31490.2871,314.902871,3.14902871
300496.SZ,300496,中科创达,20220228,137.7,140.0,136.25,139.44,137.6,1.84,1.3372,25216.32,348614.446,34861.4446,348.61444600000004,3.48614446
300496.SZ,300496,中科创达,20220301,139.44,141.33,137.0,138.0,139.44,-1.44,-1.0327,23861.28,330157.376,33015.7376,330.157376,3.30157376
300496.SZ,300496,中科创达,20220302,138.0,138.0,133.51,134.8,138.0,-3.2,-2.3188,41477.43,558619.468,55861.9468,558.619468,5.58619468
300496.SZ,300496,中科创达,20220303,135.0,136.2,129.6,130.19,134.8,-4.61,-3.4199,41508.76,544484.586,54448.4586,544.484586,5.44484586
300496.SZ,300496,中科创达,20220304,124.0,124.1,104.15,105.36,130.19,-24.83,-19.0721,258658.51,2792579.798,279257.9798,2792.579798,27.92579798
300496.SZ,300496,中科创达,20220307,102.88,103.4,93.91,95.89,105.36,-9.47,-8.9882,219232.7,2123880.233,212388.0233,2123.880233,21.23880233
300496.SZ,300496,中科创达,20220308,95.84,97.26,91.0,93.0,95.89,-2.89,-3.0139,134903.51,1263631.076,126363.1076,1263.631076,12.63631076
300496.SZ,300496,中科创达,20220309,95.0,101.3,94.5,99.22,93.0,6.22,6.6882,151095.87,1489385.249,148938.52490000002,1489.3852490000002,14.893852490000002
300496.SZ,300496,中科创达,20220310,102.15,102.58,97.98,99.73,99.22,0.51,0.514,142767.02,1428006.843,142800.68430000002,1428.006843,14.280068430000002
300496.SZ,300496,中科创达,20220311,98.02,100.28,95.01,98.0,99.73,-1.73,-1.7347,75335.69,731334.474,73133.4474,731.334474,7.31334474
300496.SZ,300496,中科创达,20220314,97.6,97.83,95.65,95.65,98.0,-2.35,-2.398,61616.3,594821.747,59482.1747,594.821747,5.94821747
300496.SZ,300496,中科创达,20220315,95.37,99.3,94.33,94.84,95.65,-0.81,-0.8468,75032.57,725329.423,72532.9423,725.3294229999999,7.253294229999999
300496.SZ,300496,中科创达,20220316,97.5,104.6,95.29,104.1,94.84,9.26,9.7638,126837.18,1267604.346,126760.4346,1267.604346,12.67604346
300496.SZ,300496,中科创达,20220317,107.88,109.61,106.1,106.15,104.1,2.05,1.9693,88149.3,948354.475,94835.4475,948.354475,9.48354475
300496.SZ,300496,中科创达,20220318,105.76,108.6,105.08,107.0,106.15,0.85,0.8008,46157.02,496053.647,49605.3647,496.053647,4.960536469999999
300496.SZ,300496,中科创达,20220321,108.8,110.77,105.96,108.02,107.0,1.02,0.9533,46166.25,498488.504,49848.8504,498.488504,4.98488504
300496.SZ,300496,中科创达,20220322,107.7,108.3,105.82,106.7,108.02,-1.32,-1.222,28869.46,307682.591,30768.259100000003,307.682591,3.07682591
300496.SZ,300496,中科创达,20220323,107.5,107.96,104.8,106.28,106.7,-0.42,-0.3936,33323.68,354013.584,35401.3584,354.013584,3.54013584
300496.SZ,300496,中科创达,20220324,105.99,105.99,103.35,103.8,106.28,-2.48,-2.3335,55146.89,574849.296,57484.9296,574.849296,5.74849296
300496.SZ,300496,中科创达,20220325,104.0,105.42,99.6,100.01,103.8,-3.79,-3.6513,59069.07,598045.717,59804.57169999999,598.045717,5.980457169999999
300496.SZ,300496,中科创达,20220325,104.0,105.42,99.6,100.01,103.8,-3.79,-3.6513,59069.07,598045.717,59804.57169999999,598.045717,5.980457169999999
300496.SZ,300496,中科创达,20220329,98.89,99.83,96.5,97.6,98.31,-0.71,-0.7222,27592.38,270280.135,27028.0135,270.28013500000003,2.70280135
300496.SZ,300496,中科创达,20220329,98.89,99.83,96.5,97.6,98.31,-0.71,-0.7222,27592.38,270280.135,27028.0135,270.28013500000003,2.70280135
