ts_code,code,name,trade_date,open,high,low,close,pre_close,change,pct_chg,vol,1K_amount,10K_amount,1M_amount,100M_amount
600637.SH,600637,东方明珠,19930316,12.18,12.85,11.0,12.8,48.0,-35.2,-73.33,32858.0,40289.0,4028.9,40.289,0.40289
600637.SH,600637,东方明珠,19930317,13.2,13.21,12.4,12.7,12.8,-0.1,-0.78,18062.0,23218.0,2321.8,23.218000000000004,0.23218
600637.SH,600637,东方明珠,19930318,12.78,12.84,12.18,12.61,12.7,-0.09,-0.71,10187.0,12763.0,1276.3,12.763,0.12763
600637.SH,600637,东方明珠,19930319,12.61,12.85,12.23,12.4,12.61,-0.21,-1.67,10150.0,12670.0,1267.0,12.67,0.1267
600637.SH,600637,东方明珠,19930322,12.5,12.5,11.0,11.09,12.4,-1.31,-10.56,15332.0,17545.0,1754.5,17.545,0.17545
600637.SH,600637,东方明珠,19930323,10.62,11.2,10.15,10.5,11.09,-0.59,-5.32,10808.0,11434.0,1143.4,11.434,0.11434
600637.SH,600637,东方明珠,19930324,10.5,10.99,10.3,10.45,10.5,-0.05,-0.48,6619.0,6998.0,699.8,6.997999999999999,0.0699799999999999
600637.SH,600637,东方明珠,19930325,10.7,10.7,10.03,10.4,10.45,-0.05,-0.48,6307.0,6529.0,652.9,6.529,0.06529
600637.SH,600637,东方明珠,19930326,10.5,12.25,10.2,12.25,10.4,1.85,17.79,14306.0,15632.0,1563.2,15.632,0.15632
600637.SH,600637,东方明珠,19930329,11.5,11.8,10.5,11.05,12.25,-1.2,-9.8,10441.0,11654.0,1165.4,11.654000000000002,0.11654
600637.SH,600637,东方明珠,19930330,11.11,11.49,10.71,10.88,11.05,-0.17,-1.54,7812.0,8672.0,867.2,8.672,0.08672
600637.SH,600637,东方明珠,19930331,11.0,11.0,10.3,10.58,10.88,-0.3,-2.76,7416.0,7836.0,783.6,7.836,0.07836
600637.SH,600637,东方明珠,19930401,10.6,10.98,10.31,10.89,10.58,0.31,2.93,5217.0,5639.0,563.9,5.638999999999999,0.0563899999999999
600637.SH,600637,东方明珠,19930402,10.83,11.18,10.7,10.8,10.89,-0.09,-0.83,5463.0,6011.0,601.1,6.011,0.06011
600637.SH,600637,东方明珠,19930405,10.7,10.9,10.4,10.9,10.8,0.1,0.93,2987.0,3216.0,321.6,3.216,0.03216
600637.SH,600637,东方明珠,19930406,10.99,12.5,10.82,12.15,10.9,1.25,11.47,20901.0,24827.0,2482.7,24.827,0.24827
600637.SH,600637,东方明珠,19930407,12.6,13.3,11.9,12.25,12.15,0.1,0.82,31772.0,39814.0,3981.4,39.814,0.39814
600637.SH,600637,东方明珠,19930408,13.35,18.0,12.44,16.0,12.25,3.75,30.61,52747.0,80003.0,8000.3,80.003,0.80003
600637.SH,600637,东方明珠,19930409,16.5,16.8,14.11,14.8,16.0,-1.2,-7.5,35520.0,54245.0,5424.5,54.245,0.54245
600637.SH,600637,东方明珠,19930412,14.54,15.5,13.0,13.6,14.8,-1.2,-8.11,20669.0,29457.0,2945.7,29.457,0.29457
600637.SH,600637,东方明珠,19930413,13.4,15.5,13.4,15.5,13.6,1.9,13.97,40942.0,61355.0,6135.5,61.355,0.6135499999999999
600637.SH,600637,东方明珠,19930414,15.5,16.95,15.5,15.9,15.5,0.4,2.58,67690.0,110148.0,11014.8,110.148,1.10148
600637.SH,600637,东方明珠,19930415,16.1,20.0,15.21,17.4,15.9,1.5,9.43,72715.0,127220.0,12722.0,127.22,1.2722
600637.SH,600637,东方明珠,19930416,17.5,18.3,15.75,15.9,17.4,-1.5,-8.62,34998.0,57744.0,5774.4,57.744,0.57744
600637.SH,600637,东方明珠,19930419,15.7,16.8,15.25,16.2,15.9,0.3,1.89,17412.0,27894.0,2789.4,27.894,0.27894
600637.SH,600637,东方明珠,19930420,16.5,17.0,16.2,16.35,16.2,0.15,0.93,21075.0,34963.0,3496.3,34.963,0.34963
600637.SH,600637,东方明珠,19930421,16.5,16.52,16.01,16.12,16.35,-0.23,-1.41,8786.0,14234.0,1423.4,14.234000000000002,0.14234
600637.SH,600637,东方明珠,19930422,16.0,16.52,16.0,16.43,16.12,0.31,1.92,9439.0,15431.0,1543.1,15.431,0.15431
600637.SH,600637,东方明珠,19930423,16.7,17.0,16.05,16.12,16.43,-0.31,-1.89,11281.0,18512.0,1851.2,18.512,0.18512
600637.SH,600637,东方明珠,19930426,17.0,17.0,16.0,16.8,16.12,0.68,4.22,20478.0,33922.0,3392.2,33.922,0.3392199999999999
600637.SH,600637,东方明珠,19930427,17.0,18.0,16.95,17.18,16.8,0.38,2.26,31665.0,55177.0,5517.7,55.177,0.55177
600637.SH,600637,东方明珠,19930428,17.3,18.0,16.85,17.1,17.18,-0.08,-0.47,12827.0,22132.0,2213.2,22.132,0.22132
600637.SH,600637,东方明珠,19930429,17.2,17.48,16.7,16.7,17.1,-0.4,-2.34,10036.0,17087.0,1708.7,17.087,0.17087
600637.SH,600637,东方明珠,19930430,16.7,17.37,16.6,16.95,16.7,0.25,1.5,11587.0,19563.0,1956.3,19.563,0.19563
600637.SH,600637,东方明珠,19930503,17.21,17.25,16.3,16.6,16.95,-0.35,-2.06,9691.0,16124.0,1612.4,16.124000000000002,0.16124
600637.SH,600637,东方明珠,19930504,16.61,16.61,14.71,15.0,16.6,-1.6,-9.64,13176.0,20514.0,2051.4,20.514,0.20514
600637.SH,600637,东方明珠,19930505,15.2,15.98,15.0,15.5,15.0,0.5,3.33,9877.0,15242.0,1524.2,15.242,0.15242
600637.SH,600637,东方明珠,19930506,15.6,15.6,13.82,14.1,15.5,-1.4,-9.03,11744.0,17089.0,1708.9,17.089000000000002,0.17089
600637.SH,600637,东方明珠,19930507,14.1,14.9,14.0,14.84,14.1,0.74,5.25,10377.0,15095.0,1509.5,15.095,0.15095
600637.SH,600637,东方明珠,19930510,14.9,15.39,13.65,14.15,14.84,-0.69,-4.65,7351.0,10532.0,1053.2,10.532,0.10532
600637.SH,600637,东方明珠,19930511,14.15,14.44,13.82,14.27,14.15,0.12,0.85,4276.0,6051.0,605.1,6.051,0.06051
600637.SH,600637,东方明珠,19930512,14.3,14.6,14.05,14.3,14.27,0.03,0.21,3789.0,5445.0,544.5,5.445,0.05445
600637.SH,600637,东方明珠,19930513,14.4,14.89,14.2,14.77,14.3,0.47,3.29,2815.0,4112.0,411.2,4.112,0.04112
600637.SH,600637,东方明珠,19930514,14.7,15.6,14.7,15.1,14.77,0.33,2.23,10091.0,15324.0,1532.4,15.324000000000002,0.15324
600637.SH,600637,东方明珠,19930517,14.49,15.0,13.1,14.73,15.1,-0.37,-2.45,3539.0,5174.0,517.4,5.174,0.0517399999999999
600637.SH,600637,东方明珠,19930518,14.88,14.88,14.1,14.55,14.73,-0.18,-1.22,2608.0,3814.0,381.4,3.814,0.0381399999999999
600637.SH,600637,东方明珠,19930519,14.5,14.69,14.5,14.69,14.55,0.14,0.96,1649.0,2409.0,240.9,2.4090000000000003,0.02409
600637.SH,600637,东方明珠,19930520,14.8,15.2,14.76,15.09,14.69,0.4,2.72,4097.0,6158.0,615.8,6.158,0.0615799999999999
600637.SH,600637,东方明珠,19930521,15.1,15.15,14.01,14.7,15.09,-0.39,-2.58,2656.0,3933.0,393.3,3.933,0.03933
600637.SH,600637,东方明珠,19930524,14.65,14.65,13.15,13.25,14.7,-1.45,-9.86,6422.0,8884.0,888.4,8.884,0.08884
600637.SH,600637,东方明珠,19930525,13.0,13.29,12.2,12.95,13.25,-0.3,-2.26,5429.0,6957.0,695.7,6.957000000000001,0.06957
600637.SH,600637,东方明珠,19930526,12.5,13.29,12.5,13.01,12.95,0.06,0.46,3285.0,4285.0,428.5,4.285,0.04285
600637.SH,600637,东方明珠,19930527,13.1,13.1,12.3,12.63,13.01,-0.38,-2.92,3493.0,4397.0,439.7,4.397,0.04397
600637.SH,600637,东方明珠,19930528,12.4,12.9,12.4,12.78,12.63,0.15,1.19,2655.0,3383.0,338.3,3.383,0.03383
600637.SH,600637,东方明珠,19930531,12.8,13.0,12.21,12.37,12.78,-0.41,-3.21,2109.0,2627.0,262.7,2.627,0.0262699999999999
600637.SH,600637,东方明珠,19930601,12.22,13.5,11.2,12.9,12.37,0.53,4.28,3027.0,3575.0,357.5,3.575,0.03575
600637.SH,600637,东方明珠,19930602,13.0,14.9,11.7,14.8,12.9,1.9,14.73,22972.0,31755.0,3175.5,31.755,0.31755
600637.SH,600637,东方明珠,19930603,15.1,15.65,12.51,13.6,14.8,-1.2,-8.11,20190.0,29470.0,2947.0,29.47,0.2946999999999999
600637.SH,600637,东方明珠,19930604,13.7,13.7,12.6,13.11,13.6,-0.49,-3.6,6539.0,8626.0,862.6,8.626,0.0862599999999999
600637.SH,600637,东方明珠,19930607,13.62,14.2,12.75,14.2,13.11,1.09,8.31,4294.0,5701.0,570.1,5.7010000000000005,0.05701
600637.SH,600637,东方明珠,19930608,14.6,14.7,13.51,14.18,14.2,-0.02,-0.14,19893.0,28438.0,2843.8,28.438,0.28438
600637.SH,600637,东方明珠,19930609,14.45,15.1,14.1,14.2,14.18,0.02,0.14,8932.0,12927.0,1292.7,12.927,0.12927
600637.SH,600637,东方明珠,19930610,14.38,14.48,13.6,14.0,14.2,-0.2,-1.41,6000.0,8453.0,845.3,8.453,0.08453
600637.SH,600637,东方明珠,19930611,14.0,14.0,13.48,13.8,14.0,-0.2,-1.43,3426.0,4730.0,473.0,4.73,0.0473
600637.SH,600637,东方明珠,19930614,13.88,14.1,13.0,13.35,13.8,-0.45,-3.26,4817.0,6496.0,649.6,6.496,0.06496
600637.SH,600637,东方明珠,19930615,13.49,13.5,13.05,13.4,13.35,0.05,0.37,3233.0,4290.0,429.0,4.29,0.0429
600637.SH,600637,东方明珠,19930616,13.45,13.9,13.2,13.45,13.4,0.05,0.37,2955.0,3993.0,399.3,3.993,0.03993
600637.SH,600637,东方明珠,19930617,13.49,13.78,13.3,13.42,13.45,-0.03,-0.22,1713.0,2314.0,231.4,2.314,0.02314
600637.SH,600637,东方明珠,19930618,13.2,13.58,13.2,13.35,13.42,-0.07,-0.52,1208.0,1617.0,161.7,1.617,0.01617
600637.SH,600637,东方明珠,19930621,13.25,13.3,12.8,13.05,13.35,-0.3,-2.25,2229.0,2905.0,290.5,2.905,0.02905
600637.SH,600637,东方明珠,19930622,13.0,13.2,13.0,13.09,13.05,0.04,0.31,874.0,1143.0,114.3,1.143,0.01143
600637.SH,600637,东方明珠,19930623,12.95,13.19,12.95,13.16,13.09,0.07,0.53,1187.0,1557.0,155.7,1.557,0.0155699999999999
600637.SH,600637,东方明珠,19930624,13.3,13.3,12.95,13.05,13.16,-0.11,-0.84,948.0,1238.0,123.8,1.238,0.01238
600637.SH,600637,东方明珠,19930625,13.0,13.95,12.91,13.3,13.05,0.25,1.92,2596.0,3480.0,348.0,3.48,0.0348
600637.SH,600637,东方明珠,19930628,13.4,13.45,13.1,13.23,13.3,-0.07,-0.53,1141.0,1513.0,151.3,1.513,0.01513
600637.SH,600637,东方明珠,19930629,13.89,13.89,13.01,13.7,13.23,0.47,3.55,4528.0,6155.0,615.5,6.155,0.06155
600637.SH,600637,东方明珠,19930630,13.6,13.81,13.18,13.2,13.7,-0.5,-3.65,2563.0,3473.0,347.3,3.4730000000000003,0.03473
600637.SH,600637,东方明珠,19930701,13.39,13.68,13.1,13.4,13.2,0.2,1.52,2034.0,2688.0,268.8,2.688,0.02688
600637.SH,600637,东方明珠,19930702,13.4,13.48,13.0,13.25,13.4,-0.15,-1.12,1397.0,1858.0,185.8,1.858,0.01858
600637.SH,600637,东方明珠,19930705,13.2,13.2,12.26,12.82,13.25,-0.43,-3.25,2304.0,2960.0,296.0,2.96,0.0296
600637.SH,600637,东方明珠,19930706,12.38,12.56,12.1,12.18,12.82,-0.64,-4.99,3052.0,3738.0,373.8,3.738,0.03738
600637.SH,600637,东方明珠,19930707,12.1,12.4,11.71,12.2,12.18,0.02,0.16,2077.0,2510.0,251.0,2.51,0.0250999999999999
600637.SH,600637,东方明珠,19930708,12.25,12.3,12.1,12.12,12.2,-0.08,-0.66,1164.0,1416.0,141.6,1.416,0.0141599999999999
600637.SH,600637,东方明珠,19930709,12.0,12.0,11.5,11.75,12.12,-0.37,-3.05,1561.0,1828.0,182.8,1.828,0.01828
600637.SH,600637,东方明珠,19930712,11.65,11.65,10.71,11.3,11.75,-0.45,-3.83,2039.0,2294.0,229.4,2.294,0.02294
600637.SH,600637,东方明珠,19930713,12.0,12.32,11.6,12.12,11.3,0.82,7.26,4420.0,5272.0,527.2,5.272,0.05272
600637.SH,600637,东方明珠,19930714,12.58,12.58,11.7,11.72,12.12,-0.4,-3.3,2498.0,2994.0,299.4,2.994,0.0299399999999999
600637.SH,600637,东方明珠,19930715,11.8,12.2,11.53,12.15,11.72,0.43,3.67,2663.0,3200.0,320.0,3.2,0.032
600637.SH,600637,东方明珠,19930716,12.15,12.29,12.15,12.23,12.15,0.08,0.66,3318.0,4051.0,405.1,4.051,0.04051
600637.SH,600637,东方明珠,19930719,12.21,12.52,12.15,12.2,12.23,-0.03,-0.25,2774.0,3409.0,340.9,3.409,0.0340899999999999
600637.SH,600637,东方明珠,19930720,12.1,12.25,11.8,11.95,12.2,-0.25,-2.05,2434.0,2914.0,291.4,2.914,0.0291399999999999
600637.SH,600637,东方明珠,19930721,12.17,12.17,11.9,12.0,11.95,0.05,0.42,1402.0,1685.0,168.5,1.685,0.01685
600637.SH,600637,东方明珠,19930723,12.08,12.38,12.01,12.12,12.0,0.12,1.0,1909.0,2307.0,230.7,2.307,0.02307
600637.SH,600637,东方明珠,19930726,11.8,12.0,11.6,11.64,12.12,-0.48,-3.96,1653.0,1927.0,192.7,1.927,0.01927
600637.SH,600637,东方明珠,19930727,11.52,11.85,11.35,11.65,11.64,0.01,0.09,1115.0,1289.0,128.9,1.289,0.01289
600637.SH,600637,东方明珠,19930728,11.45,11.99,11.3,11.55,11.65,-0.1,-0.86,1762.0,2068.0,206.8,2.068,0.02068
600637.SH,600637,东方明珠,19930729,11.55,11.9,11.54,11.65,11.55,0.1,0.87,699.0,812.0,81.2,0.812,0.00812
600637.SH,600637,东方明珠,19930730,11.85,13.1,11.7,12.55,11.65,0.9,7.73,7047.0,8652.0,865.2,8.652000000000001,0.08652
600637.SH,600637,东方明珠,19930802,13.1,13.98,12.6,12.66,12.55,0.11,0.88,10515.0,13760.0,1376.0,13.76,0.1376
600637.SH,600637,东方明珠,19930803,12.7,12.8,12.4,12.48,12.66,-0.18,-1.42,3979.0,4992.0,499.2,4.992,0.04992
600637.SH,600637,东方明珠,19930804,12.48,12.8,12.25,12.5,12.48,0.02,0.16,3095.0,3845.0,384.5,3.845,0.03845
600637.SH,600637,东方明珠,19930805,12.5,12.77,12.35,12.5,12.5,0.0,0.0,4655.0,5851.0,585.1,5.851,0.05851
600637.SH,600637,东方明珠,19930806,12.51,12.58,12.4,12.4,12.5,-0.1,-0.8,5955.0,7450.0,745.0,7.45,0.0745
600637.SH,600637,东方明珠,19930809,8.2,8.7,8.0,8.49,7.98,0.51,6.39,6131.0,5085.0,508.5,5.085,0.05085
600637.SH,600637,东方明珠,19930810,8.7,9.08,8.2,8.26,8.49,-0.23,-2.71,15327.0,13303.0,1330.3,13.303,0.1330299999999999
600637.SH,600637,东方明珠,19930811,8.15,8.6,8.15,8.49,8.26,0.23,2.78,2913.0,2458.0,245.8,2.458,0.02458
600637.SH,600637,东方明珠,19930812,8.88,9.05,8.55,9.02,8.49,0.53,6.24,16234.0,14384.0,1438.4,14.384,0.14384
600637.SH,600637,东方明珠,19930813,9.1,9.2,8.95,9.07,9.02,0.05,0.55,19062.0,17339.0,1733.9,17.339000000000002,0.17339
600637.SH,600637,东方明珠,19930816,9.2,9.5,9.01,9.5,9.07,0.43,4.74,14988.0,13812.0,1381.2,13.812,0.13812
600637.SH,600637,东方明珠,19930817,9.6,9.7,8.95,9.0,9.5,-0.5,-5.26,13881.0,12845.0,1284.5,12.845,0.12845
600637.SH,600637,东方明珠,19930818,8.9,9.12,8.5,8.75,9.0,-0.25,-2.78,4635.0,4111.0,411.1,4.111000000000001,0.04111
600637.SH,600637,东方明珠,19930819,8.7,9.0,8.6,8.77,8.75,0.02,0.23,3635.0,3210.0,321.0,3.21,0.0321
600637.SH,600637,东方明珠,19930820,8.8,8.85,8.0,8.5,8.77,-0.27,-3.08,7032.0,5975.0,597.5,5.975,0.05975
600637.SH,600637,东方明珠,19930823,8.4,8.65,8.03,8.2,8.5,-0.3,-3.53,5789.0,4813.0,481.3,4.813,0.04813
600637.SH,600637,东方明珠,19930824,8.04,8.29,8.0,8.23,8.2,0.03,0.37,2904.0,2365.0,236.5,2.365,0.02365
600637.SH,600637,东方明珠,19930825,8.23,8.49,8.18,8.26,8.23,0.03,0.36,3035.0,2524.0,252.4,2.524,0.02524
600637.SH,600637,东方明珠,19930826,8.22,8.25,8.1,8.19,8.26,-0.07,-0.85,1473.0,1206.0,120.6,1.206,0.01206
600637.SH,600637,东方明珠,19930827,8.2,8.2,7.9,8.1,8.19,-0.09,-1.1,2368.0,1918.0,191.8,1.918,0.01918
600637.SH,600637,东方明珠,19930830,8.1,8.37,7.95,8.13,8.1,0.03,0.37,1910.0,1560.0,156.0,1.56,0.0156
600637.SH,600637,东方明珠,19930831,8.03,8.37,8.03,8.1,8.13,-0.03,-0.37,1103.0,697.0,69.7,0.6970000000000001,0.00697
600637.SH,600637,东方明珠,19930901,8.1,8.18,8.05,8.08,8.1,-0.02,-0.25,1217.0,984.0,98.4,0.984,0.00984
600637.SH,600637,东方明珠,19930902,8.12,8.12,8.01,8.1,8.08,0.02,0.25,1077.0,867.0,86.7,0.867,0.00867
600637.SH,600637,东方明珠,19930903,8.15,8.36,8.12,8.26,8.1,0.16,1.98,2833.0,2336.0,233.6,2.336,0.02336
600637.SH,600637,东方明珠,19930906,8.6,8.6,8.35,8.55,8.26,0.29,3.51,6094.0,5155.0,515.5,5.155,0.05155
600637.SH,600637,东方明珠,19930907,8.56,8.56,8.11,8.17,8.55,-0.38,-4.44,3139.0,2620.0,262.0,2.62,0.0262
600637.SH,600637,东方明珠,19930908,8.16,8.22,8.0,8.15,8.17,-0.02,-0.24,2364.0,1915.0,191.5,1.915,0.01915
600637.SH,600637,东方明珠,19930909,8.15,8.19,8.03,8.08,8.15,-0.07,-0.86,1507.0,1219.0,121.9,1.219,0.01219
600637.SH,600637,东方明珠,19930910,8.06,8.14,8.06,8.09,8.08,0.01,0.12,1805.0,1460.0,146.0,1.46,0.0146
600637.SH,600637,东方明珠,19930913,8.01,8.05,7.75,7.83,8.09,-0.26,-3.21,2533.0,2000.0,200.0,2.0,0.02
600637.SH,600637,东方明珠,19930914,7.8,7.85,7.6,7.82,7.83,-0.01,-0.13,1641.0,1279.0,127.9,1.279,0.01279
600637.SH,600637,东方明珠,19930915,7.8,7.99,7.78,7.87,7.82,0.05,0.64,757.0,597.0,59.7,0.597,0.00597
600637.SH,600637,东方明珠,19930916,7.87,7.9,7.75,7.77,7.87,-0.1,-1.27,871.0,679.0,67.9,0.679,0.00679
600637.SH,600637,东方明珠,19930917,7.75,8.2,7.75,7.85,7.77,0.08,1.03,869.0,686.0,68.6,0.6859999999999999,0.00686
600637.SH,600637,东方明珠,19930920,7.8,7.86,7.75,7.8,7.85,-0.05,-0.64,815.0,636.0,63.6,0.636,0.00636
600637.SH,600637,东方明珠,19930921,7.9,8.0,7.8,7.9,7.8,0.1,1.28,1233.0,979.0,97.9,0.979,0.00979
600637.SH,600637,东方明珠,19930922,7.91,7.98,7.81,7.84,7.9,-0.06,-0.76,828.0,651.0,65.1,0.6509999999999999,0.0065099999999999
600637.SH,600637,东方明珠,19930923,7.96,7.98,7.7,7.87,7.84,0.03,0.38,639.0,501.0,50.1,0.501,0.00501
600637.SH,600637,东方明珠,19930924,7.8,8.51,7.66,7.85,7.87,-0.02,-0.25,2983.0,2373.0,237.3,2.373,0.02373
600637.SH,600637,东方明珠,19930927,7.8,7.95,7.8,7.84,7.85,-0.01,-0.13,692.0,542.0,54.2,0.542,0.00542
600637.SH,600637,东方明珠,19930928,7.9,8.1,7.86,8.08,7.84,0.24,3.06,2733.0,2182.0,218.2,2.182,0.02182
600637.SH,600637,东方明珠,19930929,8.3,8.3,7.9,7.95,8.08,-0.13,-1.61,2535.0,2050.0,205.0,2.05,0.0204999999999999
600637.SH,600637,东方明珠,19930930,7.95,8.14,7.94,7.95,7.95,0.0,0.0,2150.0,1725.0,172.5,1.725,0.01725
600637.SH,600637,东方明珠,19931004,8.0,8.41,7.95,8.1,7.95,0.15,1.89,6488.0,5314.0,531.4,5.314,0.05314
600637.SH,600637,东方明珠,19931005,8.21,8.28,8.0,8.05,8.1,-0.05,-0.62,1789.0,1450.0,145.0,1.45,0.0144999999999999
600637.SH,600637,东方明珠,19931006,8.08,8.14,7.9,8.0,8.05,-0.05,-0.62,1464.0,1175.0,117.5,1.175,0.01175
600637.SH,600637,东方明珠,19931007,8.0,8.38,7.5,7.88,8.0,-0.12,-1.5,5051.0,4048.0,404.8,4.048,0.04048
600637.SH,600637,东方明珠,19931008,8.0,8.18,7.8,7.85,7.88,-0.03,-0.38,4166.0,3320.0,332.0,3.32,0.0332
600637.SH,600637,东方明珠,19931011,7.85,7.85,7.68,7.75,7.85,-0.1,-1.27,2432.0,1887.0,188.7,1.887,0.0188699999999999
600637.SH,600637,东方明珠,19931012,7.75,7.75,7.3,7.61,7.75,-0.14,-1.81,2475.0,1888.0,188.8,1.888,0.01888
600637.SH,600637,东方明珠,19931013,7.61,7.79,7.4,7.58,7.61,-0.03,-0.39,2160.0,1644.0,164.4,1.644,0.01644
600637.SH,600637,东方明珠,19931014,7.56,7.6,7.41,7.52,7.58,-0.06,-0.79,2078.0,1557.0,155.7,1.557,0.0155699999999999
600637.SH,600637,东方明珠,19931015,7.54,7.55,7.5,7.53,7.52,0.01,0.13,1297.0,976.0,97.6,0.976,0.00976
600637.SH,600637,东方明珠,19931018,7.5,7.5,7.12,7.31,7.53,-0.22,-2.92,1440.0,1061.0,106.1,1.061,0.01061
600637.SH,600637,东方明珠,19931019,7.35,7.53,7.35,7.38,7.31,0.07,0.96,1125.0,830.0,83.0,0.83,0.0083
600637.SH,600637,东方明珠,19931020,7.67,7.67,7.38,7.5,7.38,0.12,1.63,1812.0,1354.0,135.4,1.354,0.01354
600637.SH,600637,东方明珠,19931021,7.58,7.58,7.35,7.38,7.5,-0.12,-1.6,1521.0,1127.0,112.7,1.127,0.01127
600637.SH,600637,东方明珠,19931022,7.3,7.55,7.12,7.2,7.38,-0.18,-2.44,2959.0,2144.0,214.4,2.144,0.02144
600637.SH,600637,东方明珠,19931025,6.95,7.04,6.81,6.92,7.2,-0.28,-3.89,2856.0,1974.0,197.4,1.974,0.01974
600637.SH,600637,东方明珠,19931026,6.93,6.98,6.5,6.78,6.92,-0.14,-2.02,2114.0,1442.0,144.2,1.442,0.0144199999999999
600637.SH,600637,东方明珠,19931027,6.8,6.86,6.55,6.68,6.78,-0.1,-1.47,2341.0,1567.0,156.7,1.567,0.01567
600637.SH,600637,东方明珠,19931028,6.66,7.25,6.66,7.18,6.68,0.5,7.49,3839.0,2674.0,267.4,2.674,0.02674
600637.SH,600637,东方明珠,19931029,7.18,7.22,6.6,7.0,7.18,-0.18,-2.51,5192.0,3641.0,364.1,3.641,0.03641
600637.SH,600637,东方明珠,19931101,6.8,7.0,6.75,6.85,7.0,-0.15,-2.14,1788.0,1241.0,124.1,1.241,0.01241
600637.SH,600637,东方明珠,19931102,6.95,7.25,6.76,6.93,6.85,0.08,1.17,3443.0,2408.0,240.8,2.408,0.02408
600637.SH,600637,东方明珠,19931103,6.93,6.97,6.8,6.85,6.93,-0.08,-1.15,1273.0,876.0,87.6,0.8759999999999999,0.0087599999999999
600637.SH,600637,东方明珠,19931104,6.89,6.89,6.68,6.82,6.85,-0.03,-0.44,1793.0,1210.0,121.0,1.21,0.0121
600637.SH,600637,东方明珠,19931105,6.85,7.0,6.7,6.89,6.82,0.07,1.03,3278.0,2234.0,223.4,2.234,0.02234
600637.SH,600637,东方明珠,19931108,7.0,7.0,6.78,6.93,6.89,0.04,0.58,2681.0,1848.0,184.8,1.848,0.01848
600637.SH,600637,东方明珠,19931109,7.05,7.15,7.0,7.04,6.93,0.11,1.59,5162.0,3644.0,364.4,3.644,0.03644
600637.SH,600637,东方明珠,19931110,7.13,7.5,6.9,7.0,7.04,-0.04,-0.57,13385.0,9697.0,969.7,9.697,0.09697
600637.SH,600637,东方明珠,19931111,7.08,7.19,6.85,7.02,7.0,0.02,0.29,6622.0,4658.0,465.8,4.658,0.04658
600637.SH,600637,东方明珠,19931112,7.08,7.2,7.05,7.09,7.02,0.07,1.0,4144.0,2936.0,293.6,2.9360000000000004,0.02936
600637.SH,600637,东方明珠,19931115,7.19,7.5,7.11,7.38,7.09,0.29,4.09,9159.0,6719.0,671.9,6.718999999999999,0.06719
600637.SH,600637,东方明珠,19931116,7.48,7.48,7.18,7.25,7.38,-0.13,-1.76,6514.0,4779.0,477.9,4.779,0.04779
600637.SH,600637,东方明珠,19931117,7.26,7.68,7.26,7.5,7.25,0.25,3.45,10500.0,7865.0,786.5,7.865,0.07865
600637.SH,600637,东方明珠,19931118,7.72,7.98,7.6,7.75,7.5,0.25,3.33,19212.0,14956.0,1495.6,14.956,0.14956
600637.SH,600637,东方明珠,19931119,7.75,7.77,7.4,7.7,7.75,-0.05,-0.65,6022.0,4619.0,461.9,4.619,0.0461899999999999
600637.SH,600637,东方明珠,19931122,7.75,7.95,7.5,7.72,7.7,0.02,0.26,8707.0,6757.0,675.7,6.757000000000001,0.06757
600637.SH,600637,东方明珠,19931123,7.75,7.95,7.55,7.74,7.72,0.02,0.26,12061.0,9356.0,935.6,9.356,0.09356
600637.SH,600637,东方明珠,19931124,7.74,7.75,7.5,7.52,7.74,-0.22,-2.84,5943.0,4520.0,452.0,4.52,0.0452
600637.SH,600637,东方明珠,19931125,7.6,8.4,7.55,8.12,7.52,0.6,7.98,31446.0,25275.0,2527.5,25.275,0.25275
600637.SH,600637,东方明珠,19931126,8.4,8.6,7.23,7.84,8.12,-0.28,-3.45,22521.0,18387.0,1838.7,18.387,0.18387
600637.SH,600637,东方明珠,19931129,7.84,7.9,7.6,7.76,7.84,-0.08,-1.02,8507.0,6584.0,658.4,6.584,0.06584
600637.SH,600637,东方明珠,19931130,7.95,8.08,7.8,7.85,7.76,0.09,1.16,7906.0,6270.0,627.0,6.27,0.0626999999999999
600637.SH,600637,东方明珠,19931201,7.95,7.98,7.61,7.71,7.85,-0.14,-1.78,4643.0,3623.0,362.3,3.623,0.03623
600637.SH,600637,东方明珠,19931202,7.71,7.71,7.58,7.62,7.71,-0.09,-1.17,3594.0,2741.0,274.1,2.741,0.02741
600637.SH,600637,东方明珠,19931203,7.63,7.7,7.6,7.63,7.62,0.01,0.13,2759.0,2108.0,210.8,2.108,0.02108
600637.SH,600637,东方明珠,19931206,7.7,7.99,7.35,7.66,7.63,0.03,0.39,6750.0,5193.0,519.3,5.193,0.05193
600637.SH,600637,东方明珠,19931207,7.71,7.85,7.5,7.55,7.66,-0.11,-1.44,8114.0,6206.0,620.6,6.206,0.06206
600637.SH,600637,东方明珠,19931208,7.6,8.0,7.5,7.5,7.55,-0.05,-0.66,12474.0,9633.0,963.3,9.633,0.0963299999999999
600637.SH,600637,东方明珠,19931209,7.85,8.19,7.5,7.68,7.5,0.18,2.4,24952.0,19647.0,1964.7,19.647,0.19647
600637.SH,600637,东方明珠,19931210,7.72,7.79,7.32,7.49,7.68,-0.19,-2.47,5841.0,4407.0,440.7,4.407,0.04407
600637.SH,600637,东方明珠,19931213,7.6,7.62,7.11,7.2,7.49,-0.29,-3.87,2846.0,2106.0,210.6,2.106,0.02106
600637.SH,600637,东方明珠,19931214,7.2,7.28,6.85,7.08,7.2,-0.12,-1.67,2888.0,2037.0,203.7,2.037,0.02037
600637.SH,600637,东方明珠,19931215,7.16,7.16,6.88,7.14,7.08,0.06,0.85,3016.0,2113.0,211.3,2.113,0.02113
600637.SH,600637,东方明珠,19931216,7.14,7.19,6.73,6.73,7.14,-0.41,-5.74,2408.0,1677.0,167.7,1.6769999999999998,0.0167699999999999
600637.SH,600637,东方明珠,19931217,6.66,6.97,6.5,6.6,6.73,-0.13,-1.93,2452.0,1641.0,164.1,1.641,0.01641
600637.SH,600637,东方明珠,19931220,6.0,6.25,5.21,5.71,6.6,-0.89,-13.48,6650.0,3816.0,381.6,3.816,0.03816
600637.SH,600637,东方明珠,19931221,5.8,5.98,5.43,5.95,5.71,0.24,4.2,4990.0,2902.0,290.2,2.902,0.0290199999999999
600637.SH,600637,东方明珠,19931222,6.0,6.2,5.5,5.75,5.95,-0.2,-3.36,6544.0,3874.0,387.4,3.874,0.03874
600637.SH,600637,东方明珠,19931223,5.77,6.1,5.75,5.88,5.75,0.13,2.26,3194.0,,,,
600637.SH,600637,东方明珠,19931224,6.0,6.05,5.88,5.9,5.88,0.02,0.34,2943.0,1756.0,175.6,1.756,0.01756
600637.SH,600637,东方明珠,19931227,5.91,5.99,5.83,5.9,5.9,0.0,0.0,1715.0,1012.0,101.2,1.012,0.01012
600637.SH,600637,东方明珠,19931228,5.95,5.95,5.71,5.76,5.9,-0.14,-2.37,1850.0,1082.0,108.2,1.082,0.01082
600637.SH,600637,东方明珠,19931229,5.76,5.76,5.52,5.6,5.76,-0.16,-2.78,1610.0,907.0,90.7,0.907,0.00907
600637.SH,600637,东方明珠,19931230,5.6,5.6,5.5,5.56,5.6,-0.04,-0.71,1603.0,893.0,89.3,0.893,0.00893
600637.SH,600637,东方明珠,19931231,5.55,5.63,5.51,5.6,5.56,0.04,0.72,1517.0,848.0,84.8,0.848,0.00848
600637.SH,600637,东方明珠,19940103,5.58,5.73,5.53,5.58,5.6,-0.02,-0.36,844.0,472.0,47.2,0.472,0.00472
600637.SH,600637,东方明珠,19940104,5.73,5.73,5.55,5.57,5.58,-0.01,-0.18,728.0,408.0,40.8,0.408,0.0040799999999999
600637.SH,600637,东方明珠,19940105,5.58,5.6,5.4,5.5,5.57,-0.07,-1.26,1235.0,678.0,67.8,0.6779999999999999,0.00678
600637.SH,600637,东方明珠,19940106,5.56,5.7,5.55,5.7,5.5,0.2,3.64,2122.0,1195.0,119.5,1.195,0.01195
600637.SH,600637,东方明珠,19940107,5.85,5.97,5.8,5.91,5.7,0.21,3.68,3887.0,2289.0,228.9,2.289,0.02289
600637.SH,600637,东方明珠,19940110,6.05,6.08,6.0,6.03,5.91,0.12,2.03,3767.0,2271.0,227.1,2.271,0.0227099999999999
600637.SH,600637,东方明珠,19940111,6.06,6.1,5.69,6.0,6.03,-0.03,-0.5,5219.0,3124.0,312.4,3.124,0.0312399999999999
600637.SH,600637,东方明珠,19940112,6.0,6.0,5.8,5.83,6.0,-0.17,-2.83,1605.0,947.0,94.7,0.947,0.00947
600637.SH,600637,东方明珠,19940113,5.85,6.1,5.75,6.1,5.83,0.27,4.63,4044.0,2420.0,242.0,2.42,0.0242
600637.SH,600637,东方明珠,19940114,6.18,6.33,5.55,5.75,6.1,-0.35,-5.74,9340.0,5633.0,563.3,5.632999999999999,0.0563299999999999
600637.SH,600637,东方明珠,19940117,5.81,5.94,5.76,5.83,5.75,0.08,1.39,1728.0,1010.0,101.0,1.01,0.0101
600637.SH,600637,东方明珠,19940118,5.8,5.83,5.52,5.58,5.83,-0.25,-4.29,1430.0,803.0,80.3,0.8029999999999999,0.0080299999999999
600637.SH,600637,东方明珠,19940119,5.58,5.59,5.3,5.4,5.58,-0.18,-3.23,1258.0,683.0,68.3,0.6829999999999999,0.0068299999999999
600637.SH,600637,东方明珠,19940120,5.35,5.38,5.15,5.27,5.4,-0.13,-2.41,1371.0,721.0,72.1,0.721,0.0072099999999999
600637.SH,600637,东方明珠,19940121,5.2,5.46,5.18,5.38,5.27,0.11,2.09,1255.0,673.0,67.3,0.6729999999999999,0.0067299999999999
600637.SH,600637,东方明珠,19940124,5.56,5.8,5.5,5.72,5.38,0.34,6.32,1609.0,895.0,89.5,0.895,0.00895
600637.SH,600637,东方明珠,19940125,5.68,5.8,5.46,5.46,5.72,-0.26,-4.55,2032.0,1153.0,115.3,1.153,0.01153
600637.SH,600637,东方明珠,19940126,5.51,5.7,5.46,5.48,5.46,0.02,0.37,841.0,467.0,46.7,0.467,0.00467
600637.SH,600637,东方明珠,19940127,5.5,5.59,5.5,5.52,5.48,0.04,0.73,766.0,422.0,42.2,0.422,0.00422
600637.SH,600637,东方明珠,19940128,5.53,5.53,5.37,5.43,5.52,-0.09,-1.63,888.0,482.0,48.2,0.482,0.00482
600637.SH,600637,东方明珠,19940131,5.3,5.35,5.17,5.28,5.43,-0.15,-2.76,1304.0,683.0,68.3,0.6829999999999999,0.0068299999999999
600637.SH,600637,东方明珠,19940201,5.2,5.26,5.05,5.1,5.28,-0.18,-3.41,850.0,438.0,43.8,0.4379999999999999,0.0043799999999999
600637.SH,600637,东方明珠,19940202,5.1,5.25,5.1,5.24,5.1,0.14,2.75,842.0,437.0,43.7,0.437,0.00437
600637.SH,600637,东方明珠,19940203,5.28,5.38,5.2,5.25,5.24,0.01,0.19,1271.0,675.0,67.5,0.675,0.00675
600637.SH,600637,东方明珠,19940204,5.3,5.4,5.25,5.35,5.25,0.1,1.9,1242.0,662.0,66.2,0.662,0.00662
600637.SH,600637,东方明珠,19940214,5.52,5.62,5.27,5.27,5.35,-0.08,-1.5,1105.0,599.0,59.9,0.599,0.00599
600637.SH,600637,东方明珠,19940215,5.2,5.33,5.2,5.24,5.27,-0.03,-0.57,521.0,273.0,27.3,0.273,0.00273
600637.SH,600637,东方明珠,19940216,5.2,5.35,5.2,5.27,5.24,0.03,0.57,356.0,187.0,18.7,0.187,0.00187
600637.SH,600637,东方明珠,19940217,5.27,5.27,5.15,5.23,5.27,-0.04,-0.76,496.0,260.0,26.0,0.26,0.0026
600637.SH,600637,东方明珠,19940218,5.25,5.35,5.16,5.35,5.23,0.12,2.29,1034.0,540.0,54.0,0.54,0.0054
600637.SH,600637,东方明珠,19940221,5.25,5.28,5.18,5.18,5.35,-0.17,-3.18,607.0,316.0,31.6,0.316,0.00316
600637.SH,600637,东方明珠,19940222,5.15,5.3,5.15,5.26,5.18,0.08,1.54,685.0,359.0,35.9,0.359,0.00359
600637.SH,600637,东方明珠,19940223,5.29,5.59,5.16,5.59,5.26,0.33,6.27,788.0,414.0,41.4,0.414,0.00414
600637.SH,600637,东方明珠,19940224,5.4,5.4,5.26,5.37,5.59,-0.22,-3.94,1919.0,1024.0,102.4,1.024,0.01024
600637.SH,600637,东方明珠,19940225,5.55,5.56,5.35,5.4,5.37,0.03,0.56,4818.0,2639.0,263.9,2.639,0.0263899999999999
600637.SH,600637,东方明珠,19940228,5.5,5.58,5.13,5.18,5.4,-0.22,-4.07,5465.0,2961.0,296.1,2.9610000000000003,0.02961
600637.SH,600637,东方明珠,19940301,5.21,5.3,5.18,5.18,5.18,0.0,0.0,1872.0,980.0,98.0,0.98,0.0098
600637.SH,600637,东方明珠,19940302,5.18,5.22,5.05,5.09,5.18,-0.09,-1.74,1766.0,906.0,90.6,0.906,0.0090599999999999
600637.SH,600637,东方明珠,19940303,5.05,5.1,4.9,5.0,5.09,-0.09,-1.77,1649.0,828.0,82.8,0.828,0.00828
600637.SH,600637,东方明珠,19940304,4.95,5.05,4.88,4.89,5.0,-0.11,-2.2,2176.0,1072.0,107.2,1.072,0.01072
600637.SH,600637,东方明珠,19940307,4.87,4.9,4.52,4.8,4.89,-0.09,-1.84,130.0,62.0,6.2,0.062,0.00062
600637.SH,600637,东方明珠,19940308,4.81,4.88,4.56,4.6,4.8,-0.2,-4.17,1634.0,759.0,75.9,0.759,0.00759
600637.SH,600637,东方明珠,19940309,4.65,4.67,4.4,4.5,4.6,-0.1,-2.17,2230.0,1019.0,101.9,1.019,0.01019
600637.SH,600637,东方明珠,19940310,4.6,5.1,4.4,5.1,4.5,0.6,13.33,17840.0,8771.0,877.1,8.771,0.08771
600637.SH,600637,东方明珠,19940311,5.21,5.5,4.83,5.4,5.1,0.3,5.88,13652.0,7028.0,702.8,7.028,0.07028
600637.SH,600637,东方明珠,19940314,5.9,5.98,5.0,5.96,5.4,0.56,10.37,36067.0,20587.0,2058.7,20.587,0.20587
600637.SH,600637,东方明珠,19940315,5.96,5.96,5.5,5.5,5.96,-0.46,-7.72,12939.0,7364.0,736.4,7.364,0.07364
600637.SH,600637,东方明珠,19940316,5.4,5.49,5.2,5.44,5.5,-0.06,-1.09,5948.0,3205.0,320.5,3.205,0.03205
600637.SH,600637,东方明珠,19940317,5.66,5.66,5.3,5.37,5.44,-0.07,-1.29,7127.0,3936.0,393.6,3.936,0.03936
600637.SH,600637,东方明珠,19940318,5.31,5.37,5.01,5.1,5.37,-0.27,-5.03,6126.0,3162.0,316.2,3.162,0.03162
600637.SH,600637,东方明珠,19940321,5.02,5.08,4.9,4.95,5.1,-0.15,-2.94,2919.0,1458.0,145.8,1.4580000000000002,0.01458
600637.SH,600637,东方明珠,19940322,4.9,5.06,4.82,5.02,4.95,0.07,1.41,2037.0,1004.254,100.4254,1.004254,0.0100425399999999
600637.SH,600637,东方明珠,19940323,5.04,5.55,4.95,5.03,5.02,0.01,0.2,9173.0,4789.786,478.9786,4.789786,0.04789786
600637.SH,600637,东方明珠,19940324,5.05,5.3,4.95,4.95,5.03,-0.08,-1.59,3503.0,1766.354,176.6354,1.766354,0.01766354
600637.SH,600637,东方明珠,19940325,5.0,5.1,4.96,5.05,4.95,0.1,2.02,4102.0,2061.438,206.1438,2.061438,0.0206143799999999
600637.SH,600637,东方明珠,19940328,4.99,5.32,4.96,5.18,5.05,0.13,2.57,11890.0,6157.671,615.7671,6.157671000000001,0.06157671
600637.SH,600637,东方明珠,19940329,5.25,5.35,5.1,5.1,5.18,-0.08,-1.54,6211.0,3229.882,322.9882,3.229882,0.03229882
600637.SH,600637,东方明珠,19940330,5.19,5.2,5.08,5.13,5.1,0.03,0.59,4864.0,2498.046,249.8046,2.498046,0.02498046
600637.SH,600637,东方明珠,19940331,5.18,5.37,5.13,5.25,5.13,0.12,2.34,13942.0,7349.462,734.9462000000001,7.349462000000001,0.07349462
600637.SH,600637,东方明珠,19940401,5.37,5.5,5.21,5.34,5.25,0.09,1.71,21605.0,11578.034,1157.8034,11.578034,0.11578034
600637.SH,600637,东方明珠,19940404,5.5,5.73,5.45,5.64,5.34,0.3,5.62,35832.0,19992.61,1999.261,19.99261,0.1999261
600637.SH,600637,东方明珠,19940405,5.65,5.73,5.28,5.45,5.64,-0.19,-3.37,21342.0,11797.659,1179.7659,11.797659,0.1179765899999999
600637.SH,600637,东方明珠,19940406,5.35,5.48,5.19,5.37,5.45,-0.08,-1.47,6769.0,3600.352,360.0352,3.600352,0.03600352
600637.SH,600637,东方明珠,19940407,5.4,5.65,5.4,5.4,5.37,0.03,0.56,21529.0,11908.63,1190.8629999999998,11.90863,0.1190862999999999
600637.SH,600637,东方明珠,19940411,5.4,5.45,5.23,5.3,5.4,-0.1,-1.85,6615.0,3526.311,352.6311,3.526311,0.03526311
600637.SH,600637,东方明珠,19940412,5.23,5.45,5.18,5.38,5.3,0.08,1.51,14260.0,7563.676,756.3676,7.563676,0.07563676
600637.SH,600637,东方明珠,19940414,5.08,5.19,4.89,5.0,5.38,-0.38,-7.06,11653.0,5861.626,586.1626,5.861626,0.05861626
600637.SH,600637,东方明珠,19940415,4.9,4.9,4.53,4.78,5.0,-0.22,-4.4,5790.0,2719.231,271.92310000000003,2.719231,0.02719231
600637.SH,600637,东方明珠,19940418,4.77,4.77,4.5,4.52,4.78,-0.26,-5.44,3127.0,1438.589,143.8589,1.438589,0.01438589
600637.SH,600637,东方明珠,19940419,4.45,4.48,4.1,4.15,4.52,-0.37,-8.19,3123.0,1355.01,135.501,1.35501,0.0135501
600637.SH,600637,东方明珠,19940420,4.01,4.1,3.82,3.92,4.15,-0.23,-5.54,5305.0,2113.011,211.3011,2.113011,0.0211301099999999
600637.SH,600637,东方明珠,19940421,3.8,4.29,3.76,4.26,3.92,0.34,8.67,8776.0,3556.993,355.6993,3.556993,0.03556993
600637.SH,600637,东方明珠,19940422,4.3,4.44,3.98,4.02,4.26,-0.24,-5.63,9796.0,4148.879,414.8879,4.148879,0.04148879
600637.SH,600637,东方明珠,19940425,3.95,3.98,3.8,3.88,4.02,-0.14,-3.48,2562.0,998.491,99.8491,0.998491,0.00998491
600637.SH,600637,东方明珠,19940426,3.95,4.15,3.95,4.1,3.88,0.22,5.67,4231.0,1728.847,172.8847,1.728847,0.01728847
600637.SH,600637,东方明珠,19940427,4.2,4.24,4.08,4.19,4.1,0.09,2.2,4392.0,1822.42,182.242,1.82242,0.0182242
600637.SH,600637,东方明珠,19940428,4.22,4.36,4.11,4.25,4.19,0.06,1.43,9756.0,4167.107,416.7107,4.167107,0.04167107
600637.SH,600637,东方明珠,19940429,4.22,4.58,4.2,4.31,4.25,0.06,1.41,11078.0,4821.475,482.1475,4.821475,0.04821475
600637.SH,600637,东方明珠,19940503,4.35,4.38,4.21,4.3,4.13,0.17,4.12,5984.0,2578.23,257.823,2.57823,0.0257822999999999
600637.SH,600637,东方明珠,19940504,4.35,4.38,4.25,4.34,4.3,0.04,0.93,4668.0,2015.602,201.5602,2.015602,0.02015602
600637.SH,600637,东方明珠,19940505,4.28,4.29,4.01,4.1,4.34,-0.24,-5.53,4836.0,1985.482,198.5482,1.985482,0.01985482
600637.SH,600637,东方明珠,19940506,4.0,4.07,3.85,3.95,4.1,-0.15,-3.66,2663.0,1052.615,105.2615,1.052615,0.01052615
600637.SH,600637,东方明珠,19940509,4.0,4.0,3.89,3.9,3.95,-0.05,-1.27,2012.0,790.336,79.0336,0.790336,0.00790336
600637.SH,600637,东方明珠,19940510,3.92,4.06,3.9,4.02,3.9,0.12,3.08,2405.0,954.025,95.4025,0.954025,0.00954025
600637.SH,600637,东方明珠,19940511,4.06,4.08,3.95,3.98,4.02,-0.04,-1.0,2503.0,1008.86,100.886,1.00886,0.0100885999999999
600637.SH,600637,东方明珠,19940512,3.9,3.94,3.81,3.91,3.98,-0.07,-1.76,1521.0,591.325,59.13250000000001,0.5913250000000001,0.00591325
600637.SH,600637,东方明珠,19940513,3.86,3.96,3.86,3.95,3.91,0.04,1.02,1818.0,710.862,71.08619999999999,0.7108619999999999,0.0071086199999999
600637.SH,600637,东方明珠,19940516,4.0,4.05,3.88,3.96,3.95,0.01,0.25,1706.0,679.214,67.9214,0.6792140000000001,0.00679214
600637.SH,600637,东方明珠,19940517,3.92,3.99,3.92,3.97,3.96,0.01,0.25,839.0,331.699,33.1699,0.3316989999999999,0.0033169899999999
600637.SH,600637,东方明珠,19940518,3.95,3.97,3.87,3.87,3.97,-0.1,-2.52,1134.0,442.829,44.2829,0.442829,0.00442829
600637.SH,600637,东方明珠,19940519,3.88,3.89,3.81,3.88,3.87,0.01,0.26,1009.0,389.629,38.962900000000005,0.389629,0.00389629
600637.SH,600637,东方明珠,19940520,3.95,3.95,3.82,3.9,3.88,0.02,0.52,1023.0,397.623,39.7623,0.3976229999999999,0.00397623
600637.SH,600637,东方明珠,19940523,3.79,3.86,3.77,3.82,3.9,-0.08,-2.05,2226.0,850.401,85.0401,0.850401,0.00850401
600637.SH,600637,东方明珠,19940524,3.82,3.9,3.8,3.86,3.82,0.04,1.05,1714.0,658.404,65.8404,0.658404,0.00658404
600637.SH,600637,东方明珠,19940525,3.9,4.04,3.9,3.96,3.86,0.1,2.59,6504.0,2582.235,258.2235,2.582235,0.0258223499999999
600637.SH,600637,东方明珠,19940526,3.98,3.99,3.85,3.91,3.96,-0.05,-1.26,3749.0,1468.204,146.8204,1.468204,0.01468204
600637.SH,600637,东方明珠,19940527,3.89,3.97,3.85,3.92,3.91,0.01,0.26,3033.0,1183.186,118.3186,1.1831859999999998,0.0118318599999999
600637.SH,600637,东方明珠,19940530,3.89,3.91,3.85,3.86,3.92,-0.06,-1.53,5027.0,1951.659,195.1659,1.9516590000000005,0.01951659
600637.SH,600637,东方明珠,19940531,3.87,3.89,3.8,3.87,3.86,0.01,0.26,1825.0,704.367,70.4367,0.704367,0.0070436699999999
600637.SH,600637,东方明珠,19940601,3.87,3.9,3.83,3.88,3.87,0.01,0.26,1908.0,738.051,73.80510000000001,0.7380510000000001,0.00738051
600637.SH,600637,东方明珠,19940602,3.88,4.09,3.81,4.07,3.88,0.19,4.9,10463.0,4164.211,416.4211,4.164211,0.0416421099999999
600637.SH,600637,东方明珠,19940603,4.07,4.18,3.98,4.08,4.07,0.01,0.25,20242.0,8298.156,829.8156000000001,8.298156,0.08298156
600637.SH,600637,东方明珠,19940606,4.09,4.17,4.04,4.1,4.08,0.02,0.49,11586.0,4761.07,476.107,4.76107,0.0476107
600637.SH,600637,东方明珠,19940607,4.09,4.09,3.99,4.07,4.1,-0.03,-0.73,5950.0,2401.829,240.1829,2.401829,0.02401829
600637.SH,600637,东方明珠,19940608,4.01,4.16,3.99,4.13,4.07,0.06,1.47,9878.0,4039.851,403.9851,4.039851,0.04039851
600637.SH,600637,东方明珠,19940609,4.1,4.13,3.99,4.03,4.13,-0.1,-2.42,4739.0,1919.957,191.9957,1.919957,0.01919957
600637.SH,600637,东方明珠,19940610,3.95,4.03,3.87,3.93,4.03,-0.1,-2.48,6129.0,2410.104,241.0104,2.410104,0.0241010399999999
600637.SH,600637,东方明珠,19940613,3.8,3.8,3.67,3.7,3.93,-0.23,-5.85,1939.0,723.92,72.392,0.72392,0.0072392
600637.SH,600637,东方明珠,19940614,3.7,3.76,3.59,3.72,3.7,0.02,0.54,1900.0,695.788,69.5788,0.695788,0.00695788
600637.SH,600637,东方明珠,19940615,3.68,3.78,3.64,3.74,3.72,0.02,0.54,1642.0,611.45,61.145,0.61145,0.0061145
600637.SH,600637,东方明珠,19940616,3.7,3.78,3.66,3.77,3.74,0.03,0.8,1541.0,573.748,57.37480000000001,0.573748,0.00573748
600637.SH,600637,东方明珠,19940617,3.78,3.95,3.7,3.9,3.77,0.13,3.45,4893.0,1873.741,187.3741,1.873741,0.01873741
600637.SH,600637,东方明珠,19940620,3.88,3.92,3.69,3.75,3.9,-0.15,-3.85,3214.0,1224.159,122.4159,1.224159,0.01224159
600637.SH,600637,东方明珠,19940621,3.69,3.77,3.68,3.72,3.75,-0.03,-0.8,1431.0,532.181,53.21810000000001,0.532181,0.00532181
600637.SH,600637,东方明珠,19940622,3.75,3.8,3.7,3.78,3.72,0.06,1.61,798.0,299.596,29.9596,0.299596,0.00299596
600637.SH,600637,东方明珠,19940623,3.78,3.79,3.7,3.73,3.78,-0.05,-1.32,1341.0,500.513,50.0513,0.500513,0.00500513
600637.SH,600637,东方明珠,19940624,3.7,3.74,3.64,3.7,3.73,-0.03,-0.8,1562.0,575.26,57.526,0.57526,0.0057526
600637.SH,600637,东方明珠,19940627,3.61,3.61,3.33,3.51,3.7,-0.19,-5.14,2273.0,791.618,79.1618,0.791618,0.00791618
600637.SH,600637,东方明珠,19940628,3.5,3.53,3.45,3.5,3.51,-0.01,-0.28,522.0,181.629,18.1629,0.181629,0.00181629
600637.SH,600637,东方明珠,19940629,3.5,3.52,3.44,3.5,3.5,0.0,0.0,573.0,200.309,20.0309,0.200309,0.00200309
600637.SH,600637,东方明珠,19940630,3.43,3.5,3.37,3.5,3.5,0.0,0.0,898.0,307.939,30.7939,0.307939,0.00307939
600637.SH,600637,东方明珠,19940701,3.49,3.49,3.38,3.38,3.5,-0.12,-3.43,361.0,123.331,12.3331,0.123331,0.00123331
600637.SH,600637,东方明珠,19940704,3.35,3.38,3.28,3.28,3.38,-0.1,-2.96,2230.0,742.857,74.28569999999999,0.7428569999999999,0.0074285699999999
600637.SH,600637,东方明珠,19940705,3.29,3.51,3.29,3.41,3.28,0.13,3.96,1142.0,384.843,38.484300000000005,0.384843,0.00384843
600637.SH,600637,东方明珠,19940706,3.39,3.41,3.32,3.35,3.41,-0.06,-1.76,788.0,265.022,26.5022,0.265022,0.00265022
600637.SH,600637,东方明珠,19940707,3.31,3.35,3.28,3.34,3.35,-0.01,-0.3,1032.0,341.785,34.1785,0.341785,0.00341785
600637.SH,600637,东方明珠,19940708,3.34,3.4,3.28,3.4,3.34,0.06,1.8,1360.0,454.835,45.4835,0.454835,0.00454835
600637.SH,600637,东方明珠,19940711,3.39,3.39,3.3,3.38,3.4,-0.02,-0.59,1232.0,412.278,41.2278,0.412278,0.00412278
600637.SH,600637,东方明珠,19940712,3.35,3.38,3.33,3.38,3.38,0.0,0.0,468.0,157.084,15.7084,0.157084,0.00157084
600637.SH,600637,东方明珠,19940713,3.38,3.42,3.36,3.4,3.38,0.02,0.59,1152.0,391.009,39.1009,0.391009,0.00391009
600637.SH,600637,东方明珠,19940714,3.41,3.42,3.31,3.38,3.4,-0.02,-0.59,1086.0,367.586,36.7586,0.367586,0.00367586
600637.SH,600637,东方明珠,19940715,3.38,3.38,3.25,3.32,3.38,-0.06,-1.78,1435.0,473.921,47.3921,0.473921,0.00473921
600637.SH,600637,东方明珠,19940718,3.25,3.25,3.08,3.15,3.32,-0.17,-5.12,552.0,172.523,17.252299999999998,0.1725229999999999,0.00172523
600637.SH,600637,东方明珠,19940719,3.17,3.17,3.06,3.15,3.15,0.0,0.0,693.0,214.73,21.473,0.2147299999999999,0.0021472999999999
600637.SH,600637,东方明珠,19940720,3.1,3.11,3.05,3.09,3.15,-0.06,-1.9,413.0,127.348,12.7348,0.127348,0.0012734799999999
600637.SH,600637,东方明珠,19940721,3.05,3.07,2.95,2.97,3.09,-0.12,-3.88,709.0,212.886,21.2886,0.212886,0.0021288599999999
600637.SH,600637,东方明珠,19940722,2.95,2.97,2.76,2.77,2.97,-0.2,-6.73,1467.0,421.328,42.1328,0.421328,0.00421328
600637.SH,600637,东方明珠,19940725,2.7,2.91,2.45,2.87,2.77,0.1,3.61,9598.0,2649.182,264.9182,2.649182,0.0264918199999999
600637.SH,600637,东方明珠,19940726,2.86,2.95,2.65,2.92,2.87,0.05,1.74,3408.0,968.194,96.8194,0.968194,0.00968194
600637.SH,600637,东方明珠,19940727,2.92,2.98,2.7,2.78,2.92,-0.14,-4.79,3335.0,970.849,97.0849,0.970849,0.00970849
600637.SH,600637,东方明珠,19940728,2.73,2.73,2.45,2.51,2.78,-0.27,-9.71,2383.0,614.337,61.4337,0.614337,0.00614337
600637.SH,600637,东方明珠,19940729,2.44,2.5,2.28,2.4,2.51,-0.11,-4.38,1997.0,470.345,47.0345,0.470345,0.00470345
600637.SH,600637,东方明珠,19940801,2.8,3.8,2.72,3.8,2.4,1.4,58.33,17041.0,5359.091,535.9091000000001,5.359091000000001,0.05359091
600637.SH,600637,东方明珠,19940802,3.75,4.1,3.28,3.5,3.8,-0.3,-7.89,36219.0,13635.206,1363.5206,13.635206,0.13635206
600637.SH,600637,东方明珠,19940803,3.35,4.12,3.32,4.12,3.5,0.62,17.71,29732.0,11191.785,1119.1785,11.191785,0.11191785
600637.SH,600637,东方明珠,19940804,4.31,4.48,3.99,4.29,4.12,0.17,4.13,78551.0,33383.259,3338.3259,33.383258999999995,0.3338325899999999
600637.SH,600637,东方明珠,19940805,4.36,5.31,4.36,5.2,4.29,0.91,21.21,79890.0,38483.574,3848.3574,38.483574,0.38483574
600637.SH,600637,东方明珠,19940808,5.45,5.9,4.3,5.3,5.2,0.1,1.92,65738.0,35615.816,3561.5816,35.615816,0.35615816
600637.SH,600637,东方明珠,19940809,5.35,5.35,4.31,4.42,5.3,-0.88,-16.6,29667.0,14378.803,1437.8803,14.378803,0.1437880299999999
600637.SH,600637,东方明珠,19940810,4.42,5.48,4.12,5.47,4.42,1.05,23.76,44567.0,21271.927,2127.1927,21.271927,0.21271927
600637.SH,600637,东方明珠,19940811,5.6,5.69,4.84,5.0,5.47,-0.47,-8.59,61769.0,33251.571,3325.1571000000004,33.251571000000006,0.3325157100000001
600637.SH,600637,东方明珠,19940812,4.84,5.38,4.79,5.06,5.0,0.06,1.2,24774.0,12628.232,1262.8232,12.628232,0.12628232
600637.SH,600637,东方明珠,19940815,4.81,5.0,4.68,4.75,5.06,-0.31,-6.13,14128.0,6858.805,685.8805,6.858805,0.06858805
600637.SH,600637,东方明珠,19940816,4.82,5.15,4.75,4.98,4.75,0.23,4.84,16790.0,8394.382,839.4381999999999,8.394382,0.08394382
600637.SH,600637,东方明珠,19940817,5.1,5.17,4.95,5.14,4.98,0.16,3.21,15508.0,7861.144,786.1144,7.861144,0.07861144
600637.SH,600637,东方明珠,19940818,5.15,5.5,5.01,5.3,5.14,0.16,3.11,51152.0,27290.104,2729.0104,27.290104,0.27290104
600637.SH,600637,东方明珠,19940819,5.3,5.37,4.9,5.07,5.3,-0.23,-4.34,22947.0,11855.294,1185.5294,11.855294,0.11855294
600637.SH,600637,东方明珠,19940822,4.71,4.94,4.61,4.75,5.07,-0.32,-6.31,10429.0,4990.344,499.0344,4.990344,0.04990344
600637.SH,600637,东方明珠,19940823,4.91,4.98,4.65,4.98,4.75,0.23,4.84,7784.0,3730.321,373.0321,3.730321,0.03730321
600637.SH,600637,东方明珠,19940824,5.0,5.35,4.98,5.11,4.98,0.13,2.61,21447.0,11201.889,1120.1889,11.201889,0.11201889
600637.SH,600637,东方明珠,19940825,5.2,5.21,4.88,5.05,5.11,-0.06,-1.17,11409.0,5794.385,579.4385,5.794385,0.05794385
600637.SH,600637,东方明珠,19940826,5.05,5.1,4.8,4.88,5.05,-0.17,-3.37,9141.0,4552.266,455.2266,4.552266,0.0455226599999999
600637.SH,600637,东方明珠,19940829,4.92,5.1,4.83,4.92,4.88,0.04,0.82,9343.0,4656.784,465.6784,4.656783999999999,0.0465678399999999
600637.SH,600637,东方明珠,19940830,4.97,5.25,4.94,5.0,4.92,0.08,1.63,18104.0,9160.018,916.0018,9.160018,0.09160018
600637.SH,600637,东方明珠,19940831,5.21,5.4,5.13,5.37,5.0,0.37,7.4,43981.0,23171.784,2317.1784,23.171784,0.2317178399999999
600637.SH,600637,东方明珠,19940901,5.5,5.68,5.35,5.35,5.37,-0.02,-0.37,41420.0,22875.25,2287.525,22.87525,0.2287525
600637.SH,600637,东方明珠,19940902,5.35,5.5,5.22,5.5,5.35,0.15,2.8,18374.0,9821.891,982.1891,9.821891,0.0982189099999999
600637.SH,600637,东方明珠,19940905,5.74,6.49,5.55,6.26,5.5,0.76,13.82,75372.0,45205.617,4520.5617,45.205617,0.45205617
600637.SH,600637,东方明珠,19940906,6.5,6.65,5.77,6.4,6.26,0.14,2.24,63703.0,40030.945,4003.0945,40.030945,0.40030945
600637.SH,600637,东方明珠,19940907,6.35,7.27,5.8,6.11,6.4,-0.29,-4.53,107154.0,72290.859,7229.0859,72.290859,0.72290859
600637.SH,600637,东方明珠,19940908,6.46,6.59,6.2,6.35,6.11,0.24,3.93,36177.0,23295.002,2329.5002,23.295002,0.23295002
600637.SH,600637,东方明珠,19940909,6.58,6.8,6.18,6.35,6.35,0.0,0.0,41684.0,27319.09,2731.909,27.319090000000003,0.2731909
600637.SH,600637,东方明珠,19940912,6.7,7.3,6.59,7.2,6.35,0.85,13.39,86680.0,60821.09,6082.109,60.82109,0.6082109
600637.SH,600637,东方明珠,19940913,7.42,8.18,7.3,7.75,7.2,0.55,7.64,112373.0,86774.047,8677.404700000001,86.77404700000001,0.8677404700000001
600637.SH,600637,东方明珠,19940914,7.85,7.88,7.0,7.04,7.75,-0.71,-9.16,44155.0,32628.239,3262.8239000000003,32.628239,0.32628239
600637.SH,600637,东方明珠,19940915,7.1,7.29,6.58,7.1,7.04,0.06,0.85,24121.0,16632.731,1663.2731,16.632731,0.16632731
600637.SH,600637,东方明珠,19940916,7.03,7.25,6.75,7.07,7.1,-0.03,-0.42,20146.0,14089.769,1408.9769,14.089769,0.14089769
600637.SH,600637,东方明珠,19940919,6.88,6.95,6.51,6.58,7.07,-0.49,-6.93,15205.0,10241.546,1024.1546,10.241546,0.10241546
600637.SH,600637,东方明珠,19940920,6.5,6.58,6.12,6.3,6.58,-0.28,-4.26,14147.0,8924.723,892.4723,8.924723,0.08924723
600637.SH,600637,东方明珠,19940921,6.3,7.0,6.3,6.99,6.3,0.69,10.95,23762.0,15845.635,1584.5635,15.845635,0.15845635
600637.SH,600637,东方明珠,19940922,7.08,7.39,6.5,6.53,6.99,-0.46,-6.58,52753.0,37619.004,3761.9004,37.619004,0.3761900399999999
600637.SH,600637,东方明珠,19940923,6.5,6.7,6.3,6.37,6.53,-0.16,-2.45,27851.0,18094.681,1809.4681,18.094681,0.18094681
600637.SH,600637,东方明珠,19940926,6.21,6.6,6.08,6.59,6.37,0.22,3.45,17776.0,11330.704,1133.0704,11.330704,0.11330704
600637.SH,600637,东方明珠,19940927,6.55,6.55,6.35,6.41,6.59,-0.18,-2.73,9228.0,5973.173,597.3172999999999,5.973172999999999,0.0597317299999999
600637.SH,600637,东方明珠,19940928,6.46,6.74,6.46,6.7,6.41,0.29,4.52,18240.0,12067.182,1206.7182,12.067182,0.12067182
600637.SH,600637,东方明珠,19940929,6.78,6.78,5.87,6.03,6.7,-0.67,-10.0,16158.0,10164.454,1016.4454,10.164454,0.1016445399999999
600637.SH,600637,东方明珠,19940930,5.84,5.95,5.41,5.45,6.03,-0.58,-9.62,18204.0,10294.358,1029.4358,10.294358,0.1029435799999999
600637.SH,600637,东方明珠,19941005,5.28,5.36,4.61,4.72,5.45,-0.73,-13.39,17338.0,8595.631,859.5631,8.595631,0.08595631
600637.SH,600637,东方明珠,19941006,5.0,5.17,4.29,4.4,4.72,-0.32,-6.78,12606.0,6182.198,618.2198000000001,6.1821980000000005,0.06182198
600637.SH,600637,东方明珠,19941007,4.2,6.0,3.51,5.1,4.4,0.7,15.91,26269.0,11248.957,1124.8957,11.248957,0.11248957
600637.SH,600637,东方明珠,19941010,4.52,5.1,4.5,4.9,5.1,-0.2,-3.92,21246.0,10374.271,1037.4271,10.374271,0.10374271
600637.SH,600637,东方明珠,19941011,4.98,5.0,4.82,4.91,4.9,0.01,0.2,7918.0,3895.244,389.5244,3.895244,0.03895244
600637.SH,600637,东方明珠,19941012,4.92,4.99,4.77,4.88,4.91,-0.03,-0.61,5928.0,2917.434,291.7434,2.917434,0.02917434
600637.SH,600637,东方明珠,19941013,4.98,5.16,4.28,4.45,4.88,-0.43,-8.81,37652.0,18520.294,1852.0294,18.520294,0.18520294
600637.SH,600637,东方明珠,19941014,4.21,4.83,4.02,4.63,4.45,0.18,4.04,20294.0,9067.775,906.7775,9.067775,0.0906777499999999
600637.SH,600637,东方明珠,19941017,4.2,4.38,4.19,4.2,4.63,-0.43,-9.29,6495.0,2785.073,278.5073,2.785073,0.0278507299999999
600637.SH,600637,东方明珠,19941018,4.36,4.36,4.15,4.21,4.2,0.01,0.24,3892.0,1648.406,164.8406,1.648406,0.01648406
600637.SH,600637,东方明珠,19941019,4.23,4.59,4.23,4.48,4.21,0.27,6.41,8402.0,3703.876,370.3876,3.703876,0.03703876
600637.SH,600637,东方明珠,19941020,4.58,4.97,4.51,4.9,4.48,0.42,9.38,25463.0,12066.54,1206.654,12.06654,0.1206653999999999
600637.SH,600637,东方明珠,19941021,5.0,5.15,4.7,4.81,4.9,-0.09,-1.84,37759.0,18875.422,1887.5422,18.875422,0.18875422
600637.SH,600637,东方明珠,19941024,5.08,5.58,4.95,5.5,4.81,0.69,14.35,37671.0,19494.64,1949.464,19.49464,0.1949464
600637.SH,600637,东方明珠,19941025,5.58,5.58,5.08,5.11,5.5,-0.39,-7.09,33309.0,17778.526,1777.8526000000002,17.778526000000003,0.17778526
600637.SH,600637,东方明珠,19941026,4.9,4.98,4.6,4.68,5.11,-0.43,-8.41,16263.0,7733.719,773.3719,7.733719,0.07733719
600637.SH,600637,东方明珠,19941027,4.65,4.85,4.55,4.77,4.68,0.09,1.92,7314.0,3445.414,344.5414,3.445414,0.03445414
600637.SH,600637,东方明珠,19941028,4.7,4.95,4.65,4.66,4.77,-0.11,-2.31,8258.0,3938.718,393.8718,3.938718,0.03938718
600637.SH,600637,东方明珠,19941031,4.46,4.59,4.34,4.52,4.66,-0.14,-3.0,5388.0,2431.714,243.1714,2.431714,0.02431714
600637.SH,600637,东方明珠,19941101,4.56,4.75,4.56,4.72,4.52,0.2,4.42,4208.0,1961.748,196.1748,1.961748,0.01961748
600637.SH,600637,东方明珠,19941102,4.69,4.7,4.62,4.65,4.72,-0.07,-1.48,2219.0,1036.926,103.6926,1.036926,0.01036926
600637.SH,600637,东方明珠,19941103,4.71,5.15,4.7,5.08,4.65,0.43,9.25,19037.0,9482.345,948.2345,9.482345,0.0948234499999999
600637.SH,600637,东方明珠,19941104,5.07,5.07,4.6,4.67,5.08,-0.41,-8.07,12274.0,5872.302,587.2302,5.872302,0.0587230199999999
600637.SH,600637,东方明珠,19941107,4.5,4.72,4.45,4.68,4.67,0.01,0.21,4953.0,2294.445,229.4445,2.294445,0.02294445
600637.SH,600637,东方明珠,19941108,4.88,5.18,4.73,4.86,4.68,0.18,3.85,21343.0,10641.918,1064.1918,10.641918,0.10641918
600637.SH,600637,东方明珠,19941109,4.76,4.97,4.7,4.92,4.86,0.06,1.23,9105.0,4436.194,443.6194,4.436194,0.04436194
600637.SH,600637,东方明珠,19941110,5.1,5.14,4.78,4.82,4.92,-0.1,-2.03,10844.0,5354.095,535.4095,5.354095,0.05354095
600637.SH,600637,东方明珠,19941111,4.95,4.95,4.71,4.94,4.82,0.12,2.49,5338.0,2578.56,257.856,2.57856,0.0257856
600637.SH,600637,东方明珠,19941114,4.98,5.05,4.8,4.94,4.94,0.0,0.0,8152.0,4054.0,405.4,4.053999999999999,0.0405399999999999
600637.SH,600637,东方明珠,19941115,4.8,4.9,4.78,4.79,4.94,-0.15,-3.04,5838.0,2810.702,281.0702,2.810702,0.02810702
600637.SH,600637,东方明珠,19941116,4.78,4.82,4.68,4.78,4.79,-0.01,-0.21,3394.0,1608.036,160.80360000000002,1.6080360000000002,0.01608036
600637.SH,600637,东方明珠,19941117,4.7,4.79,4.7,4.71,4.78,-0.07,-1.46,1589.0,753.652,75.3652,0.753652,0.00753652
600637.SH,600637,东方明珠,19941118,4.65,4.69,4.58,4.68,4.71,-0.03,-0.64,4341.0,2010.688,201.0688,2.010688,0.02010688
600637.SH,600637,东方明珠,19941121,4.75,4.75,4.61,4.68,4.68,0.0,0.0,1067.0,500.977,50.0977,0.500977,0.00500977
600637.SH,600637,东方明珠,19941122,4.75,4.75,4.63,4.63,4.68,-0.05,-1.07,1411.0,657.967,65.7967,0.657967,0.0065796699999999
600637.SH,600637,东方明珠,19941123,4.63,4.63,4.48,4.52,4.63,-0.11,-2.38,4230.0,1911.856,191.1856,1.911856,0.01911856
600637.SH,600637,东方明珠,19941124,4.5,4.58,4.42,4.52,4.52,0.0,0.0,1915.0,864.211,86.4211,0.864211,0.00864211
600637.SH,600637,东方明珠,19941125,4.76,4.78,4.58,4.65,4.52,0.13,2.88,2163.0,1005.167,100.5167,1.005167,0.0100516699999999
600637.SH,600637,东方明珠,19941128,4.6,4.6,4.51,4.59,4.65,-0.06,-1.29,997.0,455.477,45.5477,0.4554769999999999,0.00455477
600637.SH,600637,东方明珠,19941129,4.45,4.6,4.42,4.6,4.59,0.01,0.22,918.0,415.465,41.5465,0.415465,0.0041546499999999
600637.SH,600637,东方明珠,19941130,4.59,4.65,4.51,4.58,4.6,-0.02,-0.43,1514.0,697.051,69.7051,0.697051,0.00697051
600637.SH,600637,东方明珠,19941201,4.54,4.6,4.54,4.57,4.58,-0.01,-0.22,742.0,340.35,34.035000000000004,0.34035,0.0034035
600637.SH,600637,东方明珠,19941202,4.6,4.64,4.54,4.54,4.57,-0.03,-0.66,721.0,329.32,32.932,0.32932,0.0032932
600637.SH,600637,东方明珠,19941205,4.51,4.55,4.45,4.47,4.54,-0.07,-1.54,990.0,445.415,44.5415,0.445415,0.00445415
600637.SH,600637,东方明珠,19941206,4.4,4.44,4.35,4.37,4.47,-0.1,-2.24,1500.0,659.672,65.9672,0.659672,0.00659672
600637.SH,600637,东方明珠,19941207,4.4,4.49,4.36,4.38,4.37,0.01,0.23,687.0,302.064,30.2064,0.302064,0.00302064
600637.SH,600637,东方明珠,19941208,4.37,4.37,4.31,4.32,4.38,-0.06,-1.37,870.0,377.186,37.7186,0.3771859999999999,0.0037718599999999
600637.SH,600637,东方明珠,19941209,4.2,4.58,4.2,4.35,4.32,0.03,0.69,1206.0,519.914,51.9914,0.519914,0.00519914
600637.SH,600637,东方明珠,19941212,4.3,4.36,4.15,4.2,4.35,-0.15,-3.45,1260.0,530.851,53.0851,0.530851,0.00530851
600637.SH,600637,东方明珠,19941213,4.38,4.38,4.08,4.29,4.2,0.09,2.14,2706.0,1147.606,114.7606,1.147606,0.01147606
600637.SH,600637,东方明珠,19941214,4.25,4.28,4.17,4.22,4.29,-0.07,-1.63,966.0,407.248,40.7248,0.407248,0.00407248
600637.SH,600637,东方明珠,19941215,4.2,4.55,4.2,4.5,4.22,0.28,6.64,3656.0,1619.599,161.9599,1.619599,0.01619599
600637.SH,600637,东方明珠,19941216,4.48,4.68,4.4,4.52,4.5,0.02,0.44,10267.0,4703.332,470.3332,4.7033320000000005,0.04703332
600637.SH,600637,东方明珠,19941219,4.55,4.6,4.3,4.32,4.52,-0.2,-4.42,2819.0,1257.974,125.7974,1.257974,0.0125797399999999
600637.SH,600637,东方明珠,19941220,4.36,4.42,4.3,4.33,4.32,0.01,0.23,2851.0,1240.805,124.0805,1.240805,0.0124080499999999
600637.SH,600637,东方明珠,19941221,4.4,4.56,4.34,4.34,4.33,0.01,0.23,5774.0,2577.766,257.77660000000003,2.5777660000000004,0.02577766
600637.SH,600637,东方明珠,19941222,4.36,4.38,4.2,4.25,4.34,-0.09,-2.07,2690.0,1151.052,115.1052,1.151052,0.01151052
600637.SH,600637,东方明珠,19941223,4.21,4.44,4.21,4.27,4.25,0.02,0.47,4712.0,2029.052,202.9052,2.029052,0.0202905199999999
600637.SH,600637,东方明珠,19941226,4.25,4.35,4.2,4.21,4.27,-0.06,-1.41,2350.0,998.967,99.8967,0.998967,0.0099896699999999
600637.SH,600637,东方明珠,19941227,4.25,4.29,4.16,4.18,4.21,-0.03,-0.71,3761.0,1580.875,158.0875,1.580875,0.01580875
600637.SH,600637,东方明珠,19941228,4.2,4.25,4.11,4.15,4.18,-0.03,-0.72,1925.0,798.091,79.8091,0.798091,0.00798091
600637.SH,600637,东方明珠,19941229,4.15,4.18,4.08,4.1,4.15,-0.05,-1.2,2097.0,864.702,86.4702,0.8647020000000001,0.00864702
600637.SH,600637,东方明珠,19941230,4.1,4.12,4.08,4.1,4.1,0.0,0.0,2024.0,829.825,82.9825,0.829825,0.00829825
600637.SH,600637,东方明珠,19950103,4.0,4.1,3.81,4.01,4.1,-0.09,-2.2,504.0,202.736,20.2736,0.2027359999999999,0.0020273599999999
600637.SH,600637,东方明珠,19950104,4.01,4.18,4.0,4.15,4.01,0.14,3.49,705.0,287.658,28.7658,0.287658,0.00287658
600637.SH,600637,东方明珠,19950105,4.15,4.18,4.07,4.07,4.15,-0.08,-1.93,800.0,331.414,33.1414,0.331414,0.0033141399999999
600637.SH,600637,东方明珠,19950106,4.02,4.09,3.96,4.04,4.07,-0.03,-0.74,1390.0,557.649,55.7649,0.557649,0.00557649
600637.SH,600637,东方明珠,19950109,4.06,4.11,3.99,4.0,4.04,-0.04,-0.99,1217.0,493.01,49.301,0.49301,0.0049301
600637.SH,600637,东方明珠,19950110,3.96,3.97,3.87,3.9,4.0,-0.1,-2.5,1270.0,496.324,49.6324,0.496324,0.00496324
600637.SH,600637,东方明珠,19950111,4.1,4.1,3.85,3.93,3.9,0.03,0.77,1600.0,626.065,62.6065,0.6260650000000001,0.00626065
600637.SH,600637,东方明珠,19950112,3.98,4.05,3.85,3.87,3.93,-0.06,-1.53,1718.0,670.114,67.01140000000001,0.6701140000000001,0.00670114
600637.SH,600637,东方明珠,19950113,3.82,3.88,3.79,3.81,3.87,-0.06,-1.55,1323.0,504.761,50.4761,0.504761,0.00504761
600637.SH,600637,东方明珠,19950116,3.7,3.77,3.65,3.7,3.81,-0.11,-2.89,1057.0,391.332,39.1332,0.391332,0.00391332
600637.SH,600637,东方明珠,19950117,3.7,3.78,3.66,3.66,3.7,-0.04,-1.08,1199.0,442.85,44.285,0.44285,0.0044285
600637.SH,600637,东方明珠,19950118,3.6,3.7,3.6,3.65,3.66,-0.01,-0.27,1253.0,458.493,45.8493,0.458493,0.00458493
600637.SH,600637,东方明珠,19950119,3.66,3.74,3.5,3.51,3.65,-0.14,-3.84,1300.0,464.416,46.4416,0.464416,0.00464416
600637.SH,600637,东方明珠,19950120,3.41,3.54,3.4,3.47,3.51,-0.04,-1.14,1764.0,610.748,61.0748,0.6107480000000001,0.00610748
600637.SH,600637,东方明珠,19950123,3.38,3.45,3.38,3.4,3.47,-0.07,-2.02,1045.0,356.692,35.669200000000004,0.356692,0.00356692
600637.SH,600637,东方明珠,19950124,3.4,3.46,3.35,3.37,3.4,-0.03,-0.88,870.0,294.696,29.469600000000003,0.294696,0.00294696
600637.SH,600637,东方明珠,19950125,3.38,3.45,3.37,3.42,3.37,0.05,1.48,876.0,299.743,29.9743,0.299743,0.0029974299999999
600637.SH,600637,东方明珠,19950126,3.38,3.42,3.38,3.38,3.42,-0.04,-1.17,877.0,298.431,29.8431,0.298431,0.00298431
600637.SH,600637,东方明珠,19950127,3.41,3.46,3.4,3.46,3.38,0.08,2.37,1001.0,344.263,34.4263,0.344263,0.00344263
600637.SH,600637,东方明珠,19950206,3.46,3.46,3.2,3.26,3.46,-0.2,-5.78,1003.0,320.0,32.0,0.32,0.0032
600637.SH,600637,东方明珠,19950207,3.26,3.29,3.15,3.22,3.26,-0.04,-1.23,1041.0,330.0,33.0,0.33,0.0033
600637.SH,600637,东方明珠,19950208,3.2,3.28,3.2,3.26,3.22,0.04,1.24,579.0,180.0,18.0,0.18,0.0018
600637.SH,600637,东方明珠,19950209,3.26,3.4,3.26,3.38,3.26,0.12,3.68,1231.0,410.0,41.0,0.41,0.0040999999999999
600637.SH,600637,东方明珠,19950210,3.3,3.43,3.27,3.27,3.38,-0.11,-3.25,1600.0,520.0,52.0,0.52,0.0052
600637.SH,600637,东方明珠,19950213,3.25,3.33,3.25,3.31,3.27,0.04,1.22,659.0,217.257,21.7257,0.217257,0.00217257
600637.SH,600637,东方明珠,19950214,3.35,3.35,3.25,3.32,3.31,0.01,0.3,509.0,167.961,16.796100000000003,0.167961,0.00167961
600637.SH,600637,东方明珠,19950215,3.3,3.38,3.3,3.31,3.32,-0.01,-0.3,422.0,140.397,14.0397,0.140397,0.00140397
600637.SH,600637,东方明珠,19950216,3.3,3.32,3.26,3.29,3.31,-0.02,-0.6,452.0,148.719,14.8719,0.148719,0.00148719
600637.SH,600637,东方明珠,19950217,3.28,3.3,3.2,3.23,3.29,-0.06,-1.82,845.0,275.605,27.5605,0.275605,0.00275605
600637.SH,600637,东方明珠,19950220,3.32,3.6,3.28,3.28,3.23,0.05,1.55,868.0,287.721,28.7721,0.287721,0.00287721
600637.SH,600637,东方明珠,19950221,3.28,3.32,3.26,3.32,3.28,0.04,1.22,460.0,151.992,15.1992,0.151992,0.00151992
600637.SH,600637,东方明珠,19950222,3.32,3.68,3.32,3.67,3.32,0.35,10.54,6383.0,2267.943,226.7943,2.2679430000000003,0.02267943
600637.SH,600637,东方明珠,19950223,3.6,3.75,3.48,3.53,3.67,-0.14,-3.81,5591.0,2018.898,201.8898,2.018898,0.0201889799999999
600637.SH,600637,东方明珠,19950224,3.64,3.72,3.4,3.45,3.53,-0.08,-2.27,4515.0,1600.865,160.0865,1.600865,0.01600865
600637.SH,600637,东方明珠,19950227,3.68,3.74,3.48,3.5,3.45,0.05,1.45,4793.0,1721.955,172.19549999999998,1.721955,0.01721955
600637.SH,600637,东方明珠,19950228,3.47,3.49,3.35,3.37,3.5,-0.13,-3.71,1245.0,422.808,42.2808,0.422808,0.00422808
600637.SH,600637,东方明珠,19950301,3.35,3.43,3.33,3.42,3.37,0.05,1.48,965.0,326.634,32.6634,0.326634,0.00326634
600637.SH,600637,东方明珠,19950302,3.39,3.45,3.39,3.4,3.42,-0.02,-0.58,865.0,295.393,29.5393,0.2953929999999999,0.0029539299999999
600637.SH,600637,东方明珠,19950303,3.42,3.59,3.41,3.56,3.4,0.16,4.71,4100.0,1453.507,145.35070000000002,1.453507,0.01453507
600637.SH,600637,东方明珠,19950306,3.65,3.8,3.61,3.8,3.56,0.24,6.74,8908.0,3269.174,326.9174,3.269174,0.03269174
600637.SH,600637,东方明珠,19950307,3.8,3.98,3.65,3.95,3.8,0.15,3.95,14912.0,5730.0,573.0,5.73,0.0573
600637.SH,600637,东方明珠,19950308,3.9,4.09,3.8,3.97,3.95,0.02,0.51,18857.0,7506.891,750.6890999999999,7.506890999999999,0.0750689099999999
600637.SH,600637,东方明珠,19950309,4.08,4.26,4.01,4.05,3.97,0.08,2.02,39932.0,16633.327,1663.3327000000002,16.633327,0.16633327
600637.SH,600637,东方明珠,19950310,4.0,4.0,3.75,3.81,4.05,-0.24,-5.93,9674.0,3721.736,372.1736,3.721736,0.03721736
600637.SH,600637,东方明珠,19950313,3.9,3.9,3.76,3.8,3.81,-0.01,-0.26,4054.0,1545.497,154.5497,1.545497,0.01545497
600637.SH,600637,东方明珠,19950314,3.8,3.87,3.74,3.79,3.8,-0.01,-0.26,2920.0,1116.492,111.6492,1.116492,0.01116492
600637.SH,600637,东方明珠,19950315,3.83,3.84,3.55,3.62,3.79,-0.17,-4.49,3892.0,1413.1,141.31,1.4131,0.014131
600637.SH,600637,东方明珠,19950316,3.6,3.68,3.55,3.68,3.62,0.06,1.66,1992.0,719.623,71.9623,0.719623,0.00719623
600637.SH,600637,东方明珠,19950317,3.66,3.85,3.65,3.81,3.68,0.13,3.53,4205.0,1581.491,158.1491,1.581491,0.01581491
600637.SH,600637,东方明珠,19950320,3.85,3.88,3.71,3.71,3.81,-0.1,-2.62,5674.0,2174.668,217.4668,2.174668,0.02174668
600637.SH,600637,东方明珠,19950321,3.69,3.78,3.65,3.75,3.71,0.04,1.08,2027.0,753.41,75.341,0.7534099999999999,0.0075340999999999
600637.SH,600637,东方明珠,19950322,3.77,3.92,3.75,3.88,3.75,0.13,3.47,5915.0,2284.554,228.4554,2.284554,0.02284554
600637.SH,600637,东方明珠,19950323,3.94,3.94,3.84,3.86,3.88,-0.02,-0.52,8209.0,3196.342,319.6342,3.196342,0.03196342
600637.SH,600637,东方明珠,19950324,3.9,3.94,3.82,3.91,3.86,0.05,1.3,4841.0,1881.699,188.1699,1.881699,0.01881699
600637.SH,600637,东方明珠,19950327,3.95,4.05,3.92,3.98,3.91,0.07,1.79,6271.0,2498.573,249.8573,2.498573,0.0249857299999999
600637.SH,600637,东方明珠,19950328,3.95,3.98,3.86,3.92,3.98,-0.06,-1.51,3235.0,1267.751,126.7751,1.267751,0.0126775099999999
600637.SH,600637,东方明珠,19950329,3.9,3.98,3.82,3.96,3.92,0.04,1.02,2797.0,1088.906,108.8906,1.088906,0.0108890599999999
600637.SH,600637,东方明珠,19950330,4.01,4.05,3.9,3.9,3.96,-0.06,-1.52,9144.0,3655.343,365.5343,3.655343,0.03655343
600637.SH,600637,东方明珠,19950331,3.9,4.01,3.9,3.98,3.9,0.08,2.05,3258.0,1286.524,128.6524,1.286524,0.01286524
600637.SH,600637,东方明珠,19950403,4.0,4.05,3.95,4.01,3.98,0.03,0.75,9471.0,3797.185,379.7185,3.797185,0.03797185
600637.SH,600637,东方明珠,19950404,3.96,4.05,3.96,4.0,4.01,-0.01,-0.25,3967.0,1592.182,159.2182,1.592182,0.01592182
600637.SH,600637,东方明珠,19950405,4.01,4.02,3.9,3.9,4.0,-0.1,-2.5,3460.0,1371.345,137.1345,1.371345,0.01371345
600637.SH,600637,东方明珠,19950406,3.85,4.04,3.85,3.94,3.9,0.04,1.03,3072.0,1208.212,120.8212,1.208212,0.01208212
600637.SH,600637,东方明珠,19950407,3.91,4.13,3.91,4.07,3.94,0.13,3.3,15241.0,6165.462,616.5462,6.165462,0.06165462
600637.SH,600637,东方明珠,19950410,4.1,4.15,4.0,4.06,4.07,-0.01,-0.25,8128.0,3336.892,333.6892,3.336892,0.0333689199999999
600637.SH,600637,东方明珠,19950411,4.03,4.08,3.86,3.86,4.06,-0.2,-4.93,8065.0,3225.745,322.5745,3.225745,0.03225745
600637.SH,600637,东方明珠,19950412,3.85,3.93,3.85,3.88,3.86,0.02,0.52,3344.0,1299.959,129.9959,1.299959,0.01299959
600637.SH,600637,东方明珠,19950413,3.95,3.95,3.75,3.78,3.88,-0.1,-2.58,2908.0,1117.89,111.78900000000002,1.11789,0.0111789
600637.SH,600637,东方明珠,19950414,3.78,3.9,3.76,3.83,3.78,0.05,1.32,1565.0,594.327,59.4327,0.5943269999999999,0.00594327
600637.SH,600637,东方明珠,19950417,3.85,3.87,3.7,3.76,3.83,-0.07,-1.83,1288.0,488.22,48.822,0.48822,0.0048822
600637.SH,600637,东方明珠,19950418,3.8,3.8,3.71,3.72,3.76,-0.04,-1.06,1469.0,548.121,54.8121,0.548121,0.0054812099999999
600637.SH,600637,东方明珠,19950419,3.74,3.75,3.7,3.73,3.72,0.01,0.27,831.0,309.858,30.9858,0.309858,0.00309858
600637.SH,600637,东方明珠,19950420,3.8,3.83,3.75,3.83,3.73,0.1,2.68,1451.0,550.318,55.0318,0.550318,0.00550318
600637.SH,600637,东方明珠,19950421,3.82,3.91,3.8,3.81,3.83,-0.02,-0.52,2527.0,974.352,97.4352,0.974352,0.00974352
600637.SH,600637,东方明珠,19950424,3.76,3.8,3.7,3.72,3.81,-0.09,-2.36,1606.0,598.363,59.83630000000001,0.5983630000000001,0.00598363
600637.SH,600637,东方明珠,19950425,3.71,3.75,3.68,3.72,3.72,0.0,0.0,650.0,241.828,24.1828,0.241828,0.00241828
600637.SH,600637,东方明珠,19950426,3.7,3.72,3.6,3.61,3.72,-0.11,-2.96,2361.0,866.433,86.6433,0.866433,0.00866433
600637.SH,600637,东方明珠,19950427,3.45,3.55,2.51,3.38,3.61,-0.23,-6.37,4182.0,1425.665,142.5665,1.425665,0.01425665
600637.SH,600637,东方明珠,19950502,3.37,3.48,3.37,3.45,3.38,0.07,2.07,690.0,237.189,23.7189,0.2371889999999999,0.0023718899999999
600637.SH,600637,东方明珠,19950503,3.5,3.57,3.49,3.53,3.45,0.08,2.32,1189.0,420.002,42.0002,0.420002,0.00420002
600637.SH,600637,东方明珠,19950504,3.51,3.52,3.42,3.46,3.53,-0.07,-1.98,650.0,224.742,22.4742,0.224742,0.00224742
600637.SH,600637,东方明珠,19950505,3.43,3.49,3.4,3.48,3.46,0.02,0.58,842.0,289.287,28.9287,0.289287,0.00289287
600637.SH,600637,东方明珠,19950508,3.5,3.5,3.45,3.48,3.48,0.0,0.0,521.0,181.863,18.1863,0.181863,0.00181863
600637.SH,600637,东方明珠,19950509,3.49,3.52,3.46,3.51,3.48,0.03,0.86,919.0,320.528,32.052800000000005,0.320528,0.00320528
600637.SH,600637,东方明珠,19950510,3.54,3.55,3.4,3.43,3.51,-0.08,-2.28,1140.0,392.851,39.2851,0.392851,0.00392851
600637.SH,600637,东方明珠,19950511,3.44,3.49,3.44,3.48,3.43,0.05,1.46,744.0,258.056,25.8056,0.258056,0.00258056
600637.SH,600637,东方明珠,19950512,3.5,3.63,3.42,3.55,3.48,0.07,2.01,2444.0,869.492,86.94919999999999,0.8694919999999999,0.00869492
600637.SH,600637,东方明珠,19950515,3.23,3.25,3.21,3.24,3.23,0.01,0.31,688.0,222.731,22.2731,0.2227309999999999,0.0022273099999999
600637.SH,600637,东方明珠,19950516,3.27,3.28,3.24,3.24,3.24,0.0,0.0,579.0,188.777,18.8777,0.1887769999999999,0.0018877699999999
600637.SH,600637,东方明珠,19950517,3.2,3.26,3.2,3.25,3.24,0.01,0.31,513.0,166.794,16.6794,0.166794,0.00166794
600637.SH,600637,东方明珠,19950518,4.32,4.32,3.78,4.15,3.25,0.9,27.69,28262.0,11547.166,1154.7166,11.547166,0.1154716599999999
600637.SH,600637,东方明珠,19950519,4.2,5.22,4.1,5.08,4.15,0.93,22.41,46108.0,21813.769,2181.3769,21.813769,0.21813769
600637.SH,600637,东方明珠,19950522,5.96,6.47,5.58,5.95,5.08,0.87,17.13,70120.0,41817.861,4181.786099999999,41.81786099999999,0.4181786099999999
600637.SH,600637,东方明珠,19950523,5.0,5.45,4.68,4.69,5.95,-1.26,-21.18,45183.0,22907.749,2290.7749,22.907749,0.22907749
600637.SH,600637,东方明珠,19950524,4.8,4.95,4.3,4.6,4.69,-0.09,-1.92,17530.0,8064.209,806.4209,8.064209,0.08064209
600637.SH,600637,东方明珠,19950525,4.7,4.7,4.17,4.25,4.6,-0.35,-7.61,10983.0,4892.526,489.2526,4.892526,0.04892526
600637.SH,600637,东方明珠,19950526,4.1,5.15,4.01,4.5,4.25,0.25,5.88,18971.0,8263.504,826.3504,8.263504000000001,0.08263504
600637.SH,600637,东方明珠,19950529,4.4,4.4,4.18,4.3,4.5,-0.2,-4.44,8270.0,3538.697,353.8697,3.5386970000000004,0.03538697
600637.SH,600637,东方明珠,19950530,4.28,4.4,4.2,4.25,4.3,-0.05,-1.16,3645.0,1574.588,157.4588,1.574588,0.01574588
600637.SH,600637,东方明珠,19950531,4.2,4.2,4.08,4.11,4.25,-0.14,-3.29,4460.0,1840.593,184.0593,1.840593,0.01840593
600637.SH,600637,东方明珠,19950601,4.12,4.17,4.12,4.17,4.11,0.06,1.46,2626.0,1088.79,108.879,1.08879,0.0108878999999999
600637.SH,600637,东方明珠,19950602,4.17,4.3,4.15,4.26,4.17,0.09,2.16,3433.0,1463.03,146.303,1.46303,0.0146303
600637.SH,600637,东方明珠,19950605,4.26,4.3,4.08,4.08,4.26,-0.18,-4.23,4090.0,1695.428,169.5428,1.695428,0.01695428
600637.SH,600637,东方明珠,19950606,4.01,4.1,3.99,4.09,4.08,0.01,0.25,3927.0,1581.294,158.1294,1.581294,0.01581294
600637.SH,600637,东方明珠,19950607,4.05,4.28,4.05,4.27,4.09,0.18,4.4,2404.0,990.895,99.0895,0.990895,0.00990895
600637.SH,600637,东方明珠,19950608,4.23,4.3,4.11,4.11,4.27,-0.16,-3.75,6458.0,2724.948,272.4948,2.724948,0.02724948
600637.SH,600637,东方明珠,19950609,4.14,4.24,4.12,4.16,4.11,0.05,1.22,2658.0,1110.465,111.0465,1.110465,0.01110465
600637.SH,600637,东方明珠,19950612,4.12,4.24,4.12,4.21,4.16,0.05,1.2,3944.0,1652.711,165.2711,1.6527109999999998,0.0165271099999999
600637.SH,600637,东方明珠,19950613,4.25,4.25,4.18,4.2,4.21,-0.01,-0.24,1948.0,820.64,82.064,0.8206399999999999,0.0082063999999999
600637.SH,600637,东方明珠,19950614,4.18,4.2,4.1,4.12,4.2,-0.08,-1.9,2104.0,873.256,87.3256,0.8732559999999999,0.0087325599999999
600637.SH,600637,东方明珠,19950615,4.0,4.08,3.65,3.81,4.12,-0.31,-7.52,12310.0,4717.195,471.7195,4.717195,0.04717195
600637.SH,600637,东方明珠,19950616,3.58,3.95,3.58,3.82,3.81,0.01,0.26,4395.0,1679.615,167.9615,1.679615,0.01679615
600637.SH,600637,东方明珠,19950619,3.75,3.79,3.62,3.73,3.82,-0.09,-2.36,2608.0,975.547,97.5547,0.975547,0.0097554699999999
600637.SH,600637,东方明珠,19950620,3.72,3.8,3.72,3.75,3.73,0.02,0.54,1871.0,705.202,70.5202,0.705202,0.00705202
600637.SH,600637,东方明珠,19950621,3.75,3.84,3.73,3.83,3.75,0.08,2.13,1735.0,658.818,65.8818,0.658818,0.00658818
600637.SH,600637,东方明珠,19950622,3.85,3.85,3.75,3.76,3.83,-0.07,-1.83,1682.0,638.726,63.8726,0.638726,0.00638726
600637.SH,600637,东方明珠,19950623,3.71,3.84,3.71,3.83,3.76,0.07,1.86,1747.0,665.341,66.5341,0.665341,0.0066534099999999
600637.SH,600637,东方明珠,19950626,3.85,3.88,3.8,3.86,3.83,0.03,0.78,2355.0,904.864,90.4864,0.904864,0.00904864
600637.SH,600637,东方明珠,19950627,3.85,3.89,3.8,3.8,3.86,-0.06,-1.55,2241.0,865.377,86.5377,0.8653770000000001,0.00865377
600637.SH,600637,东方明珠,19950628,3.77,3.83,3.77,3.83,3.8,0.03,0.79,1046.0,397.88,39.788,0.3978799999999999,0.0039787999999999
600637.SH,600637,东方明珠,19950629,3.8,3.84,3.78,3.8,3.83,-0.03,-0.78,1475.0,561.338,56.1338,0.5613379999999999,0.0056133799999999
600637.SH,600637,东方明珠,19950630,3.79,3.8,3.64,3.75,3.8,-0.05,-1.32,2619.0,976.655,97.6655,0.976655,0.0097665499999999
600637.SH,600637,东方明珠,19950703,3.65,3.69,3.57,3.61,3.75,-0.14,-3.73,2353.0,853.13,85.313,0.85313,0.0085313
600637.SH,600637,东方明珠,19950704,3.6,3.65,3.6,3.65,3.61,0.04,1.11,1902.0,689.303,68.9303,0.689303,0.00689303
600637.SH,600637,东方明珠,19950705,3.7,3.79,3.68,3.75,3.65,0.1,2.74,2673.0,991.827,99.1827,0.991827,0.00991827
600637.SH,600637,东方明珠,19950706,3.75,3.85,3.7,3.72,3.75,-0.03,-0.8,2727.0,1028.761,102.8761,1.028761,0.01028761
600637.SH,600637,东方明珠,19950707,3.72,4.0,3.7,3.96,3.72,0.24,6.45,6786.0,2626.349,262.6349,2.6263490000000003,0.02626349
600637.SH,600637,东方明珠,19950710,3.93,4.0,3.91,3.97,3.96,0.01,0.25,8393.0,3326.282,332.6282,3.326282,0.03326282
600637.SH,600637,东方明珠,19950711,4.05,4.05,3.82,3.82,3.97,-0.15,-3.78,4635.0,1814.759,181.4759,1.814759,0.01814759
600637.SH,600637,东方明珠,19950712,3.82,3.87,3.81,3.82,3.82,0.0,0.0,1894.0,726.407,72.64070000000001,0.7264070000000001,0.00726407
600637.SH,600637,东方明珠,19950713,3.77,3.87,3.77,3.87,3.82,0.05,1.31,1386.0,531.546,53.1546,0.5315460000000001,0.00531546
600637.SH,600637,东方明珠,19950714,3.92,3.94,3.8,3.82,3.87,-0.05,-1.29,1694.0,655.307,65.5307,0.655307,0.0065530699999999
600637.SH,600637,东方明珠,19950717,3.8,4.14,3.8,4.06,3.82,0.24,6.28,11129.0,4505.815,450.5815,4.505814999999999,0.0450581499999999
600637.SH,600637,东方明珠,19950718,4.0,4.38,3.98,4.36,4.06,0.3,7.39,21785.0,8990.866,899.0866,8.990866,0.08990866
600637.SH,600637,东方明珠,19950719,4.35,4.6,4.15,4.19,4.36,-0.17,-3.9,44196.0,19458.445,1945.8445,19.458445,0.1945844499999999
600637.SH,600637,东方明珠,19950720,4.19,4.26,4.1,4.15,4.19,-0.04,-0.95,8461.0,3529.189,352.9189,3.529189,0.03529189
600637.SH,600637,东方明珠,19950721,4.2,4.25,4.13,4.16,4.15,0.01,0.24,4053.0,1689.803,168.9803,1.689803,0.0168980299999999
600637.SH,600637,东方明珠,19950724,4.25,4.48,4.16,4.35,4.16,0.19,4.57,17332.0,7560.117,756.0117,7.560117,0.07560117
600637.SH,600637,东方明珠,19950725,4.38,4.52,4.28,4.3,4.35,-0.05,-1.15,15001.0,6580.226,658.0226,6.580226,0.06580226
600637.SH,600637,东方明珠,19950726,4.3,4.45,4.21,4.45,4.3,0.15,3.49,24557.0,10743.112,1074.3112,10.743111999999998,0.1074311199999999
600637.SH,600637,东方明珠,19950727,4.45,5.05,4.36,5.0,4.45,0.55,12.36,108061.0,51883.282,5188.3282,51.883282,0.51883282
600637.SH,600637,东方明珠,19950728,5.0,5.4,4.91,5.2,5.0,0.2,4.0,105251.0,54366.014,5436.6014000000005,54.36601400000001,0.5436601400000001
600637.SH,600637,东方明珠,19950731,5.16,5.25,5.04,5.13,5.2,-0.07,-1.35,34682.0,17837.16,1783.716,17.837159999999997,0.1783715999999999
600637.SH,600637,东方明珠,19950801,5.09,5.21,5.01,5.18,5.13,0.05,0.97,29138.0,14941.159,1494.1159,14.941159,0.14941159
600637.SH,600637,东方明珠,19950802,5.2,5.3,5.01,5.01,5.18,-0.17,-3.28,28313.0,14594.966,1459.4966,14.594966,0.1459496599999999
600637.SH,600637,东方明珠,19950803,5.04,5.29,5.0,5.16,5.01,0.15,2.99,22317.0,11543.3,1154.33,11.5433,0.1154329999999999
600637.SH,600637,东方明珠,19950804,5.19,5.48,5.17,5.48,5.16,0.32,6.2,52994.0,28301.647,2830.1647000000003,28.301647000000003,0.28301647
600637.SH,600637,东方明珠,19950807,5.38,5.55,5.31,5.54,5.48,0.06,1.09,27011.0,14673.676,1467.3676,14.673676,0.14673676
600637.SH,600637,东方明珠,19950808,5.65,5.66,5.4,5.47,5.54,-0.07,-1.26,34784.0,19171.864,1917.1864,19.171864,0.19171864
600637.SH,600637,东方明珠,19950809,5.38,6.5,5.38,6.48,5.47,1.01,18.46,88251.0,51826.159,5182.6159,51.826159,0.5182615899999999
600637.SH,600637,东方明珠,19950810,6.18,7.4,6.18,7.1,6.48,0.62,9.57,81634.0,55015.214,5501.5214,55.01521399999999,0.5501521399999999
600637.SH,600637,东方明珠,19950811,7.0,7.15,6.63,6.89,7.1,-0.21,-2.96,57706.0,39723.233,3972.3233,39.723233,0.39723233
600637.SH,600637,东方明珠,19950814,6.85,7.35,6.6,6.86,6.89,-0.03,-0.44,54037.0,37444.086,3744.4086,37.444086,0.37444086
600637.SH,600637,东方明珠,19950815,6.68,6.99,6.68,6.87,6.86,0.01,0.15,28188.0,19378.082,1937.8082,19.378082,0.19378082
600637.SH,600637,东方明珠,19950816,6.99,7.34,6.87,7.09,6.87,0.22,3.2,41422.0,29293.181,2929.3181,29.293181,0.29293181
600637.SH,600637,东方明珠,19950817,7.05,7.2,6.62,6.85,7.09,-0.24,-3.39,28598.0,19638.673,1963.8673,19.638673,0.1963867299999999
600637.SH,600637,东方明珠,19950818,6.88,7.02,6.64,6.89,6.85,0.04,0.58,20953.0,14358.603,1435.8602999999998,14.358603,0.1435860299999999
600637.SH,600637,东方明珠,19950821,6.89,7.3,6.71,7.3,6.89,0.41,5.95,30800.0,21656.436,2165.6436000000003,21.656436000000003,0.21656436
600637.SH,600637,东方明珠,19950822,7.05,7.39,7.02,7.12,7.3,-0.18,-2.47,27244.0,19463.797,1946.3797,19.463797,0.19463797
600637.SH,600637,东方明珠,19950823,7.1,7.5,6.91,7.14,7.12,0.02,0.28,29116.0,20993.776,2099.3776000000003,20.993776000000004,0.20993776
600637.SH,600637,东方明珠,19950824,7.3,7.38,7.03,7.29,7.14,0.15,2.1,38489.0,27900.023,2790.0023,27.900023,0.27900023
600637.SH,600637,东方明珠,19950825,7.28,7.28,6.88,6.98,7.29,-0.31,-4.25,18025.0,12607.861,1260.7861,12.607861,0.12607861
600637.SH,600637,东方明珠,19950828,6.95,6.95,6.54,6.81,6.98,-0.17,-2.44,9617.0,6522.123,652.2122999999999,6.522122999999999,0.0652212299999999
600637.SH,600637,东方明珠,19950829,6.75,6.97,6.64,6.75,6.81,-0.06,-0.88,9431.0,6389.67,638.967,6.38967,0.0638967
600637.SH,600637,东方明珠,19950830,6.7,6.79,6.55,6.65,6.75,-0.1,-1.48,5831.0,3873.272,387.3272,3.873272,0.03873272
600637.SH,600637,东方明珠,19950831,6.55,6.75,6.51,6.71,6.65,0.06,0.9,4919.0,3261.952,326.1952,3.261952,0.03261952
600637.SH,600637,东方明珠,19950901,6.76,7.28,6.65,7.28,6.71,0.57,8.49,37971.0,26736.543,2673.6543,26.736543,0.26736543
600637.SH,600637,东方明珠,19950904,7.3,7.58,7.13,7.57,7.28,0.29,3.98,58738.0,43460.236,4346.0236,43.460236,0.4346023599999999
600637.SH,600637,东方明珠,19950905,7.63,7.68,7.3,7.48,7.57,-0.09,-1.19,33614.0,25109.112,2510.9112,25.109112,0.25109112
600637.SH,600637,东方明珠,19950906,7.46,7.59,7.28,7.5,7.48,0.02,0.27,32540.0,24170.242,2417.0242,24.170242,0.2417024199999999
600637.SH,600637,东方明珠,19950907,7.75,9.5,7.75,9.0,7.5,1.5,20.0,109392.0,95781.981,9578.1981,95.781981,0.95781981
600637.SH,600637,东方明珠,19950908,8.64,9.19,8.64,9.18,9.0,0.18,2.0,92904.0,83128.408,8312.8408,83.128408,0.83128408
600637.SH,600637,东方明珠,19950911,9.2,10.28,8.92,10.28,9.18,1.1,11.98,79527.0,77315.712,7731.5712,77.315712,0.77315712
600637.SH,600637,东方明珠,19950912,9.99,10.1,9.5,9.65,10.28,-0.63,-6.13,56621.0,55587.11,5558.711,55.58711,0.5558711000000001
600637.SH,600637,东方明珠,19950913,9.69,10.0,9.65,9.87,9.65,0.22,2.28,41361.0,40513.47,4051.347,40.513470000000005,0.4051347
600637.SH,600637,东方明珠,19950914,9.92,9.97,9.51,9.62,9.87,-0.25,-2.53,32017.0,31330.313,3133.0313,31.330313,0.31330313
600637.SH,600637,东方明珠,19950915,9.7,9.88,9.54,9.88,9.62,0.26,2.7,31901.0,31111.857,3111.1857,31.111857,0.31111857
600637.SH,600637,东方明珠,19950918,9.92,10.29,9.65,9.93,9.88,0.05,0.51,61275.0,61382.054,6138.2054,61.382054,0.61382054
600637.SH,600637,东方明珠,19950919,9.7,9.81,9.0,9.05,9.93,-0.88,-8.86,38797.0,36983.956,3698.3956,36.983956,0.36983956
600637.SH,600637,东方明珠,19950920,9.38,9.44,9.0,9.4,9.05,0.35,3.87,15065.0,13841.897,1384.1897,13.841897,0.13841897
600637.SH,600637,东方明珠,19950921,9.3,9.56,9.22,9.38,9.4,-0.02,-0.21,31229.0,29689.219,2968.9219000000003,29.689219,0.29689219
600637.SH,600637,东方明珠,19950922,9.38,9.76,9.22,9.27,9.38,-0.11,-1.17,29027.0,27655.115,2765.5115,27.655115,0.27655115
600637.SH,600637,东方明珠,19950925,9.45,9.45,9.1,9.2,9.27,-0.07,-0.76,2897.0,2669.81,266.981,2.66981,0.0266981
600637.SH,600637,东方明珠,19950926,9.11,9.26,9.11,9.25,9.2,0.05,0.54,3037.0,2791.761,279.1761,2.791761,0.02791761
600637.SH,600637,东方明珠,19950927,9.1,9.38,9.01,9.13,9.25,-0.12,-1.3,7791.0,7092.266,709.2266,7.092266,0.07092266
600637.SH,600637,东方明珠,19950928,9.15,9.2,9.0,9.18,9.13,0.05,0.55,6165.0,5594.455,559.4455,5.594455,0.05594455
600637.SH,600637,东方明珠,19950929,9.3,9.6,9.3,9.48,9.18,0.3,3.27,11719.0,11036.642,1103.6642,11.036642,0.1103664199999999
600637.SH,600637,东方明珠,19951004,9.5,9.68,9.05,9.48,9.48,0.0,0.0,3714.0,3518.356,351.8356,3.518356,0.0351835599999999
600637.SH,600637,东方明珠,19951005,9.4,9.48,9.07,9.45,9.48,-0.03,-0.32,23563.0,21924.516,2192.4516,21.924516,0.2192451599999999
600637.SH,600637,东方明珠,19951006,9.38,9.39,9.07,9.3,9.45,-0.15,-1.59,32982.0,30574.727,3057.4727,30.574727,0.30574727
600637.SH,600637,东方明珠,19951009,9.35,9.5,9.13,9.5,9.3,0.2,2.15,28210.0,26250.661,2625.0661,26.250661,0.26250661
600637.SH,600637,东方明珠,19951010,9.6,9.89,9.33,9.75,9.5,0.25,2.63,73574.0,71304.691,7130.4691,71.304691,0.7130469100000001
600637.SH,600637,东方明珠,19951011,9.71,9.88,9.53,9.71,9.75,-0.04,-0.41,26440.0,25653.982,2565.3982,25.653982,0.25653982
600637.SH,600637,东方明珠,19951012,9.78,9.8,9.18,9.42,9.71,-0.29,-2.99,14181.0,13396.944,1339.6944,13.396943999999998,0.1339694399999999
600637.SH,600637,东方明珠,19951013,9.2,9.5,9.03,9.18,9.42,-0.24,-2.55,13290.0,12229.568,1222.9568,12.229568,0.1222956799999999
600637.SH,600637,东方明珠,19951016,9.18,9.45,9.07,9.38,9.18,0.2,2.18,33860.0,31720.894,3172.0894,31.720894,0.31720894
600637.SH,600637,东方明珠,19951017,9.38,9.38,9.19,9.3,9.38,-0.08,-0.85,4102.0,3804.97,380.497,3.80497,0.0380496999999999
600637.SH,600637,东方明珠,19951018,9.32,9.47,9.07,9.33,9.3,0.03,0.32,11462.0,10708.661,1070.8661,10.708661,0.10708661
600637.SH,600637,东方明珠,19951019,9.33,9.38,9.07,9.28,9.33,-0.05,-0.54,13692.0,12651.365,1265.1365,12.651365,0.12651365
600637.SH,600637,东方明珠,19951020,9.28,9.28,9.0,9.11,9.28,-0.17,-1.83,18692.0,17027.004,1702.7004000000002,17.027004,0.17027004
600637.SH,600637,东方明珠,19951023,9.15,9.31,9.11,9.28,9.11,0.17,1.87,22600.0,20866.601,2086.6601,20.866601,0.2086660099999999
600637.SH,600637,东方明珠,19951024,9.38,9.47,9.05,9.34,9.28,0.06,0.65,16483.0,15309.442,1530.9442,15.309442,0.1530944199999999
600637.SH,600637,东方明珠,19951025,9.82,10.1,9.34,10.1,9.34,0.76,8.14,64191.0,62817.955,6281.7955,62.817955000000005,0.62817955
600637.SH,600637,东方明珠,19951026,10.1,10.1,9.4,9.53,10.1,-0.57,-5.64,43179.0,42209.495,4220.949500000001,42.209495,0.42209495
600637.SH,600637,东方明珠,19951027,9.53,9.53,9.05,9.22,9.53,-0.31,-3.25,15252.0,14035.013,1403.5013,14.035013,0.14035013
600637.SH,600637,东方明珠,19951030,9.22,9.22,8.8,9.0,9.22,-0.22,-2.39,15269.0,13769.201,1376.9200999999998,13.769201,0.1376920099999999
600637.SH,600637,东方明珠,19951031,9.1,9.1,8.73,8.98,9.0,-0.02,-0.22,16869.0,15074.362,1507.4362,15.074362,0.15074362
600637.SH,600637,东方明珠,19951101,8.88,8.98,8.62,8.92,8.98,-0.06,-0.67,6022.0,5300.561,530.0561,5.300561,0.05300561
600637.SH,600637,东方明珠,19951102,8.8,8.9,8.75,8.85,8.92,-0.07,-0.78,4818.0,4250.555,425.05550000000005,4.250555,0.04250555
600637.SH,600637,东方明珠,19951103,8.82,9.27,8.8,9.23,8.85,0.38,4.29,29898.0,27388.64,2738.864,27.38864,0.2738864
600637.SH,600637,东方明珠,19951106,9.28,9.38,9.18,9.29,9.23,0.06,0.65,12941.0,12010.167,1201.0167,12.010167,0.12010167
600637.SH,600637,东方明珠,19951107,9.4,9.45,9.28,9.38,9.29,0.09,0.97,13209.0,12363.594,1236.3593999999998,12.363594,0.1236359399999999
600637.SH,600637,东方明珠,19951108,9.11,9.34,8.85,9.15,9.38,-0.23,-2.45,6727.0,6100.55,610.0550000000001,6.100550000000001,0.0610055
600637.SH,600637,东方明珠,19951109,9.14,9.28,8.9,9.18,9.15,0.03,0.33,5654.0,5142.877,514.2877000000001,5.142877000000001,0.05142877
600637.SH,600637,东方明珠,19951110,9.2,9.2,8.92,9.0,9.18,-0.18,-1.96,2662.0,2398.612,239.8612,2.398612,0.02398612
600637.SH,600637,东方明珠,19951113,8.95,8.95,8.58,8.72,9.0,-0.28,-3.11,3444.0,3005.747,300.5747,3.005747,0.03005747
600637.SH,600637,东方明珠,19951114,8.8,8.8,8.62,8.8,8.72,0.08,0.92,2065.0,1795.468,179.54680000000002,1.7954680000000005,0.01795468
600637.SH,600637,东方明珠,19951115,8.78,8.78,7.7,8.7,8.8,-0.1,-1.14,20928.0,17152.276,1715.2276000000002,17.152276,0.17152276
600637.SH,600637,东方明珠,19951116,8.43,8.59,8.32,8.59,8.7,-0.11,-1.26,8131.0,6841.424,684.1424,6.841424,0.06841424
600637.SH,600637,东方明珠,19951117,8.32,8.47,8.12,8.41,8.59,-0.18,-2.1,4744.46,3950.55,395.055,3.95055,0.0395055
600637.SH,600637,东方明珠,19951120,8.2,8.22,8.09,8.18,8.41,-0.23,-2.73,1985.0,1622.498,162.2498,1.622498,0.01622498
600637.SH,600637,东方明珠,19951121,8.18,8.5,8.1,8.33,8.18,0.15,1.83,6152.0,5080.94,508.094,5.080939999999999,0.0508093999999999
600637.SH,600637,东方明珠,19951122,8.35,8.35,8.0,8.1,8.33,-0.23,-2.76,3488.0,2834.669,283.4669,2.834669,0.0283466899999999
600637.SH,600637,东方明珠,19951123,8.08,8.3,7.9,8.0,8.1,-0.1,-1.23,3694.0,2966.702,296.6702,2.966702,0.02966702
600637.SH,600637,东方明珠,19951124,7.49,7.96,7.35,7.52,8.0,-0.48,-6.0,8035.0,6082.963,608.2963,6.082963,0.0608296299999999
600637.SH,600637,东方明珠,19951127,7.45,7.45,6.7,6.74,7.52,-0.78,-10.37,6999.0,4941.754,494.1754,4.941754,0.0494175399999999
600637.SH,600637,东方明珠,19951128,6.68,6.87,6.49,6.84,6.74,0.1,1.48,6445.0,4298.639,429.8639,4.298639,0.04298639
600637.SH,600637,东方明珠,19951129,6.79,6.79,6.58,6.6,6.84,-0.24,-3.51,1900.0,1265.487,126.5487,1.265487,0.01265487
600637.SH,600637,东方明珠,19951130,6.57,6.69,6.09,6.55,6.6,-0.05,-0.76,3574.0,2304.035,230.4035,2.304035,0.0230403499999999
600637.SH,600637,东方明珠,19951201,6.3,6.54,6.3,6.5,6.55,-0.05,-0.76,2927.0,1882.725,188.2725,1.882725,0.0188272499999999
600637.SH,600637,东方明珠,19951204,6.45,6.58,6.41,6.52,6.5,0.02,0.31,1425.0,926.523,92.6523,0.926523,0.00926523
600637.SH,600637,东方明珠,19951205,6.52,6.69,6.52,6.65,6.52,0.13,1.99,1844.0,1225.771,122.5771,1.225771,0.01225771
600637.SH,600637,东方明珠,19951206,6.68,7.18,6.66,7.0,6.65,0.35,5.26,11210.0,7836.251,783.6251,7.836251,0.07836251
600637.SH,600637,东方明珠,19951207,7.0,7.3,6.98,7.3,7.0,0.3,4.29,15151.0,10827.076,1082.7076,10.827076,0.10827076
600637.SH,600637,东方明珠,19951208,7.4,7.88,7.34,7.85,7.3,0.55,7.53,27938.0,21329.68,2132.968,21.32968,0.2132968
600637.SH,600637,东方明珠,19951211,7.91,8.05,7.01,7.08,7.85,-0.77,-9.81,25802.0,19580.024,1958.0024,19.580024,0.19580024
600637.SH,600637,东方明珠,19951212,6.99,7.52,6.45,7.44,7.08,0.36,5.08,23121.0,15847.13,1584.713,15.84713,0.1584713
600637.SH,600637,东方明珠,19951213,7.34,7.47,6.92,7.03,7.44,-0.41,-5.51,24003.0,17088.981,1708.8981,17.088981,0.17088981
600637.SH,600637,东方明珠,19951214,7.2,7.78,7.1,7.78,7.03,0.75,10.67,21708.0,16299.512,1629.9512,16.299512,0.16299512
600637.SH,600637,东方明珠,19951215,7.7,7.7,6.9,6.9,7.78,-0.88,-11.31,28817.0,20792.971,2079.2971,20.792971,0.20792971
600637.SH,600637,东方明珠,19951218,6.74,6.74,6.46,6.65,6.9,-0.25,-3.62,23306.0,15276.6,1527.66,15.2766,0.152766
600637.SH,600637,东方明珠,19951219,6.6,6.65,6.47,6.59,6.65,-0.06,-0.9,16469.0,10781.1,1078.11,10.781100000000002,0.107811
600637.SH,600637,东方明珠,19951220,6.55,6.93,6.47,6.9,6.59,0.31,4.7,25801.0,17343.839,1734.3839,17.343839,0.17343839
600637.SH,600637,东方明珠,19951221,6.89,7.02,6.68,6.8,6.9,-0.1,-1.45,14599.0,10014.814,1001.4814,10.014814,0.10014814
600637.SH,600637,东方明珠,19951222,6.71,6.84,6.58,6.68,6.8,-0.12,-1.76,11918.0,7966.845,796.6845000000001,7.966845000000001,0.07966845
600637.SH,600637,东方明珠,19951225,6.55,6.67,6.51,6.53,6.68,-0.15,-2.25,7262.0,4780.86,478.086,4.78086,0.0478086
600637.SH,600637,东方明珠,19951226,6.5,6.72,6.5,6.65,6.53,0.12,1.84,10803.0,7205.339,720.5339,7.205339,0.07205339
600637.SH,600637,东方明珠,19951227,6.65,6.85,6.65,6.8,6.65,0.15,2.26,9759.0,6575.287,657.5287000000001,6.575287,0.06575287
600637.SH,600637,东方明珠,19951228,6.8,6.87,6.65,6.7,6.8,-0.1,-1.47,12609.0,8522.811,852.2810999999999,8.522810999999999,0.08522811
600637.SH,600637,东方明珠,19951229,6.65,6.88,6.51,6.66,6.7,-0.04,-0.6,17505.0,11799.126,1179.9126,11.799126,0.11799126
600637.SH,600637,东方明珠,19960102,6.5,6.56,6.05,6.07,6.66,-0.59,-8.86,8667.0,5391.701,539.1701,5.391701,0.05391701
600637.SH,600637,东方明珠,19960103,5.9,6.0,5.7,5.94,6.07,-0.13,-2.14,14454.0,8446.389,844.6388999999999,8.446389,0.08446389
600637.SH,600637,东方明珠,19960104,5.94,6.25,5.8,6.18,5.94,0.24,4.04,18943.0,11379.571,1137.9571,11.379571,0.11379571
600637.SH,600637,东方明珠,19960105,6.15,6.22,5.65,5.69,6.18,-0.49,-7.93,11403.0,6819.37,681.937,6.81937,0.0681937
600637.SH,600637,东方明珠,19960108,5.55,5.75,5.41,5.71,5.69,0.02,0.35,7794.0,4366.126,436.6126,4.366126,0.04366126
600637.SH,600637,东方明珠,19960109,5.7,5.99,5.67,5.98,5.71,0.27,4.73,14085.0,8282.316,828.2316000000001,8.282316000000002,0.08282316
600637.SH,600637,东方明珠,19960110,5.9,6.28,5.64,6.21,5.98,0.23,3.85,34032.0,20667.784,2066.7784,20.667784,0.20667784
600637.SH,600637,东方明珠,19960111,6.15,6.5,6.08,6.14,6.21,-0.07,-1.13,12091.0,7485.731,748.5731,7.485730999999999,0.07485731
600637.SH,600637,东方明珠,19960112,6.12,6.28,6.12,6.13,6.14,-0.01,-0.16,5594.0,3457.152,345.7152,3.457152,0.0345715199999999
600637.SH,600637,东方明珠,19960115,6.01,6.19,6.01,6.17,6.13,0.04,0.65,2743.0,1689.253,168.9253,1.689253,0.01689253
600637.SH,600637,东方明珠,19960116,6.2,6.3,6.06,6.08,6.17,-0.09,-1.46,2713.0,1668.789,166.8789,1.668789,0.0166878899999999
600637.SH,600637,东方明珠,19960117,6.09,6.25,5.9,6.05,6.08,-0.03,-0.49,5069.0,3041.238,304.1238,3.0412379999999994,0.0304123799999999
600637.SH,600637,东方明珠,19960118,5.99,5.99,5.67,5.75,6.05,-0.3,-4.96,6484.0,3735.218,373.5218,3.735218,0.03735218
600637.SH,600637,东方明珠,19960119,5.7,6.0,5.68,5.95,5.75,0.2,3.48,11438.0,6704.194,670.4194,6.704194,0.06704194
600637.SH,600637,东方明珠,19960122,5.9,5.9,5.75,5.83,5.95,-0.12,-2.02,3009.0,1747.175,174.7175,1.747175,0.0174717499999999
600637.SH,600637,东方明珠,19960123,5.75,5.88,5.75,5.86,5.83,0.03,0.51,2604.0,1518.923,151.8923,1.518923,0.01518923
600637.SH,600637,东方明珠,19960124,5.9,5.99,5.85,5.95,5.86,0.09,1.54,3424.0,2035.842,203.5842,2.035842,0.02035842
600637.SH,600637,东方明珠,19960125,5.96,6.35,5.96,6.0,5.95,0.05,0.84,19020.0,11776.178,1177.6178,11.776178,0.11776178
600637.SH,600637,东方明珠,19960126,5.8,6.1,5.72,5.96,6.0,-0.04,-0.67,5604.0,3320.533,332.0533,3.320533,0.03320533
600637.SH,600637,东方明珠,19960129,6.5,6.5,5.96,6.08,5.96,0.12,2.01,5693.0,3501.963,350.1963,3.501963,0.0350196299999999
600637.SH,600637,东方明珠,19960130,6.14,6.16,6.0,6.13,6.08,0.05,0.82,3490.0,2118.247,211.8247,2.118247,0.02118247
600637.SH,600637,东方明珠,19960131,6.1,6.3,6.01,6.22,6.13,0.09,1.47,7951.0,4960.87,496.087,4.96087,0.0496087
600637.SH,600637,东方明珠,19960201,6.21,6.25,6.1,6.18,6.22,-0.04,-0.64,2751.0,1703.501,170.3501,1.703501,0.01703501
600637.SH,600637,东方明珠,19960202,6.11,6.18,6.08,6.15,6.18,-0.03,-0.49,2688.0,1650.993,165.0993,1.650993,0.01650993
600637.SH,600637,东方明珠,19960205,6.05,6.17,5.91,5.95,6.15,-0.2,-3.25,2936.0,1783.726,178.3726,1.783726,0.01783726
600637.SH,600637,东方明珠,19960206,5.85,5.97,5.8,5.85,5.95,-0.1,-1.68,3381.0,1973.235,197.3235,1.973235,0.01973235
600637.SH,600637,东方明珠,19960207,5.81,5.96,5.81,5.88,5.85,0.03,0.51,751.0,440.542,44.0542,0.4405419999999999,0.0044054199999999
600637.SH,600637,东方明珠,19960208,5.88,5.95,5.8,5.88,5.88,0.0,0.0,1230.0,726.429,72.6429,0.726429,0.00726429
600637.SH,600637,东方明珠,19960209,5.85,6.0,5.8,5.97,5.88,0.09,1.53,1545.0,914.469,91.4469,0.914469,0.00914469
600637.SH,600637,东方明珠,19960212,6.09,6.09,5.9,5.94,5.97,-0.03,-0.5,1101.0,657.569,65.7569,0.6575690000000001,0.00657569
600637.SH,600637,东方明珠,19960213,6.04,6.05,5.86,5.95,5.94,0.01,0.17,1022.0,611.551,61.1551,0.6115510000000001,0.00611551
600637.SH,600637,东方明珠,19960214,5.95,6.1,5.92,6.1,5.95,0.15,2.52,3442.0,2077.909,207.7909,2.077909,0.02077909
600637.SH,600637,东方明珠,19960215,6.07,6.13,5.98,6.11,6.1,0.01,0.16,4547.0,2756.982,275.6982,2.756982,0.02756982
600637.SH,600637,东方明珠,19960216,6.1,6.33,6.1,6.29,6.11,0.18,2.95,20983.0,13126.28,1312.6280000000002,13.12628,0.1312628
600637.SH,600637,东方明珠,19960304,6.77,6.84,6.36,6.78,6.29,0.49,7.79,21826.0,14360.443,1436.0443,14.360443,0.14360443
600637.SH,600637,东方明珠,19960305,6.78,6.92,6.45,6.56,6.78,-0.22,-3.24,13111.0,8816.692,881.6691999999999,8.816692,0.08816692
600637.SH,600637,东方明珠,19960306,6.53,6.53,6.04,6.1,6.56,-0.46,-7.01,7164.0,4532.046,453.2046,4.532046,0.04532046
600637.SH,600637,东方明珠,19960307,6.1,6.5,6.1,6.25,6.1,0.15,2.46,3070.0,1927.236,192.7236,1.927236,0.01927236
600637.SH,600637,东方明珠,19960308,6.2,6.35,6.11,6.27,6.25,0.02,0.32,2260.0,1411.222,141.1222,1.411222,0.01411222
600637.SH,600637,东方明珠,19960311,6.35,6.35,6.2,6.23,6.27,-0.04,-0.64,1699.0,1063.509,106.3509,1.063509,0.01063509
600637.SH,600637,东方明珠,19960312,6.23,6.23,6.05,6.18,6.23,-0.05,-0.8,2106.0,1288.513,128.85129999999998,1.2885129999999998,0.0128851299999999
600637.SH,600637,东方明珠,19960313,6.15,6.24,6.11,6.19,6.18,0.01,0.16,608.0,375.934,37.5934,0.375934,0.00375934
600637.SH,600637,东方明珠,19960314,6.2,6.2,6.11,6.16,6.19,-0.03,-0.48,1007.0,621.973,62.1973,0.621973,0.00621973
600637.SH,600637,东方明珠,19960315,6.2,6.2,6.1,6.19,6.16,0.03,0.49,1054.0,651.01,65.101,0.65101,0.0065101
600637.SH,600637,东方明珠,19960318,6.19,6.25,6.14,6.25,6.19,0.06,0.97,1166.0,723.525,72.35249999999999,0.723525,0.0072352499999999
600637.SH,600637,东方明珠,19960319,6.25,6.29,6.18,6.19,6.25,-0.06,-0.96,1064.0,663.416,66.3416,0.663416,0.00663416
600637.SH,600637,东方明珠,19960320,6.17,6.41,6.17,6.2,6.19,0.01,0.16,973.0,605.214,60.52140000000001,0.605214,0.00605214
600637.SH,600637,东方明珠,19960321,6.2,6.24,6.19,6.2,6.2,0.0,0.0,3813.0,2369.919,236.9919,2.369919,0.02369919
600637.SH,600637,东方明珠,19960322,6.2,6.23,6.12,6.21,6.2,0.01,0.16,2618.0,1613.367,161.3367,1.613367,0.01613367
600637.SH,600637,东方明珠,19960325,6.25,6.48,6.24,6.4,6.21,0.19,3.06,13263.0,8460.051,846.0051,8.460051,0.08460051
600637.SH,600637,东方明珠,19960326,6.38,6.4,6.2,6.23,6.4,-0.17,-2.66,3835.0,2408.878,240.88780000000003,2.408878,0.02408878
600637.SH,600637,东方明珠,19960327,6.15,6.2,6.13,6.18,6.23,-0.05,-0.8,3161.0,1947.36,194.736,1.94736,0.0194736
600637.SH,600637,东方明珠,19960328,6.15,6.18,6.05,6.08,6.18,-0.1,-1.62,2778.0,1697.966,169.79659999999998,1.697966,0.0169796599999999
600637.SH,600637,东方明珠,19960329,6.05,6.13,6.05,6.09,6.08,0.01,0.16,2818.0,1714.943,171.4943,1.714943,0.01714943
600637.SH,600637,东方明珠,19960401,6.2,6.35,6.1,6.22,6.09,0.13,2.13,7928.5,4934.091,493.4091,4.934091,0.04934091
600637.SH,600637,东方明珠,19960402,6.13,6.17,6.05,6.1,6.22,-0.12,-1.93,1505.0,920.716,92.0716,0.920716,0.00920716
600637.SH,600637,东方明珠,19960403,6.05,6.18,6.05,6.15,6.1,0.05,0.82,1489.0,913.807,91.3807,0.913807,0.00913807
600637.SH,600637,东方明珠,19960404,6.21,6.21,6.1,6.11,6.15,-0.04,-0.65,1430.0,876.0,87.6,0.8759999999999999,0.0087599999999999
600637.SH,600637,东方明珠,19960405,6.23,6.5,6.1,6.35,6.11,0.24,3.93,7664.0,4846.022,484.6022,4.846022,0.04846022
600637.SH,600637,东方明珠,19960408,6.4,6.51,6.3,6.39,6.35,0.04,0.63,11817.0,7578.244,757.8244,7.578244,0.0757824399999999
600637.SH,600637,东方明珠,19960409,6.35,6.43,6.31,6.32,6.39,-0.07,-1.1,4346.0,2765.238,276.5238,2.765238,0.02765238
600637.SH,600637,东方明珠,19960410,6.35,6.38,6.25,6.29,6.32,-0.03,-0.47,3028.0,1918.704,191.8704,1.918704,0.01918704
600637.SH,600637,东方明珠,19960411,6.29,6.45,6.29,6.4,6.29,0.11,1.75,5291.0,3374.884,337.4884,3.374884,0.03374884
600637.SH,600637,东方明珠,19960412,6.4,6.89,6.4,6.78,6.4,0.38,5.94,38185.0,25466.901,2546.6901000000003,25.466901000000004,0.25466901
600637.SH,600637,东方明珠,19960415,6.72,6.86,6.65,6.73,6.78,-0.05,-0.74,20929.0,14128.078,1412.8078,14.128078,0.14128078
600637.SH,600637,东方明珠,19960416,6.75,7.06,6.75,7.01,6.73,0.28,4.16,27121.0,18896.625,1889.6625,18.896625,0.18896625
600637.SH,600637,东方明珠,19960417,7.01,7.15,6.92,7.05,7.01,0.04,0.57,28540.0,20212.999,2021.2999,20.212999,0.20212999
600637.SH,600637,东方明珠,19960418,7.0,7.15,6.95,7.13,7.05,0.08,1.13,12844.0,9087.915,908.7915,9.087915,0.09087915
600637.SH,600637,东方明珠,19960419,7.13,7.47,7.07,7.39,7.13,0.26,3.65,40865.0,29516.665,2951.6665000000003,29.516665000000003,0.29516665
600637.SH,600637,东方明珠,19960422,7.39,7.6,7.16,7.22,7.39,-0.17,-2.3,32053.0,23464.89,2346.489,23.46489,0.2346489
600637.SH,600637,东方明珠,19960423,7.1,7.35,7.08,7.27,7.22,0.05,0.69,18571.0,13301.95,1330.1950000000002,13.30195,0.1330195
600637.SH,600637,东方明珠,19960424,7.3,7.75,7.3,7.51,7.27,0.24,3.3,75728.0,56585.108,5658.5108,56.585108,0.56585108
600637.SH,600637,东方明珠,19960425,7.6,7.75,7.2,7.28,7.51,-0.23,-3.06,35055.0,26321.662,2632.1662,26.321662,0.26321662
600637.SH,600637,东方明珠,19960426,7.3,7.85,7.3,7.75,7.28,0.47,6.46,61204.0,46614.313,4661.4313,46.614313,0.46614313
600637.SH,600637,东方明珠,19960429,7.95,8.15,7.7,7.84,7.75,0.09,1.16,44999.0,35610.656,3561.0656000000004,35.610656000000006,0.35610656
600637.SH,600637,东方明珠,19960430,7.5,7.7,7.0,7.1,7.84,-0.74,-9.44,14631.0,10563.818,1056.3818,10.563818,0.10563818
600637.SH,600637,东方明珠,19960502,7.47,7.48,6.52,6.56,7.1,-0.54,-7.61,15857.0,10910.719,1091.0719,10.910719,0.1091071899999999
600637.SH,600637,东方明珠,19960503,6.57,6.78,6.21,6.52,6.56,-0.04,-0.61,10253.0,6668.183,666.8183,6.668183,0.06668183
600637.SH,600637,东方明珠,19960506,6.45,6.7,6.45,6.67,6.52,0.15,2.3,10550.0,6962.475,696.2475000000001,6.962475,0.06962475
600637.SH,600637,东方明珠,19960507,6.7,6.75,6.4,6.5,6.67,-0.17,-2.55,7140.0,4683.506,468.3506,4.683506,0.04683506
600637.SH,600637,东方明珠,19960508,6.5,6.68,6.45,6.6,6.5,0.1,1.54,5272.0,3480.247,348.0247,3.480247,0.03480247
600637.SH,600637,东方明珠,19960509,6.51,6.89,6.51,6.63,6.6,0.03,0.45,6362.0,4253.879,425.3879,4.253879,0.04253879
600637.SH,600637,东方明珠,19960510,6.68,6.74,6.51,6.6,6.63,-0.03,-0.45,2931.0,1929.982,192.9982,1.929982,0.01929982
600637.SH,600637,东方明珠,19960513,6.6,6.65,6.51,6.54,6.6,-0.06,-0.91,5463.0,3593.595,359.3595,3.593595,0.0359359499999999
600637.SH,600637,东方明珠,19960514,6.6,6.71,6.55,6.58,6.54,0.04,0.61,7439.0,4930.651,493.0651,4.930651,0.04930651
600637.SH,600637,东方明珠,19960515,6.58,6.88,6.54,6.88,6.58,0.3,4.56,9339.0,6258.499,625.8498999999999,6.258499,0.06258499
600637.SH,600637,东方明珠,19960516,6.69,6.98,6.69,6.69,6.88,-0.19,-2.76,14818.0,10009.745,1000.9745,10.009745,0.10009745
600637.SH,600637,东方明珠,19960517,6.74,6.95,6.59,6.95,6.69,0.26,3.89,11729.0,7879.934,787.9934000000001,7.879934,0.07879934
600637.SH,600637,东方明珠,19960520,7.05,7.05,6.3,6.63,6.95,-0.32,-4.6,13075.0,8899.543,889.9543,8.899543,0.08899543
600637.SH,600637,东方明珠,19960521,6.65,6.7,6.22,6.3,6.63,-0.33,-4.98,8322.0,5384.926,538.4926,5.384926,0.05384926
600637.SH,600637,东方明珠,19960522,6.4,6.4,6.22,6.29,6.3,-0.01,-0.16,6036.0,3794.12,379.412,3.79412,0.0379412
600637.SH,600637,东方明珠,19960523,6.3,6.34,6.0,6.03,6.29,-0.26,-4.13,6952.0,4216.939,421.6939,4.216939,0.04216939
600637.SH,600637,东方明珠,19960524,5.9,6.08,5.9,5.99,6.03,-0.04,-0.66,3761.0,2252.454,225.2454,2.252454,0.02252454
600637.SH,600637,东方明珠,19960527,5.98,6.08,5.9,5.98,5.99,-0.01,-0.17,1462.0,876.034,87.6034,0.876034,0.00876034
600637.SH,600637,东方明珠,19960528,5.95,6.05,5.95,6.03,5.98,0.05,0.84,2399.0,1443.091,144.3091,1.443091,0.0144309099999999
600637.SH,600637,东方明珠,19960529,6.03,6.09,5.98,6.04,6.03,0.01,0.17,2893.0,1744.622,174.4622,1.744622,0.01744622
600637.SH,600637,东方明珠,19960531,5.9,6.05,5.81,5.94,6.04,-0.1,-1.66,4425.0,2614.723,261.4723,2.614723,0.02614723
600637.SH,600637,东方明珠,19960603,5.9,6.0,5.7,5.75,5.94,-0.19,-3.2,4477.0,2599.692,259.9692,2.599692,0.02599692
600637.SH,600637,东方明珠,19960604,5.69,5.8,5.6,5.64,5.75,-0.11,-1.91,6177.0,3508.462,350.8462,3.508462,0.03508462
600637.SH,600637,东方明珠,19960605,5.6,6.08,5.46,6.07,5.64,0.43,7.62,20207.0,11789.427,1178.9427,11.789427,0.11789427
600637.SH,600637,东方明珠,19960606,6.07,6.1,5.76,5.87,6.07,-0.2,-3.29,13859.0,8213.423,821.3423,8.213423,0.08213423
600637.SH,600637,东方明珠,19960607,6.05,6.51,5.98,6.35,5.87,0.48,8.18,50307.0,31847.989,3184.7989,31.847989,0.31847989
600637.SH,600637,东方明珠,19960610,6.39,6.88,5.98,6.82,6.35,0.47,7.4,46247.0,29870.234,2987.0234,29.870234,0.29870234
600637.SH,600637,东方明珠,19960611,6.8,6.8,6.27,6.5,6.82,-0.32,-4.69,19000.0,12467.633,1246.7633,12.467633,0.12467633
600637.SH,600637,东方明珠,19960612,6.5,6.79,6.25,6.32,6.5,-0.18,-2.77,15018.0,9691.188,969.1188,9.691188,0.09691188
600637.SH,600637,东方明珠,19960613,6.5,6.5,6.05,6.24,6.32,-0.08,-1.27,17705.0,11063.387,1106.3387,11.063387,0.11063387
600637.SH,600637,东方明珠,19960614,6.42,6.45,6.23,6.3,6.24,0.06,0.96,22320.0,14129.104,1412.9104,14.129104,0.14129104
600637.SH,600637,东方明珠,19960617,6.4,6.4,6.06,6.1,6.3,-0.2,-3.17,7644.0,4767.465,476.7465,4.7674650000000005,0.04767465
600637.SH,600637,东方明珠,19960618,5.9,6.36,5.9,6.3,6.1,0.2,3.28,10917.0,6661.022,666.1022,6.661022,0.06661022
600637.SH,600637,东方明珠,19960619,6.68,7.28,6.68,6.84,6.3,0.54,8.57,90493.0,63555.422,6355.5422,63.555422,0.63555422
600637.SH,600637,东方明珠,19960620,6.85,6.85,6.5,6.65,6.84,-0.19,-2.78,21259.0,14238.985,1423.8985,14.238985,0.1423898499999999
600637.SH,600637,东方明珠,19960621,6.95,6.95,6.6,6.66,6.65,0.01,0.15,13514.0,9099.733,909.9733,9.099733,0.09099733
600637.SH,600637,东方明珠,19960624,6.85,7.14,6.76,6.93,6.66,0.27,4.05,39333.0,27460.127,2746.0127,27.460127000000004,0.27460127
600637.SH,600637,东方明珠,19960625,6.6,6.85,6.52,6.7,6.93,-0.23,-3.32,14376.0,9678.371,967.8371,9.678371,0.09678371
600637.SH,600637,东方明珠,19960626,6.9,6.94,6.7,6.88,6.7,0.18,2.69,10654.0,7267.642,726.7642,7.267641999999999,0.0726764199999999
600637.SH,600637,东方明珠,19960627,6.95,6.98,6.61,6.61,6.88,-0.27,-3.92,17562.0,11898.057,1189.8057,11.898057,0.11898057
600637.SH,600637,东方明珠,19960628,6.61,6.8,6.41,6.58,6.61,-0.03,-0.45,10418.0,6912.989,691.2989,6.912989,0.06912989
600637.SH,600637,东方明珠,19960701,6.4,6.4,5.88,6.03,6.58,-0.55,-8.36,16043.0,9823.926,982.3926,9.823925999999998,0.0982392599999999
600637.SH,600637,东方明珠,19960702,5.95,6.18,5.9,6.15,6.03,0.12,1.99,8646.0,5266.53,526.653,5.26653,0.0526653
600637.SH,600637,东方明珠,19960703,6.2,6.25,5.88,6.06,6.15,-0.09,-1.46,16599.0,10014.784,1001.4784,10.014784,0.1001478399999999
600637.SH,600637,东方明珠,19960704,6.08,6.15,5.86,5.97,6.06,-0.09,-1.49,17979.0,10746.732,1074.6732,10.746732,0.1074673199999999
600637.SH,600637,东方明珠,19960705,5.9,6.12,5.75,6.04,5.97,0.07,1.17,17883.0,10622.228,1062.2228,10.622228,0.10622228
600637.SH,600637,东方明珠,19960708,5.95,6.0,5.68,5.79,6.04,-0.25,-4.14,17242.0,10043.0,1004.3,10.043,0.1004299999999999
600637.SH,600637,东方明珠,19960709,5.8,6.09,5.59,6.02,5.79,0.23,3.97,15509.0,8950.3,895.03,8.9503,0.089503
600637.SH,600637,东方明珠,19960710,6.0,6.0,5.82,5.95,6.02,-0.07,-1.16,11359.0,6733.271,673.3271,6.733270999999999,0.0673327099999999
600637.SH,600637,东方明珠,19960711,5.94,6.15,5.88,5.91,5.95,-0.04,-0.67,12557.0,7596.144,759.6144,7.596144000000001,0.07596144
600637.SH,600637,东方明珠,19960712,5.85,6.05,5.8,5.96,5.91,0.05,0.85,8986.0,5334.314,533.4314,5.334314000000001,0.05334314
600637.SH,600637,东方明珠,19960715,6.0,6.27,5.92,6.04,5.96,0.08,1.34,12532.0,7622.209,762.2209,7.622209000000001,0.07622209
600637.SH,600637,东方明珠,19960716,6.1,6.6,6.05,6.6,6.04,0.56,9.27,34344.0,21953.438,2195.3438,21.953437999999995,0.2195343799999999
600637.SH,600637,东方明珠,19960717,6.6,6.84,6.45,6.5,6.6,-0.1,-1.52,36579.0,24335.433,2433.5433000000003,24.335433,0.24335433
600637.SH,600637,东方明珠,19960718,6.5,6.98,6.5,6.97,6.5,0.47,7.23,50803.0,34810.812,3481.0812,34.810812,0.3481081199999999
600637.SH,600637,东方明珠,19960719,7.3,8.39,7.2,8.39,6.97,1.42,20.37,161613.0,125805.947,12580.5947,125.805947,1.25805947
600637.SH,600637,东方明珠,19960722,8.8,9.27,8.6,8.91,8.39,0.52,6.2,128153.0,114354.437,11435.4437,114.354437,1.14354437
600637.SH,600637,东方明珠,19960723,8.86,8.9,8.3,8.43,8.91,-0.48,-5.39,75511.0,64487.398,6448.7398,64.487398,0.64487398
600637.SH,600637,东方明珠,19960724,8.5,9.07,8.5,8.88,8.43,0.45,5.34,66994.0,59245.453,5924.5453,59.245453,0.5924545299999999
600637.SH,600637,东方明珠,19960725,8.85,8.88,8.35,8.48,8.88,-0.4,-4.5,40984.0,35083.122,3508.3122000000003,35.083122,0.35083122
600637.SH,600637,东方明珠,19960726,8.5,8.84,8.12,8.3,8.48,-0.18,-2.12,38432.0,32830.384,3283.0384,32.830384,0.32830384
600637.SH,600637,东方明珠,19960729,8.16,8.45,8.0,8.2,8.3,-0.1,-1.2,18557.0,15192.306,1519.2306,15.192306,0.15192306
600637.SH,600637,东方明珠,19960730,8.3,8.4,7.72,7.8,8.2,-0.4,-4.88,19183.0,15471.522,1547.1522,15.471522,0.15471522
600637.SH,600637,东方明珠,19960731,7.8,7.8,7.4,7.46,7.8,-0.34,-4.36,16818.0,12738.623,1273.8623,12.738623,0.12738623
600637.SH,600637,东方明珠,19960801,7.5,7.81,7.25,7.64,7.46,0.18,2.41,15728.0,11931.158,1193.1158,11.931158,0.11931158
600637.SH,600637,东方明珠,19960802,7.7,7.92,7.36,7.55,7.64,-0.09,-1.18,15315.0,11778.382,1177.8382,11.778382,0.1177838199999999
600637.SH,600637,东方明珠,19960805,7.6,7.86,7.6,7.85,7.55,0.3,3.97,13168.0,10243.777,1024.3777,10.243777,0.10243777
600637.SH,600637,东方明珠,19960806,7.8,8.15,7.62,7.89,7.85,0.04,0.51,13455.0,10601.983,1060.1983,10.601983,0.10601983
600637.SH,600637,东方明珠,19960807,7.86,8.03,7.72,7.83,7.89,-0.06,-0.76,10744.0,8429.476,842.9476000000001,8.429476000000001,0.08429476
600637.SH,600637,东方明珠,19960808,7.96,7.98,7.6,7.68,7.83,-0.15,-1.92,13422.0,10411.385,1041.1385,10.411385,0.10411385
600637.SH,600637,东方明珠,19960809,7.83,8.15,7.68,7.99,7.68,0.31,4.04,32806.0,26170.524,2617.0524,26.170524,0.26170524
600637.SH,600637,东方明珠,19960812,8.3,8.45,8.1,8.18,7.99,0.19,2.38,19247.0,15780.661,1578.0661,15.780661,0.15780661
600637.SH,600637,东方明珠,19960813,8.05,8.19,7.88,7.93,8.18,-0.25,-3.06,9390.0,7508.863,750.8863,7.508863,0.07508863
600637.SH,600637,东方明珠,19960814,7.91,7.99,7.75,7.78,7.93,-0.15,-1.89,9548.0,7503.0,750.3,7.502999999999999,0.0750299999999999
600637.SH,600637,东方明珠,19960815,7.75,7.93,7.61,7.73,7.78,-0.05,-0.64,7967.0,6214.286,621.4286,6.214286,0.0621428599999999
600637.SH,600637,东方明珠,19960816,7.65,7.7,7.28,7.41,7.73,-0.32,-4.14,16783.0,12502.499,1250.2499,12.502499,0.12502499
600637.SH,600637,东方明珠,19960819,7.5,7.51,7.23,7.28,7.41,-0.13,-1.75,6271.0,4627.0,462.7,4.627,0.04627
600637.SH,600637,东方明珠,19960820,7.3,7.3,7.0,7.05,7.28,-0.23,-3.16,9605.0,6823.092,682.3091999999999,6.823091999999999,0.0682309199999999
600637.SH,600637,东方明珠,19960821,7.2,7.35,7.05,7.16,7.05,0.11,1.56,7662.0,5533.551,553.3551,5.533551,0.05533551
600637.SH,600637,东方明珠,19960822,7.2,7.25,6.94,6.99,7.16,-0.17,-2.37,9018.0,6355.75,635.575,6.3557500000000005,0.0635575
600637.SH,600637,东方明珠,19960823,6.95,7.01,6.77,6.78,6.99,-0.21,-3.0,8523.0,5850.24,585.024,5.85024,0.0585024
600637.SH,600637,东方明珠,19960826,6.77,6.77,6.16,6.28,6.78,-0.5,-7.37,7237.0,4685.726,468.5726,4.685726,0.04685726
600637.SH,600637,东方明珠,19960827,6.22,6.54,6.18,6.54,6.28,0.26,4.14,5350.0,3419.298,341.9298,3.419298,0.03419298
600637.SH,600637,东方明珠,19960828,6.65,6.75,6.51,6.6,6.54,0.06,0.92,5459.0,3626.996,362.6996,3.626996,0.03626996
600637.SH,600637,东方明珠,19960829,6.38,6.9,6.2,6.9,6.6,0.3,4.55,14730.0,9938.186,993.8186,9.938186,0.09938186
600637.SH,600637,东方明珠,19960830,6.9,7.5,6.9,7.46,6.9,0.56,8.12,25363.0,18432.878,1843.2878,18.432878,0.18432878
600637.SH,600637,东方明珠,19960902,7.58,7.79,7.34,7.65,7.46,0.19,2.55,25101.0,19048.436,1904.8436,19.048436,0.19048436
600637.SH,600637,东方明珠,19960903,7.65,7.7,7.0,7.28,7.65,-0.37,-4.84,11929.0,8984.0,898.4,8.984,0.08984
600637.SH,600637,东方明珠,19960904,7.2,7.4,7.09,7.37,7.28,0.09,1.24,7475.0,5412.74,541.274,5.41274,0.0541274
600637.SH,600637,东方明珠,19960905,7.35,7.69,7.26,7.3,7.37,-0.07,-0.95,13351.0,10018.542,1001.8542,10.018542,0.10018542
600637.SH,600637,东方明珠,19960906,7.35,7.47,7.06,7.17,7.3,-0.13,-1.78,8127.0,5891.966,589.1966,5.891966,0.05891966
600637.SH,600637,东方明珠,19960909,7.25,7.65,7.25,7.51,7.17,0.34,4.74,22341.0,16718.858,1671.8858,16.718858,0.16718858
600637.SH,600637,东方明珠,19960910,7.45,7.75,7.22,7.45,7.51,-0.06,-0.8,26351.0,19912.757,1991.2757,19.912757000000003,0.19912757
600637.SH,600637,东方明珠,19960911,7.6,8.09,7.42,8.0,7.45,0.55,7.38,55101.0,43374.149,4337.4149,43.374149,0.4337414899999999
600637.SH,600637,东方明珠,19960912,8.22,8.3,7.55,7.59,8.0,-0.41,-5.13,40003.0,31691.118,3169.1118,31.691118,0.3169111799999999
600637.SH,600637,东方明珠,19960913,7.6,8.01,7.4,8.0,7.59,0.41,5.4,41027.0,32010.5,3201.05,32.0105,0.320105
600637.SH,600637,东方明珠,19960916,8.04,8.24,7.9,8.2,8.0,0.2,2.5,42279.0,34152.228,3415.2228000000005,34.15222800000001,0.34152228
600637.SH,600637,东方明珠,19960917,8.25,8.27,7.81,7.85,8.2,-0.35,-4.27,21973.0,17548.293,1754.8293,17.548293,0.17548293
600637.SH,600637,东方明珠,19960918,7.85,7.89,7.39,7.48,7.85,-0.37,-4.71,26646.0,20189.426,2018.9426,20.189426,0.2018942599999999
600637.SH,600637,东方明珠,19960919,7.45,7.8,7.42,7.79,7.48,0.31,4.14,17996.0,13792.412,1379.2412,13.792412,0.1379241199999999
600637.SH,600637,东方明珠,19960920,7.81,7.94,7.64,7.94,7.79,0.15,1.93,15606.0,12215.226,1221.5226,12.215226,0.12215226
600637.SH,600637,东方明珠,19960923,8.1,8.5,8.0,8.43,7.94,0.49,6.17,64572.0,53728.195,5372.8195,53.728195,0.53728195
600637.SH,600637,东方明珠,19960924,8.5,8.78,8.41,8.5,8.43,0.07,0.83,61682.0,53032.594,5303.2594,53.032594,0.53032594
600637.SH,600637,东方明珠,19960925,8.61,9.1,8.6,8.61,8.5,0.11,1.29,70517.0,62428.357,6242.8357000000005,62.428357000000005,0.62428357
600637.SH,600637,东方明珠,19960926,8.8,9.21,8.62,9.1,8.61,0.49,5.69,60643.0,54122.0,5412.2,54.122,0.54122
600637.SH,600637,东方明珠,19960927,9.3,9.72,9.16,9.6,9.1,0.5,5.49,81809.0,77782.198,7778.219800000001,77.78219800000001,0.7778219800000001
600637.SH,600637,东方明珠,19961003,9.88,9.95,9.1,9.16,9.6,-0.44,-4.58,52517.0,49692.255,4969.2255,49.692255,0.4969225499999999
600637.SH,600637,东方明珠,19961004,9.17,9.3,9.07,9.16,9.16,0.0,0.0,23307.0,21445.665,2144.5665,21.445665,0.2144566499999999
600637.SH,600637,东方明珠,19961007,9.16,9.22,8.65,8.73,9.16,-0.43,-4.69,26205.0,23225.401,2322.5401,23.225401,0.23225401
600637.SH,600637,东方明珠,19961008,8.8,9.38,8.78,9.35,8.73,0.62,7.1,32624.0,29983.49,2998.349,29.983490000000003,0.2998349
600637.SH,600637,东方明珠,19961009,9.5,9.51,9.08,9.15,9.35,-0.2,-2.14,29185.0,27270.696,2727.0696,27.270696,0.27270696
600637.SH,600637,东方明珠,19961010,9.3,9.55,9.1,9.2,9.15,0.05,0.55,23529.0,22001.638,2200.1638,22.001638,0.22001638
600637.SH,600637,东方明珠,19961011,9.3,9.48,8.71,8.86,9.2,-0.34,-3.7,34100.0,30911.64,3091.164,30.91164,0.3091163999999999
600637.SH,600637,东方明珠,19961014,9.8,9.8,9.07,9.25,8.86,0.39,4.4,49609.0,46400.828,4640.0828,46.400828,0.46400828
600637.SH,600637,东方明珠,19961015,9.28,9.3,9.05,9.13,9.25,-0.12,-1.3,23259.0,21265.205,2126.5205,21.265205,0.21265205
600637.SH,600637,东方明珠,19961016,9.25,9.32,8.9,9.0,9.13,-0.13,-1.42,21181.0,19265.73,1926.573,19.26573,0.1926572999999999
600637.SH,600637,东方明珠,19961017,9.08,9.75,9.07,9.5,9.0,0.5,5.56,46353.0,43862.125,4386.2125,43.862125,0.4386212499999999
600637.SH,600637,东方明珠,19961018,9.6,9.84,9.1,9.15,9.5,-0.35,-3.68,43872.0,42130.034,4213.0034,42.130034,0.4213003399999999
600637.SH,600637,东方明珠,19961021,9.18,9.7,9.18,9.53,9.15,0.38,4.15,20993.0,19942.131,1994.2131,19.942131000000003,0.19942131
600637.SH,600637,东方明珠,19961022,9.5,10.7,9.18,10.55,9.53,1.02,10.7,109646.0,111023.997,11102.3997,111.023997,1.11023997
600637.SH,600637,东方明珠,19961023,10.78,10.9,10.29,10.9,10.55,0.35,3.32,77452.0,82383.742,8238.3742,82.383742,0.8238374199999999
600637.SH,600637,东方明珠,19961024,11.0,11.42,10.58,10.66,10.9,-0.24,-2.2,66963.0,73888.027,7388.8027,73.88802700000001,0.7388802700000001
600637.SH,600637,东方明珠,19961025,10.63,10.88,10.3,10.67,10.66,0.01,0.09,51675.0,55226.021,5522.6021,55.226021,0.55226021
600637.SH,600637,东方明珠,19961028,10.5,11.22,10.41,10.9,10.67,0.23,2.16,48169.0,52822.693,5282.2693,52.822693,0.52822693
600637.SH,600637,东方明珠,19961029,11.1,11.16,10.31,10.55,10.9,-0.35,-3.21,44987.0,48542.972,4854.2972,48.542972,0.48542972
600637.SH,600637,东方明珠,19961030,10.5,10.55,9.51,9.6,10.55,-0.95,-9.0,39394.0,39586.465,3958.6465,39.586465,0.39586465
600637.SH,600637,东方明珠,19961031,10.01,10.18,9.5,9.8,9.6,0.2,2.08,24535.0,24042.431,2404.2431,24.042431,0.24042431
600637.SH,600637,东方明珠,19961101,9.52,9.8,8.52,9.0,9.8,-0.8,-8.16,34895.0,32135.791,3213.5791,32.135791,0.3213579099999999
600637.SH,600637,东方明珠,19961104,9.0,9.28,8.86,9.02,9.0,0.02,0.22,12622.0,11454.416,1145.4416,11.454415999999998,0.1145441599999999
600637.SH,600637,东方明珠,19961105,9.1,9.56,8.88,9.18,9.02,0.16,1.77,25977.0,24015.037,2401.5037,24.015037000000003,0.24015037
600637.SH,600637,东方明珠,19961106,9.02,9.28,8.9,9.25,9.18,0.07,0.76,16948.0,15383.674,1538.3674,15.383674,0.15383674
600637.SH,600637,东方明珠,19961107,9.4,9.44,9.15,9.27,9.25,0.02,0.22,13920.0,12899.876,1289.9876,12.899876,0.12899876
600637.SH,600637,东方明珠,19961108,9.3,9.4,9.17,9.35,9.27,0.08,0.86,11149.0,10348.966,1034.8966,10.348966,0.10348966
600637.SH,600637,东方明珠,19961111,9.66,9.7,9.42,9.59,9.35,0.24,2.57,11993.0,11426.404,1142.6404,11.426404,0.11426404
600637.SH,600637,东方明珠,19961112,9.62,9.65,9.3,9.39,9.59,-0.2,-2.09,10213.0,9610.753,961.0753,9.610753,0.09610753
600637.SH,600637,东方明珠,19961113,9.39,9.41,9.18,9.25,9.39,-0.14,-1.49,8434.0,7814.558,781.4558,7.814558,0.0781455799999999
600637.SH,600637,东方明珠,19961114,9.28,9.62,9.26,9.43,9.25,0.18,1.95,14888.0,14056.447,1405.6447,14.056447,0.14056447
600637.SH,600637,东方明珠,19961115,9.4,9.4,9.18,9.27,9.43,-0.16,-1.7,14136.0,13093.549,1309.3549,13.093549,0.13093549
600637.SH,600637,东方明珠,19961118,9.27,9.88,9.15,9.86,9.27,0.59,6.36,27416.0,26278.254,2627.8254,26.278254,0.26278254
600637.SH,600637,东方明珠,19961119,9.99,10.4,9.7,9.89,9.86,0.03,0.3,33920.0,34296.546,3429.6546000000003,34.296546000000006,0.34296546
600637.SH,600637,东方明珠,19961120,9.8,9.8,9.5,9.68,9.89,-0.21,-2.12,15927.0,15321.467,1532.1467,15.321467,0.15321467
600637.SH,600637,东方明珠,19961121,9.68,9.8,8.85,8.97,9.68,-0.71,-7.33,22333.0,20676.47,2067.647,20.67647,0.2067647
600637.SH,600637,东方明珠,19961122,8.61,8.96,8.55,8.96,8.97,-0.01,-0.11,13708.0,11957.673,1195.7673,11.957673,0.1195767299999999
600637.SH,600637,东方明珠,19961125,8.6,8.99,8.6,8.99,8.96,0.03,0.33,10242.0,9012.62,901.262,9.01262,0.0901262
600637.SH,600637,东方明珠,19961126,9.05,9.1,8.71,8.8,8.99,-0.19,-2.11,9405.0,8322.792,832.2792,8.322792,0.08322792
600637.SH,600637,东方明珠,19961127,8.82,9.07,8.68,8.94,8.8,0.14,1.59,10571.0,9345.845,934.5845,9.345845,0.0934584499999999
600637.SH,600637,东方明珠,19961128,8.94,9.08,8.79,8.94,8.94,0.0,0.0,12296.0,11001.338,1100.1338,11.001338,0.11001338
600637.SH,600637,东方明珠,19961129,8.98,9.45,8.95,9.41,8.94,0.47,5.26,22907.0,21257.561,2125.7561,21.257561,0.21257561
600637.SH,600637,东方明珠,19961202,9.55,10.5,9.5,10.45,9.41,1.04,11.05,58895.0,59877.532,5987.7532,59.877532,0.59877532
600637.SH,600637,东方明珠,19961203,10.78,11.54,10.02,10.08,10.45,-0.37,-3.54,70480.0,77391.279,7739.127899999999,77.391279,0.77391279
600637.SH,600637,东方明珠,19961204,10.18,10.99,10.18,10.95,10.08,0.87,8.63,44096.0,46239.475,4623.9475,46.239475,0.4623947499999999
600637.SH,600637,东方明珠,19961205,11.3,11.45,10.52,10.8,10.95,-0.15,-1.37,57166.0,62537.716,6253.7716,62.537716,0.62537716
600637.SH,600637,东方明珠,19961206,10.8,10.9,10.55,10.75,10.8,-0.05,-0.46,44793.0,48017.065,4801.7065,48.017065,0.48017065
600637.SH,600637,东方明珠,19961209,11.0,11.18,10.73,10.96,10.75,0.21,1.95,49670.0,54509.494,5450.9494,54.509494,0.5450949399999999
600637.SH,600637,东方明珠,19961210,10.9,10.95,10.4,10.52,10.96,-0.44,-4.01,28231.0,29844.051,2984.4051,29.844051,0.29844051
600637.SH,600637,东方明珠,19961211,10.5,10.77,10.3,10.6,10.52,0.08,0.76,22537.0,23726.947,2372.6947,23.726947,0.2372694699999999
600637.SH,600637,东方明珠,19961212,10.6,10.6,9.65,9.75,10.6,-0.85,-8.02,26853.0,27096.189,2709.6189,27.096189,0.27096189
600637.SH,600637,东方明珠,19961213,9.6,9.77,9.11,9.2,9.75,-0.55,-5.64,15643.0,14936.537,1493.6537,14.936537,0.14936537
600637.SH,600637,东方明珠,19961216,8.28,8.28,8.28,8.28,9.2,-0.92,-10.0,4724.0,3911.472,391.1472,3.911472,0.03911472
600637.SH,600637,东方明珠,19961217,7.45,7.45,7.45,7.45,8.28,-0.83,-10.02,4551.0,3390.495,339.0495,3.390495,0.0339049499999999
600637.SH,600637,东方明珠,19961218,6.85,7.97,6.73,7.7,7.45,0.25,3.36,21607.0,15605.104,1560.5104,15.605104,0.15605104
600637.SH,600637,东方明珠,19961219,7.7,7.7,6.93,6.93,7.7,-0.77,-10.0,16217.0,11587.321,1158.7321,11.587321,0.1158732099999999
600637.SH,600637,东方明珠,19961220,6.9,6.9,6.27,6.47,6.93,-0.46,-6.64,15192.0,9915.01,991.501,9.91501,0.0991501
600637.SH,600637,东方明珠,19961223,6.52,6.88,6.49,6.6,6.47,0.13,2.01,7668.0,5078.22,507.822,5.07822,0.0507822
600637.SH,600637,东方明珠,19961224,6.65,6.77,6.5,6.5,6.6,-0.1,-1.52,5361.0,3552.426,355.2426,3.552426,0.0355242599999999
600637.SH,600637,东方明珠,19961225,6.5,6.77,6.48,6.7,6.5,0.2,3.08,5565.0,3685.214,368.5214,3.685214,0.03685214
600637.SH,600637,东方明珠,19961226,6.84,6.93,6.61,6.91,6.7,0.21,3.13,7361.0,4987.374,498.7374,4.987374,0.04987374
600637.SH,600637,东方明珠,19961227,6.96,6.97,6.65,6.8,6.91,-0.11,-1.59,6694.0,4552.678,455.2678,4.552677999999999,0.0455267799999999
600637.SH,600637,东方明珠,19961230,6.9,7.2,6.8,7.12,6.8,0.32,4.71,12405.0,8762.839,876.2839,8.762839,0.08762839
600637.SH,600637,东方明珠,19961231,7.2,7.83,7.2,7.61,7.12,0.49,6.88,45419.0,34656.536,3465.6536,34.656536,0.34656536
600637.SH,600637,东方明珠,19970102,7.61,7.61,7.24,7.4,7.61,-0.21,-2.76,10149.0,7473.142,747.3142,7.473142,0.07473142
600637.SH,600637,东方明珠,19970103,7.42,7.68,7.01,7.06,7.4,-0.34,-4.59,14468.0,10645.554,1064.5554,10.645554,0.1064555399999999
600637.SH,600637,东方明珠,19970106,7.04,7.33,6.96,6.99,7.06,-0.07,-0.99,11456.0,8158.058,815.8058,8.158058,0.08158058
600637.SH,600637,东方明珠,19970107,6.9,7.2,6.88,7.12,6.99,0.13,1.86,4909.0,3478.51,347.851,3.47851,0.0347851
600637.SH,600637,东方明珠,19970108,7.1,7.15,6.9,7.01,7.12,-0.11,-1.54,5392.0,3784.398,378.4398,3.784398,0.03784398
600637.SH,600637,东方明珠,19970109,7.03,7.28,7.01,7.09,7.01,0.08,1.14,4830.0,3437.597,343.7597,3.437597,0.03437597
600637.SH,600637,东方明珠,19970110,7.25,7.25,7.03,7.19,7.09,0.1,1.41,5717.0,4067.895,406.7895,4.067895,0.04067895
600637.SH,600637,东方明珠,19970113,7.23,7.28,7.08,7.22,7.19,0.03,0.42,6451.0,4640.936,464.0936,4.640936,0.04640936
600637.SH,600637,东方明珠,19970114,7.2,7.21,6.98,7.0,7.22,-0.22,-3.05,5058.0,3573.259,357.3259,3.573259,0.0357325899999999
600637.SH,600637,东方明珠,19970115,6.98,7.08,6.95,7.05,7.0,0.05,0.71,3795.0,2668.93,266.893,2.66893,0.0266892999999999
600637.SH,600637,东方明珠,19970116,7.05,7.12,6.89,6.96,7.05,-0.09,-1.28,3700.0,2583.467,258.3467,2.583467,0.02583467
600637.SH,600637,东方明珠,19970117,7.07,7.07,6.95,6.99,6.96,0.03,0.43,3082.0,2154.487,215.4487,2.154487,0.02154487
600637.SH,600637,东方明珠,19970120,6.99,7.13,6.91,7.08,6.99,0.09,1.29,5470.0,3824.414,382.4414,3.824414,0.03824414
600637.SH,600637,东方明珠,19970121,7.09,7.19,7.0,7.0,7.08,-0.08,-1.13,4412.0,3132.634,313.2634,3.132634,0.03132634
600637.SH,600637,东方明珠,19970122,7.0,7.09,7.0,7.09,7.0,0.09,1.29,3361.0,2368.997,236.8997,2.368997,0.0236899699999999
600637.SH,600637,东方明珠,19970123,7.15,7.35,7.1,7.14,7.09,0.05,0.71,9307.0,6745.628,674.5627999999999,6.745627999999999,0.06745628
600637.SH,600637,东方明珠,19970124,7.12,7.25,7.01,7.25,7.14,0.11,1.54,7395.0,5271.792,527.1792,5.2717920000000005,0.05271792
600637.SH,600637,东方明珠,19970127,7.28,7.3,7.18,7.2,7.25,-0.05,-0.69,7729.0,5594.615,559.4615,5.594615,0.05594615
600637.SH,600637,东方明珠,19970128,7.2,7.4,7.2,7.3,7.2,0.1,1.39,10781.0,7869.132,786.9132,7.869132,0.07869132
600637.SH,600637,东方明珠,19970129,7.3,7.32,7.23,7.28,7.3,-0.02,-0.27,6861.0,4999.302,499.9302,4.999301999999999,0.0499930199999999
600637.SH,600637,东方明珠,19970130,7.29,7.34,7.23,7.28,7.28,0.0,0.0,5816.0,4236.691,423.6691,4.236691,0.0423669099999999
600637.SH,600637,东方明珠,19970131,7.28,7.3,7.2,7.23,7.28,-0.05,-0.69,5344.0,3874.329,387.4329,3.874329,0.03874329
600637.SH,600637,东方明珠,19970217,7.18,7.35,7.08,7.33,7.23,0.1,1.38,8863.0,6356.0,635.6,6.356,0.06356
600637.SH,600637,东方明珠,19970218,7.33,7.78,6.66,6.8,7.33,-0.53,-7.23,18521.0,13429.0,1342.9,13.429,0.13429
600637.SH,600637,东方明珠,19970219,7.0,7.44,6.95,7.42,6.8,0.62,9.12,18907.0,13624.0,1362.4,13.624,0.13624
600637.SH,600637,东方明珠,19970220,6.68,8.0,6.68,7.95,7.42,0.53,7.14,61132.0,46382.0,4638.2,46.382,0.4638199999999999
600637.SH,600637,东方明珠,19970221,7.9,8.75,7.7,8.75,7.95,0.8,10.06,96743.0,81142.0,8114.2,81.142,0.8114199999999999
600637.SH,600637,东方明珠,19970224,9.1,9.21,8.8,8.85,8.75,0.1,1.14,93637.0,84090.0,8409.0,84.09,0.8409
600637.SH,600637,东方明珠,19970225,8.76,9.28,8.7,8.95,8.85,0.1,1.13,39653.0,35791.0,3579.1,35.791,0.3579099999999999
600637.SH,600637,东方明珠,19970226,8.9,9.1,8.16,9.05,8.95,0.1,1.12,32493.0,28706.0,2870.6,28.706,0.28706
600637.SH,600637,东方明珠,19970227,9.15,9.15,8.7,8.85,9.05,-0.2,-2.21,21366.0,18956.0,1895.6,18.956,0.18956
600637.SH,600637,东方明珠,19970228,8.85,9.25,8.65,9.15,8.85,0.3,3.39,29640.0,26514.0,2651.4,26.514,0.26514
600637.SH,600637,东方明珠,19970303,9.15,9.2,9.0,9.15,9.15,0.0,0.0,28118.0,25578.326,2557.8326,25.578326,0.25578326
600637.SH,600637,东方明珠,19970304,9.15,9.67,9.11,9.45,9.15,0.3,3.28,51992.0,48036.854,4803.6854,48.036854000000005,0.48036854
600637.SH,600637,东方明珠,19970305,9.5,9.6,9.18,9.27,9.45,-0.18,-1.9,25543.0,23832.02,2383.202,23.832020000000004,0.2383202
600637.SH,600637,东方明珠,19970306,9.2,9.98,9.16,9.8,9.27,0.53,5.72,45282.0,43973.65,4397.365,43.97365,0.4397365
600637.SH,600637,东方明珠,19970307,9.8,9.98,9.61,9.75,9.8,-0.05,-0.51,34547.0,33792.844,3379.2844,33.792843999999995,0.3379284399999999
600637.SH,600637,东方明珠,19970310,9.88,10.0,9.55,9.68,9.75,-0.07,-0.72,20370.0,19785.73,1978.573,19.78573,0.1978572999999999
600637.SH,600637,东方明珠,19970311,9.69,9.8,9.43,9.55,9.68,-0.13,-1.34,21839.0,20919.724,2091.9724,20.919723999999995,0.2091972399999999
600637.SH,600637,东方明珠,19970312,9.5,10.51,9.5,10.51,9.55,0.96,10.05,118881.0,122919.029,12291.9029,122.919029,1.22919029
600637.SH,600637,东方明珠,19970313,10.75,11.0,10.0,10.2,10.51,-0.31,-2.95,56996.0,60282.69,6028.269,60.28269,0.6028269
600637.SH,600637,东方明珠,19970314,10.2,10.25,9.71,10.13,10.2,-0.07,-0.69,42753.0,42741.678,4274.1678,42.741678,0.42741678
600637.SH,600637,东方明珠,19970317,10.0,11.14,10.0,10.3,10.13,0.17,1.68,57257.0,60283.078,6028.3078000000005,60.283078,0.60283078
600637.SH,600637,东方明珠,19970318,10.3,10.5,9.89,10.12,10.3,-0.18,-1.75,34986.0,35616.408,3561.6408,35.616408,0.35616408
600637.SH,600637,东方明珠,19970319,10.3,10.5,10.1,10.18,10.12,0.06,0.59,20204.0,20684.151,2068.4151,20.684151,0.20684151
600637.SH,600637,东方明珠,19970320,10.2,10.33,9.58,9.58,10.18,-0.6,-5.89,14370.0,14415.305,1441.5305,14.415305,0.14415305
600637.SH,600637,东方明珠,19970321,9.6,10.18,9.6,10.18,9.58,0.6,6.26,20957.0,20748.023,2074.8023000000003,20.748023000000003,0.20748023
600637.SH,600637,东方明珠,19970324,10.3,10.49,9.85,9.93,10.18,-0.25,-2.46,20276.0,20340.148,2034.0148,20.340148000000003,0.20340148
600637.SH,600637,东方明珠,19970325,9.95,10.12,9.81,9.97,9.93,0.04,0.4,15046.0,14966.243,1496.6243,14.966243,0.1496624299999999
600637.SH,600637,东方明珠,19970326,10.1,10.7,10.08,10.58,9.97,0.61,6.12,37574.0,39116.452,3911.6452,39.116452,0.39116452
600637.SH,600637,东方明珠,19970327,10.78,11.4,10.7,10.98,10.58,0.4,3.78,80010.0,88598.489,8859.8489,88.59848900000001,0.8859848900000001
600637.SH,600637,东方明珠,19970328,10.98,11.16,10.62,10.8,10.98,-0.18,-1.64,31361.0,34271.607,3427.1607000000004,34.271607,0.34271607
600637.SH,600637,东方明珠,19970331,11.0,11.32,10.96,11.1,10.8,0.3,2.78,32373.0,35957.406,3595.7406,35.957406,0.35957406
600637.SH,600637,东方明珠,19970401,11.21,11.3,11.0,11.1,11.1,0.0,0.0,30882.0,34357.978,3435.7978000000003,34.357978,0.34357978
600637.SH,600637,东方明珠,19970402,11.2,11.5,11.0,11.25,11.1,0.15,1.35,44148.0,49924.475,4992.4475,49.924475,0.49924475
600637.SH,600637,东方明珠,19970403,11.12,11.22,10.8,11.0,11.25,-0.25,-2.22,25101.0,27502.188,2750.2188,27.502188,0.2750218799999999
600637.SH,600637,东方明珠,19970404,11.0,11.08,10.6,10.7,11.0,-0.3,-2.73,31632.0,34041.119,3404.1119,34.041119,0.34041119
600637.SH,600637,东方明珠,19970407,10.7,10.8,10.3,10.5,10.7,-0.2,-1.87,31398.0,33032.914,3303.2914,33.032914,0.3303291399999999
600637.SH,600637,东方明珠,19970408,10.5,11.15,10.39,10.51,10.5,0.01,0.1,28012.0,29987.244,2998.7244,29.987244,0.29987244
600637.SH,600637,东方明珠,19970409,10.6,10.96,10.6,10.93,10.51,0.42,4.0,31553.0,34122.83,3412.2830000000004,34.12283,0.3412283
600637.SH,600637,东方明珠,19970410,11.03,11.13,10.6,10.69,10.93,-0.24,-2.2,25393.0,27410.061,2741.0061,27.410061,0.2741006099999999
600637.SH,600637,东方明珠,19970411,10.7,10.8,10.33,10.64,10.69,-0.05,-0.47,24236.0,25600.243,2560.0243,25.600243,0.25600243
600637.SH,600637,东方明珠,19970414,10.85,11.7,10.82,11.7,10.64,1.06,9.96,85825.0,97744.704,9774.4704,97.744704,0.97744704
600637.SH,600637,东方明珠,19970415,11.7,12.05,11.42,11.9,11.7,0.2,1.71,60647.0,71250.076,7125.0076,71.25007599999999,0.71250076
600637.SH,600637,东方明珠,19970416,12.0,12.15,11.65,11.81,11.9,-0.09,-0.76,37058.0,43900.865,4390.086499999999,43.900865,0.4390086499999999
600637.SH,600637,东方明珠,19970417,11.81,11.85,11.2,11.35,11.81,-0.46,-3.9,27223.0,31299.973,3129.9973,31.299973,0.31299973
600637.SH,600637,东方明珠,19970418,11.2,11.7,11.15,11.59,11.35,0.24,2.11,26749.0,30763.437,3076.3437000000004,30.763437000000003,0.30763437
600637.SH,600637,东方明珠,19970421,12.75,12.75,12.75,12.75,11.59,1.16,10.01,16132.0,20568.58,2056.858,20.56858,0.2056858
600637.SH,600637,东方明珠,19970422,14.03,14.03,13.51,14.03,12.75,1.28,10.04,117771.0,163511.923,16351.1923,163.511923,1.63511923
600637.SH,600637,东方明珠,19970423,14.2,14.48,13.7,14.05,14.03,0.02,0.14,62297.0,88063.263,8806.3263,88.063263,0.88063263
600637.SH,600637,东方明珠,19970424,13.8,14.3,13.71,14.0,14.05,-0.05,-0.36,41938.0,58793.108,5879.3108,58.793108,0.58793108
600637.SH,600637,东方明珠,19970425,12.6,14.23,12.6,13.2,14.0,-0.8,-5.71,94050.0,124893.255,12489.3255,124.893255,1.24893255
600637.SH,600637,东方明珠,19970428,13.0,13.0,11.88,11.88,13.2,-1.32,-10.0,50628.0,62041.702,6204.1702,62.041702,0.62041702
600637.SH,600637,东方明珠,19970429,11.4,12.2,10.9,11.99,11.88,0.11,0.93,37344.0,43173.906,4317.390600000001,43.17390600000001,0.4317390600000001
600637.SH,600637,东方明珠,19970430,11.99,13.19,11.88,13.1,11.99,1.11,9.26,54556.0,69175.814,6917.5814,69.175814,0.69175814
600637.SH,600637,东方明珠,19970505,13.08,14.17,13.08,13.8,13.1,0.7,5.34,49918.0,68514.269,6851.4269,68.514269,0.6851426899999999
600637.SH,600637,东方明珠,19970506,13.95,14.12,13.52,14.12,13.8,0.32,2.32,41697.0,57415.419,5741.5419,57.415419,0.57415419
600637.SH,600637,东方明珠,19970507,14.24,15.53,14.1,14.88,14.12,0.76,5.38,64728.0,96106.481,9610.6481,96.106481,0.96106481
600637.SH,600637,东方明珠,19970508,14.6,15.1,13.39,13.5,14.88,-1.38,-9.27,48537.0,69190.621,6919.0621,69.19062100000001,0.6919062100000001
600637.SH,600637,东方明珠,19970509,13.7,14.5,13.4,14.26,13.5,0.76,5.63,53049.0,74069.162,7406.9162,74.06916199999999,0.7406916199999999
600637.SH,600637,东方明珠,19970512,14.58,14.98,13.5,13.8,14.26,-0.46,-3.23,56548.0,79628.667,7962.8667,79.62866700000001,0.7962866700000001
600637.SH,600637,东方明珠,19970513,13.68,13.69,12.7,13.3,13.8,-0.5,-3.62,35732.0,47439.499,4743.9499000000005,47.439499000000005,0.47439499
600637.SH,600637,东方明珠,19970514,13.0,13.1,12.39,12.4,13.3,-0.9,-6.77,23087.0,29340.137,2934.0137,29.340137,0.29340137
600637.SH,600637,东方明珠,19970515,12.47,12.99,12.45,12.6,12.4,0.2,1.61,15233.0,19423.502,1942.3502,19.423502,0.1942350199999999
600637.SH,600637,东方明珠,19970516,11.4,12.5,11.34,11.45,12.6,-1.15,-9.13,26651.0,31550.343,3155.0343000000003,31.550343,0.31550343
600637.SH,600637,东方明珠,19970519,12.0,12.38,11.65,11.8,11.45,0.35,3.06,10276.0,12134.317,1213.4317,12.134317,0.12134317
600637.SH,600637,东方明珠,19970520,11.95,12.02,11.8,11.98,11.8,0.18,1.53,8850.0,10574.262,1057.4262,10.574262,0.10574262
600637.SH,600637,东方明珠,19970521,11.9,12.3,11.5,11.7,11.98,-0.28,-2.34,17578.0,21006.231,2100.6231,21.006231,0.21006231
600637.SH,600637,东方明珠,19970522,10.83,11.3,10.53,10.53,11.7,-1.17,-10.0,12000.0,13023.737,1302.3737,13.023737,0.13023737
600637.SH,600637,东方明珠,19970523,10.7,10.89,10.3,10.56,10.53,0.03,0.28,9893.0,10406.307,1040.6307000000002,10.406307000000002,0.10406307
600637.SH,600637,东方明珠,19970526,10.56,10.66,9.65,9.95,10.56,-0.61,-5.78,8267.0,8347.924,834.7924,8.347924,0.08347924
600637.SH,600637,东方明珠,19970527,9.96,10.5,9.92,10.2,9.95,0.25,2.51,8917.0,9084.491,908.4491,9.084491,0.09084491
600637.SH,600637,东方明珠,19970528,10.32,11.0,10.28,10.74,10.2,0.54,5.29,20846.0,22305.749,2230.5749,22.305749,0.22305749
600637.SH,600637,东方明珠,19970529,10.85,11.23,10.78,10.84,10.74,0.1,0.93,16787.0,18483.288,1848.3288,18.483288,0.18483288
600637.SH,600637,东方明珠,19970602,11.4,11.6,11.05,11.37,10.84,0.53,4.89,11576.0,13068.841,1306.8841,13.068841,0.1306884099999999
600637.SH,600637,东方明珠,19970603,11.01,11.63,10.7,11.45,11.37,0.08,0.7,9034.0,10259.818,1025.9818,10.259818,0.10259818
600637.SH,600637,东方明珠,19970604,11.4,11.5,11.02,11.26,11.45,-0.19,-1.66,11130.0,12503.194,1250.3194,12.503194,0.1250319399999999
600637.SH,600637,东方明珠,19970605,11.37,11.45,10.98,11.2,11.26,-0.06,-0.53,11279.0,12613.018,1261.3018,12.613018,0.12613018
600637.SH,600637,东方明珠,19970606,10.11,10.8,10.08,10.15,11.2,-1.05,-9.38,16709.0,17176.62,1717.6619999999998,17.17662,0.1717662
600637.SH,600637,东方明珠,19970609,10.31,10.41,10.08,10.23,10.15,0.08,0.79,4580.0,4667.161,466.7161,4.667161,0.04667161
600637.SH,600637,东方明珠,19970610,10.23,10.33,9.85,9.95,10.23,-0.28,-2.74,4156.0,4213.5,421.35,4.2135,0.042135
600637.SH,600637,东方明珠,19970611,9.9,10.38,9.7,10.35,9.95,0.4,4.02,6046.0,6029.732,602.9732,6.029732,0.06029732
600637.SH,600637,东方明珠,19970612,10.35,10.5,10.1,10.1,10.35,-0.25,-2.42,4876.0,5023.697,502.3697,5.023697,0.05023697
600637.SH,600637,东方明珠,19970613,9.9,10.48,9.85,10.38,10.1,0.28,2.77,6371.0,6562.813,656.2813,6.562813,0.06562813
600637.SH,600637,东方明珠,19970616,10.45,11.0,10.4,10.83,10.38,0.45,4.34,8905.0,9554.97,955.497,9.55497,0.0955496999999999
600637.SH,600637,东方明珠,19970617,10.9,10.96,10.43,10.54,10.83,-0.29,-2.68,5444.0,5746.573,574.6573000000001,5.746573000000001,0.05746573
600637.SH,600637,东方明珠,19970618,10.58,10.75,10.46,10.51,10.54,-0.03,-0.28,3310.0,3501.346,350.1346,3.501346,0.0350134599999999
600637.SH,600637,东方明珠,19970619,10.51,10.71,10.45,10.49,10.51,-0.02,-0.19,3615.0,3828.956,382.8956,3.828956,0.03828956
600637.SH,600637,东方明珠,19970620,10.5,10.85,10.5,10.82,10.49,0.33,3.15,7859.0,8431.382,843.1382,8.431382,0.08431382
600637.SH,600637,东方明珠,19970623,11.0,11.13,10.35,10.44,10.82,-0.38,-3.51,8588.0,9115.89,911.589,9.11589,0.0911589
600637.SH,600637,东方明珠,19970624,10.5,10.52,10.27,10.35,10.44,-0.09,-0.86,6287.0,6503.276,650.3276,6.503276,0.06503276
600637.SH,600637,东方明珠,19970625,10.4,10.76,10.37,10.45,10.35,0.1,0.97,4449.0,4676.132,467.6132,4.676131999999999,0.0467613199999999
600637.SH,600637,东方明珠,19970626,10.45,10.51,10.05,10.23,10.45,-0.22,-2.11,4164.0,4272.256,427.2256,4.2722560000000005,0.04272256
600637.SH,600637,东方明珠,19970627,10.2,10.45,9.83,9.88,10.23,-0.35,-3.42,6198.0,6230.811,623.0811,6.230811,0.06230811
600637.SH,600637,东方明珠,19970702,10.0,10.1,8.89,9.2,9.88,-0.68,-6.88,6303.0,5915.367,591.5367,5.915367,0.05915367
600637.SH,600637,东方明珠,19970703,9.2,9.31,8.69,8.69,9.2,-0.51,-5.54,4609.0,4052.701,405.2701,4.052701,0.04052701
600637.SH,600637,东方明珠,19970704,8.62,8.9,8.3,8.66,8.69,-0.03,-0.35,3630.0,3123.945,312.3945,3.123945,0.03123945
600637.SH,600637,东方明珠,19970707,8.7,8.7,7.8,8.0,8.66,-0.66,-7.62,3831.0,3150.491,315.0491,3.150491,0.03150491
600637.SH,600637,东方明珠,19970708,8.0,8.38,7.75,7.95,8.0,-0.05,-0.63,2535.0,2012.608,201.2608,2.012608,0.0201260799999999
600637.SH,600637,东方明珠,19970709,8.0,8.18,7.94,8.1,7.95,0.15,1.89,2633.0,2119.869,211.9869,2.119869,0.02119869
600637.SH,600637,东方明珠,19970710,8.09,8.21,8.0,8.05,8.1,-0.05,-0.62,2835.0,2290.73,229.073,2.29073,0.0229073
600637.SH,600637,东方明珠,19970711,8.05,8.24,7.98,8.2,8.05,0.15,1.86,2798.0,2268.065,226.8065,2.268065,0.02268065
600637.SH,600637,东方明珠,19970714,8.25,8.3,8.09,8.27,8.2,0.07,0.85,4444.0,3636.735,363.6735,3.636735,0.03636735
600637.SH,600637,东方明珠,19970715,8.3,9.1,8.27,9.1,8.27,0.83,10.04,15137.0,13625.7,1362.5700000000002,13.625700000000002,0.136257
600637.SH,600637,东方明珠,19970716,9.5,10.01,9.42,10.01,9.1,0.91,10.0,14322.0,14100.272,1410.0272,14.100272,0.14100272
600637.SH,600637,东方明珠,19970717,10.48,10.48,9.31,9.8,10.01,-0.21,-2.1,20234.0,20099.146,2009.9146,20.099146,0.20099146
600637.SH,600637,东方明珠,19970718,9.69,9.98,9.65,9.83,9.8,0.03,0.31,5985.0,5883.587,588.3587,5.883587,0.05883587
600637.SH,600637,东方明珠,19970721,10.08,10.08,9.15,9.4,9.83,-0.43,-4.37,3441.0,3301.095,330.1095,3.301095,0.03301095
600637.SH,600637,东方明珠,19970722,9.21,9.35,9.0,9.34,9.4,-0.06,-0.64,5146.0,4721.481,472.1481,4.721481,0.0472148099999999
600637.SH,600637,东方明珠,19970723,9.34,9.68,9.25,9.27,9.34,-0.07,-0.75,3736.0,3538.698,353.8698,3.538698,0.03538698
600637.SH,600637,东方明珠,19970724,9.39,9.45,8.88,8.98,9.27,-0.29,-3.13,3262.0,3001.381,300.1381,3.0013810000000003,0.03001381
600637.SH,600637,东方明珠,19970725,8.9,9.0,8.5,8.88,8.98,-0.1,-1.11,5321.0,4645.862,464.5862,4.645862,0.04645862
600637.SH,600637,东方明珠,19970728,8.88,8.9,8.5,8.6,8.88,-0.28,-3.15,2573.0,2218.784,221.8784,2.218784,0.02218784
600637.SH,600637,东方明珠,19970729,8.5,8.76,8.45,8.55,8.6,-0.05,-0.58,3138.0,2695.586,269.5586,2.695586,0.0269558599999999
600637.SH,600637,东方明珠,19970730,8.65,9.2,8.58,9.16,8.55,0.61,7.13,4602.0,4123.144,412.3144,4.123144,0.04123144
600637.SH,600637,东方明珠,19970731,9.17,9.3,8.95,9.1,9.16,-0.06,-0.66,4497.0,4086.78,408.678,4.08678,0.0408678
600637.SH,600637,东方明珠,19970801,9.15,9.25,9.1,9.18,9.1,0.08,0.88,2931.0,2686.195,268.6195,2.686195,0.02686195
600637.SH,600637,东方明珠,19970804,9.25,9.5,9.18,9.38,9.18,0.2,2.18,2977.0,2797.06,279.706,2.79706,0.0279706
600637.SH,600637,东方明珠,19970805,9.38,9.5,9.0,9.17,9.38,-0.21,-2.24,4031.0,3716.349,371.6349,3.716349,0.03716349
600637.SH,600637,东方明珠,19970806,9.17,9.17,8.77,8.78,9.17,-0.39,-4.25,5013.0,4474.849,447.4849,4.474849000000001,0.04474849
600637.SH,600637,东方明珠,19970807,8.82,9.24,8.82,9.17,8.78,0.39,4.44,3147.0,2828.517,282.8517,2.828517,0.02828517
600637.SH,600637,东方明珠,19970808,9.3,9.5,9.14,9.28,9.17,0.11,1.2,4969.0,4636.986,463.6986,4.636986,0.04636986
600637.SH,600637,东方明珠,19970811,9.35,9.38,9.05,9.06,9.28,-0.22,-2.37,2886.0,2649.907,264.9907,2.649907,0.02649907
600637.SH,600637,东方明珠,19970812,9.28,9.58,9.07,9.15,9.06,0.09,0.99,6278.0,5866.189,586.6189,5.866189,0.05866189
600637.SH,600637,东方明珠,19970813,9.08,9.31,8.7,8.84,9.15,-0.31,-3.39,2789.0,2544.199,254.4199,2.5441990000000003,0.02544199
600637.SH,600637,东方明珠,19970814,9.0,9.24,8.9,9.18,8.84,0.34,3.85,2866.0,2605.597,260.5597,2.6055970000000004,0.02605597
600637.SH,600637,东方明珠,19970815,9.3,9.4,8.95,9.14,9.18,-0.04,-0.44,2935.0,2671.642,267.1642,2.671642,0.0267164199999999
600637.SH,600637,东方明珠,19970818,9.24,9.24,8.98,9.02,9.14,-0.12,-1.31,1780.0,1614.001,161.4001,1.614001,0.01614001
600637.SH,600637,东方明珠,19970819,9.2,9.2,9.03,9.19,9.02,0.17,1.88,1555.0,1421.459,142.1459,1.421459,0.01421459
600637.SH,600637,东方明珠,19970820,9.35,9.35,9.2,9.27,9.19,0.08,0.87,2445.0,2265.645,226.5645,2.265645,0.02265645
600637.SH,600637,东方明珠,19970821,9.3,9.45,9.24,9.43,9.27,0.16,1.73,4233.0,3967.052,396.7052,3.967052,0.03967052
600637.SH,600637,东方明珠,19970822,9.35,9.48,9.2,9.38,9.43,-0.05,-0.53,3123.0,2922.031,292.2031,2.922031,0.02922031
600637.SH,600637,东方明珠,19970825,9.48,9.59,8.8,9.19,9.38,-0.19,-2.03,7818.0,7231.49,723.149,7.23149,0.0723149
600637.SH,600637,东方明珠,19970826,9.14,9.14,8.88,8.95,9.19,-0.24,-2.61,4344.0,3889.116,388.9116,3.889116,0.03889116
600637.SH,600637,东方明珠,19970827,9.1,9.19,8.91,9.08,8.95,0.13,1.45,4673.0,4218.406,421.8406,4.218406,0.0421840599999999
600637.SH,600637,东方明珠,19970828,9.1,9.9,9.1,9.8,9.08,0.72,7.93,16506.0,15818.059,1581.8058999999998,15.818058999999998,0.1581805899999999
600637.SH,600637,东方明珠,19970829,9.77,10.35,9.57,10.09,9.8,0.29,2.96,18368.0,18477.101,1847.7101,18.477101,0.1847710099999999
600637.SH,600637,东方明珠,19970901,10.1,10.15,9.73,9.92,10.09,-0.17,-1.68,8646.0,8555.948,855.5948000000001,8.555948,0.08555948
600637.SH,600637,东方明珠,19970902,9.9,9.98,9.5,9.7,9.92,-0.22,-2.22,5188.0,5048.073,504.80730000000005,5.0480730000000005,0.05048073
600637.SH,600637,东方明珠,19970903,9.68,9.96,9.68,9.82,9.7,0.12,1.24,4383.0,4297.249,429.7249,4.297249,0.04297249
600637.SH,600637,东方明珠,19970904,9.82,10.15,9.7,10.05,9.82,0.23,2.34,7923.0,7887.43,788.743,7.88743,0.0788743
600637.SH,600637,东方明珠,19970905,10.1,10.1,9.8,10.0,10.05,-0.05,-0.5,6106.0,6106.155,610.6155,6.106155,0.06106155
600637.SH,600637,东方明珠,19970908,10.0,10.34,9.99,10.05,10.0,0.05,0.5,9113.0,9275.23,927.523,9.27523,0.0927522999999999
600637.SH,600637,东方明珠,19970909,10.1,10.25,9.71,9.74,10.05,-0.31,-3.08,5645.0,5609.35,560.9350000000001,5.609350000000001,0.0560935
600637.SH,600637,东方明珠,19970910,9.7,9.98,9.6,9.93,9.74,0.19,1.95,4803.0,4688.015,468.8015,4.688015,0.04688015
600637.SH,600637,东方明珠,19970911,10.1,10.5,9.9,10.04,9.93,0.11,1.11,17443.0,17920.669,1792.0669000000005,17.920669000000004,0.17920669
600637.SH,600637,东方明珠,19970912,9.9,10.08,9.39,9.5,10.04,-0.54,-5.38,7774.0,7587.021,758.7021,7.587021,0.07587021
600637.SH,600637,东方明珠,19970915,9.5,9.63,9.0,9.18,9.5,-0.32,-3.37,4043.0,3765.665,376.5665,3.765665,0.03765665
600637.SH,600637,东方明珠,19970916,9.35,9.35,9.18,9.29,9.18,0.11,1.2,2784.0,2572.258,257.2258,2.572258,0.02572258
600637.SH,600637,东方明珠,19970917,9.29,9.29,9.0,9.06,9.29,-0.23,-2.48,2993.0,2725.468,272.5468,2.725468,0.0272546799999999
600637.SH,600637,东方明珠,19970918,9.22,9.22,9.0,9.09,9.06,0.03,0.33,2949.0,2671.548,267.1548,2.671548,0.0267154799999999
600637.SH,600637,东方明珠,19970919,9.1,9.16,9.03,9.15,9.09,0.06,0.66,1892.0,1721.175,172.1175,1.721175,0.01721175
600637.SH,600637,东方明珠,19970922,9.19,9.21,8.4,8.4,9.15,-0.75,-8.2,3094.0,2701.0,270.1,2.701,0.02701
600637.SH,600637,东方明珠,19970923,8.45,8.63,7.61,7.8,8.4,-0.6,-7.14,4176.0,3426.017,342.6017,3.426017,0.03426017
600637.SH,600637,东方明珠,19970924,8.03,8.5,8.03,8.46,7.8,0.66,8.46,3439.0,2846.478,284.6478,2.8464780000000003,0.02846478
600637.SH,600637,东方明珠,19970925,8.68,8.7,8.43,8.46,8.46,0.0,0.0,3127.0,2674.238,267.4238,2.674238,0.02674238
600637.SH,600637,东方明珠,19970926,8.58,8.58,8.25,8.35,8.46,-0.11,-1.3,1532.0,1278.614,127.8614,1.278614,0.01278614
600637.SH,600637,东方明珠,19970929,8.4,8.44,8.15,8.15,8.35,-0.2,-2.4,1745.0,1438.784,143.8784,1.438784,0.01438784
600637.SH,600637,东方明珠,19970930,8.23,8.3,8.15,8.28,8.15,0.13,1.6,1018.0,839.268,83.9268,0.839268,0.00839268
600637.SH,600637,东方明珠,19971006,8.2,8.3,8.2,8.23,8.28,-0.05,-0.6,631.0,521.203,52.1203,0.521203,0.0052120299999999
600637.SH,600637,东方明珠,19971007,8.3,8.48,8.23,8.45,8.23,0.22,2.67,978.0,815.31,81.53099999999999,0.8153099999999999,0.0081530999999999
600637.SH,600637,东方明珠,19971008,8.6,8.91,8.5,8.68,8.45,0.23,2.72,1622.0,1409.89,140.989,1.40989,0.0140989
600637.SH,600637,东方明珠,19971009,8.52,8.9,8.4,8.58,8.68,-0.1,-1.15,1304.0,1131.828,113.1828,1.131828,0.01131828
600637.SH,600637,东方明珠,19971010,8.61,8.81,8.49,8.56,8.58,-0.02,-0.23,1323.0,1134.203,113.4203,1.134203,0.01134203
600637.SH,600637,东方明珠,19971013,8.53,8.7,8.35,8.38,8.56,-0.18,-2.1,1068.0,906.906,90.6906,0.906906,0.0090690599999999
600637.SH,600637,东方明珠,19971014,8.29,8.51,8.25,8.38,8.38,0.0,0.0,1725.0,1436.68,143.668,1.43668,0.0143667999999999
600637.SH,600637,东方明珠,19971015,8.34,8.48,8.25,8.41,8.38,0.03,0.36,1104.0,923.366,92.3366,0.923366,0.00923366
600637.SH,600637,东方明珠,19971016,8.48,8.6,8.46,8.58,8.41,0.17,2.02,1463.0,1249.48,124.948,1.24948,0.0124948
600637.SH,600637,东方明珠,19971017,8.6,8.75,8.53,8.7,8.58,0.12,1.4,3851.0,3325.665,332.5665,3.3256650000000003,0.03325665
600637.SH,600637,东方明珠,19971020,8.8,8.85,8.59,8.73,8.7,0.03,0.34,3334.0,2899.921,289.9921,2.899921,0.02899921
600637.SH,600637,东方明珠,19971021,8.73,8.73,8.58,8.62,8.73,-0.11,-1.26,2656.0,2291.737,229.1737,2.291737,0.02291737
600637.SH,600637,东方明珠,19971022,8.73,8.73,8.31,8.46,8.62,-0.16,-1.86,3131.0,2670.818,267.08180000000004,2.6708180000000006,0.02670818
600637.SH,600637,东方明珠,19971023,8.5,8.6,8.31,8.4,8.46,-0.06,-0.71,2937.0,2496.274,249.6274,2.496274,0.02496274
600637.SH,600637,东方明珠,19971024,8.45,8.54,8.28,8.54,8.4,0.14,1.67,2415.0,2014.255,201.4255,2.014255,0.02014255
600637.SH,600637,东方明珠,19971027,8.54,8.98,8.35,8.98,8.54,0.44,5.15,6173.0,5388.241,538.8241,5.388241000000001,0.05388241
600637.SH,600637,东方明珠,19971028,8.95,8.97,8.49,8.49,8.98,-0.49,-5.46,4477.0,3893.906,389.3906,3.893906,0.03893906
600637.SH,600637,东方明珠,19971029,8.49,8.78,8.31,8.53,8.49,0.04,0.47,3249.0,2777.456,277.7456,2.7774560000000004,0.02777456
600637.SH,600637,东方明珠,19971030,8.58,8.88,8.5,8.54,8.53,0.01,0.12,4122.0,3572.716,357.2716,3.572716,0.03572716
600637.SH,600637,东方明珠,19971031,8.48,8.58,8.31,8.42,8.54,-0.12,-1.41,1660.0,1401.664,140.1664,1.401664,0.01401664
600637.SH,600637,东方明珠,19971103,8.5,8.55,8.34,8.4,8.42,-0.02,-0.24,1884.0,1584.065,158.4065,1.5840649999999998,0.0158406499999999
600637.SH,600637,东方明珠,19971104,8.41,8.5,8.31,8.31,8.4,-0.09,-1.07,2120.0,1771.532,177.1532,1.771532,0.01771532
600637.SH,600637,东方明珠,19971105,8.31,8.38,8.18,8.27,8.31,-0.04,-0.48,3370.0,2780.881,278.0881,2.780881,0.02780881
600637.SH,600637,东方明珠,19971106,8.31,8.44,8.15,8.18,8.27,-0.09,-1.09,3602.0,2964.953,296.4953,2.964953,0.02964953
600637.SH,600637,东方明珠,19971107,8.17,8.3,8.17,8.23,8.18,0.05,0.61,3652.0,2999.427,299.9427,2.999427,0.02999427
600637.SH,600637,东方明珠,19971110,8.24,8.47,8.13,8.4,8.23,0.17,2.07,3801.0,3145.178,314.5178,3.145178,0.03145178
600637.SH,600637,东方明珠,19971111,8.46,8.69,8.4,8.6,8.4,0.2,2.38,5844.0,5010.956,501.0956,5.010956,0.05010956
600637.SH,600637,东方明珠,19971112,8.68,8.71,8.08,8.08,8.6,-0.52,-6.05,3120.0,2625.487,262.5487,2.625487,0.02625487
600637.SH,600637,东方明珠,19971113,8.18,8.43,8.16,8.24,8.08,0.16,1.98,3160.0,2607.648,260.76480000000004,2.607648,0.02607648
600637.SH,600637,东方明珠,19971114,8.3,8.53,8.3,8.35,8.24,0.11,1.34,2706.0,2274.414,227.4414,2.274414,0.02274414
600637.SH,600637,东方明珠,19971117,8.4,8.45,8.2,8.2,8.35,-0.15,-1.8,1654.0,1373.98,137.398,1.37398,0.0137398
600637.SH,600637,东方明珠,19971118,8.2,8.3,8.17,8.18,8.2,-0.02,-0.24,1320.0,1083.952,108.3952,1.083952,0.01083952
600637.SH,600637,东方明珠,19971119,8.2,8.25,8.11,8.13,8.18,-0.05,-0.61,1464.0,1197.588,119.7588,1.197588,0.01197588
600637.SH,600637,东方明珠,19971120,8.11,8.17,8.05,8.08,8.13,-0.05,-0.62,2153.0,1745.107,174.5107,1.745107,0.01745107
600637.SH,600637,东方明珠,19971121,8.1,8.1,7.9,7.92,8.08,-0.16,-1.98,2488.0,1988.966,198.8966,1.988966,0.0198896599999999
600637.SH,600637,东方明珠,19971124,7.91,7.91,7.65,7.68,7.92,-0.24,-3.03,2283.0,1758.563,175.8563,1.758563,0.01758563
600637.SH,600637,东方明珠,19971125,7.65,7.78,7.58,7.62,7.68,-0.06,-0.78,2087.0,1594.824,159.4824,1.594824,0.01594824
600637.SH,600637,东方明珠,19971126,7.78,7.85,7.7,7.85,7.62,0.23,3.02,1222.0,949.0,94.9,0.949,0.00949
600637.SH,600637,东方明珠,19971127,7.85,8.3,7.85,7.92,7.85,0.07,0.89,4624.0,3762.0,376.2,3.762,0.03762
600637.SH,600637,东方明珠,19971128,7.9,7.98,7.8,7.97,7.92,0.05,0.63,981.0,772.0,77.2,0.772,0.00772
600637.SH,600637,东方明珠,19971201,8.01,8.01,7.78,7.81,7.97,-0.16,-2.01,905.0,714.448,71.4448,0.714448,0.00714448
600637.SH,600637,东方明珠,19971202,7.85,7.98,7.72,7.81,7.81,0.0,0.0,1252.0,982.344,98.2344,0.982344,0.00982344
600637.SH,600637,东方明珠,19971203,7.85,7.88,7.79,7.83,7.81,0.02,0.26,979.0,766.712,76.6712,0.766712,0.0076671199999999
600637.SH,600637,东方明珠,19971204,7.8,7.93,7.7,7.78,7.83,-0.05,-0.64,1899.0,1478.172,147.8172,1.478172,0.01478172
600637.SH,600637,东方明珠,19971205,7.88,7.9,7.7,7.8,7.78,0.02,0.26,1448.0,1129.065,112.9065,1.129065,0.01129065
600637.SH,600637,东方明珠,19971208,7.79,7.93,7.72,7.8,7.8,0.0,0.0,1410.0,1095.856,109.5856,1.095856,0.01095856
600637.SH,600637,东方明珠,19971209,7.81,7.81,7.73,7.75,7.8,-0.05,-0.64,779.0,604.81,60.481,0.60481,0.0060481
600637.SH,600637,东方明珠,19971210,7.8,8.05,7.8,7.97,7.75,0.22,2.84,1735.0,1375.381,137.5381,1.3753810000000002,0.01375381
600637.SH,600637,东方明珠,19971211,8.05,8.2,7.98,8.15,7.97,0.18,2.26,3141.0,2536.879,253.6879,2.536879,0.02536879
600637.SH,600637,东方明珠,19971212,8.15,8.15,7.86,7.86,8.15,-0.29,-3.56,1707.0,1360.076,136.0076,1.360076,0.01360076
600637.SH,600637,东方明珠,19971215,7.88,8.0,7.86,7.9,7.86,0.04,0.51,1961.0,1552.117,155.2117,1.552117,0.0155211699999999
600637.SH,600637,东方明珠,19971216,7.89,7.96,7.78,7.83,7.9,-0.07,-0.89,1590.0,1245.038,124.5038,1.245038,0.01245038
600637.SH,600637,东方明珠,19971217,7.82,8.1,7.82,7.88,7.83,0.05,0.64,5657.0,4525.657,452.5657,4.525657,0.0452565699999999
600637.SH,600637,东方明珠,19971218,8.0,8.49,7.93,8.28,7.88,0.4,5.08,6483.0,5344.903,534.4903,5.344903,0.05344903
600637.SH,600637,东方明珠,19971219,8.35,8.79,8.27,8.72,8.28,0.44,5.31,16308.0,14047.56,1404.756,14.04756,0.1404755999999999
600637.SH,600637,东方明珠,19971222,8.75,8.83,8.42,8.5,8.72,-0.22,-2.52,6476.0,5538.099,553.8099,5.538099,0.05538099
600637.SH,600637,东方明珠,19971223,8.58,8.6,8.31,8.47,8.5,-0.03,-0.35,3717.0,3149.909,314.9909,3.149909,0.03149909
600637.SH,600637,东方明珠,19971224,8.69,8.7,8.2,8.25,8.47,-0.22,-2.6,2854.0,2384.516,238.4516,2.384516,0.02384516
600637.SH,600637,东方明珠,19971225,8.25,8.46,8.23,8.33,8.25,0.08,0.97,3332.0,2767.174,276.7174,2.767174,0.0276717399999999
600637.SH,600637,东方明珠,19971226,8.33,8.38,8.15,8.28,8.33,-0.05,-0.6,3444.0,2836.178,283.6178,2.836178,0.02836178
600637.SH,600637,东方明珠,19971229,8.48,8.48,8.13,8.14,8.28,-0.14,-1.69,3466.0,2851.131,285.1131,2.851131,0.0285113099999999
600637.SH,600637,东方明珠,19971230,8.15,8.2,8.0,8.09,8.14,-0.05,-0.61,2081.0,1685.056,168.50560000000002,1.685056,0.01685056
600637.SH,600637,东方明珠,19971231,8.08,8.2,8.01,8.12,8.09,0.03,0.37,1571.0,1274.357,127.4357,1.274357,0.01274357
600637.SH,600637,东方明珠,19980105,8.22,8.36,8.2,8.27,8.12,0.15,1.85,3697.0,3056.579,305.65790000000004,3.0565790000000006,0.03056579
600637.SH,600637,东方明珠,19980106,8.28,8.4,8.18,8.27,8.27,0.0,0.0,2731.0,2259.842,225.9842,2.2598420000000004,0.02259842
600637.SH,600637,东方明珠,19980107,8.27,8.47,8.17,8.45,8.27,0.18,2.18,4794.0,3957.543,395.7543,3.957543,0.0395754299999999
600637.SH,600637,东方明珠,19980108,8.45,8.45,8.17,8.2,8.45,-0.25,-2.96,2390.0,1985.923,198.5923,1.985923,0.01985923
600637.SH,600637,东方明珠,19980109,8.2,8.59,8.15,8.38,8.2,0.18,2.2,4603.0,3826.853,382.6853,3.826853,0.0382685299999999
600637.SH,600637,东方明珠,19980112,8.38,8.38,8.15,8.19,8.38,-0.19,-2.27,3819.0,3142.094,314.2094,3.142094,0.03142094
600637.SH,600637,东方明珠,19980113,8.19,8.2,7.38,7.68,8.19,-0.51,-6.23,4847.0,3689.54,368.954,3.68954,0.0368954
600637.SH,600637,东方明珠,19980114,7.75,7.95,7.65,7.9,7.68,0.22,2.86,3535.0,2767.463,276.7463,2.767463,0.02767463
600637.SH,600637,东方明珠,19980115,7.91,8.06,7.85,8.0,7.9,0.1,1.27,2218.0,1758.394,175.8394,1.758394,0.01758394
600637.SH,600637,东方明珠,19980116,7.9,7.95,7.75,7.8,8.0,-0.2,-2.5,2846.0,2234.476,223.4476,2.2344760000000004,0.02234476
600637.SH,600637,东方明珠,19980119,8.0,8.05,7.7,7.8,7.8,0.0,0.0,3470.0,2713.053,271.3053,2.713053,0.02713053
600637.SH,600637,东方明珠,19980120,7.9,7.98,7.8,7.92,7.8,0.12,1.54,1461.0,1145.935,114.5935,1.145935,0.01145935
600637.SH,600637,东方明珠,19980121,8.2,8.53,8.08,8.24,7.92,0.32,4.04,9619.0,8029.135,802.9135,8.029135,0.08029135
600637.SH,600637,东方明珠,19980122,8.28,8.3,8.02,8.04,8.24,-0.2,-2.43,2407.0,1949.968,194.9968,1.949968,0.01949968
600637.SH,600637,东方明珠,19980123,8.05,8.2,8.05,8.18,8.04,0.14,1.74,2205.0,1785.478,178.5478,1.785478,0.01785478
600637.SH,600637,东方明珠,19980209,8.4,8.53,8.28,8.37,8.18,0.19,2.32,4009.0,3350.001,335.00010000000003,3.350001,0.03350001
600637.SH,600637,东方明珠,19980210,8.75,8.75,8.38,8.4,8.37,0.03,0.36,3917.0,3328.106,332.8106,3.328106,0.03328106
600637.SH,600637,东方明珠,19980211,8.38,8.51,8.3,8.4,8.4,0.0,0.0,2709.0,2274.51,227.451,2.2745100000000003,0.0227451
600637.SH,600637,东方明珠,19980212,8.44,8.65,8.35,8.47,8.4,0.07,0.83,4501.0,3835.677,383.5677,3.835677,0.03835677
600637.SH,600637,东方明珠,19980213,8.5,8.5,8.29,8.31,8.47,-0.16,-1.89,2470.0,2066.494,206.6494,2.066494,0.02066494
600637.SH,600637,东方明珠,19980216,8.3,8.4,8.18,8.22,8.31,-0.09,-1.08,2220.0,1845.407,184.5407,1.845407,0.01845407
600637.SH,600637,东方明珠,19980217,8.26,8.33,8.18,8.26,8.22,0.04,0.49,1861.0,1536.103,153.6103,1.536103,0.01536103
600637.SH,600637,东方明珠,19980218,8.22,8.49,8.2,8.34,8.26,0.08,0.97,2792.0,2330.533,233.0533,2.330533,0.02330533
600637.SH,600637,东方明珠,19980219,8.31,8.37,8.26,8.33,8.34,-0.01,-0.12,1407.0,1167.738,116.7738,1.1677380000000002,0.01167738
600637.SH,600637,东方明珠,19980220,8.35,8.38,8.25,8.31,8.33,-0.02,-0.24,2278.0,1891.54,189.154,1.89154,0.0189154
600637.SH,600637,东方明珠,19980223,8.3,8.3,8.0,8.14,8.31,-0.17,-2.05,2931.0,2368.054,236.8054,2.3680540000000003,0.02368054
600637.SH,600637,东方明珠,19980224,8.17,8.17,8.0,8.1,8.14,-0.04,-0.49,1790.0,1446.264,144.6264,1.446264,0.01446264
600637.SH,600637,东方明珠,19980225,8.1,8.43,8.05,8.18,8.1,0.08,0.99,3874.0,3208.64,320.864,3.20864,0.0320864
600637.SH,600637,东方明珠,19980226,8.15,8.33,8.05,8.1,8.18,-0.08,-0.98,1435.0,1163.793,116.3793,1.163793,0.0116379299999999
600637.SH,600637,东方明珠,19980227,8.13,8.58,8.13,8.55,8.1,0.45,5.56,10895.0,9209.435,920.9435,9.209435,0.0920943499999999
600637.SH,600637,东方明珠,19980302,8.88,9.41,8.81,9.41,8.55,0.86,10.06,18722.0,17400.537,1740.0537,17.400537,0.17400537
600637.SH,600637,东方明珠,19980303,9.76,9.93,8.9,9.15,9.41,-0.26,-2.76,45525.0,43176.46,4317.646,43.17646,0.4317646
600637.SH,600637,东方明珠,19980304,9.1,9.29,8.83,9.1,9.15,-0.05,-0.55,12802.0,11621.879,1162.1879,11.621879000000002,0.11621879
600637.SH,600637,东方明珠,19980305,9.15,9.47,9.1,9.27,9.1,0.17,1.87,11210.0,10442.871,1044.2871,10.442871,0.10442871
600637.SH,600637,东方明珠,19980306,9.27,9.33,9.01,9.06,9.27,-0.21,-2.27,6834.0,6227.482,622.7482,6.227482,0.06227482
600637.SH,600637,东方明珠,19980309,9.08,9.18,8.85,8.87,9.06,-0.19,-2.1,4927.0,4397.891,439.7891,4.397891,0.0439789099999999
600637.SH,600637,东方明珠,19980310,8.8,8.8,8.6,8.66,8.87,-0.21,-2.37,4841.0,4208.443,420.8443,4.208443,0.04208443
600637.SH,600637,东方明珠,19980311,8.6,8.76,8.48,8.48,8.66,-0.18,-2.08,4309.0,3717.27,371.727,3.71727,0.0371726999999999
600637.SH,600637,东方明珠,19980312,8.5,8.7,8.48,8.55,8.48,0.07,0.83,2639.0,2266.251,226.62510000000003,2.2662510000000005,0.02266251
600637.SH,600637,东方明珠,19980313,8.55,8.65,8.5,8.6,8.55,0.05,0.58,1920.0,1645.243,164.52429999999998,1.6452429999999998,0.0164524299999999
600637.SH,600637,东方明珠,19980316,8.6,9.06,8.51,8.95,8.6,0.35,4.07,4572.0,4050.827,405.0827000000001,4.050827000000001,0.04050827
600637.SH,600637,东方明珠,19980317,9.0,9.08,8.85,8.92,8.95,-0.03,-0.34,3656.0,3267.377,326.7377,3.267377,0.03267377
600637.SH,600637,东方明珠,19980318,8.9,9.04,8.75,8.75,8.92,-0.17,-1.91,2664.0,2371.505,237.1505,2.3715050000000004,0.02371505
600637.SH,600637,东方明珠,19980319,8.73,8.8,8.62,8.65,8.75,-0.1,-1.14,1873.0,1629.275,162.9275,1.629275,0.01629275
600637.SH,600637,东方明珠,19980320,8.65,8.94,8.65,8.71,8.65,0.06,0.69,2152.0,1890.429,189.0429,1.890429,0.01890429
600637.SH,600637,东方明珠,19980323,8.75,8.86,8.6,8.8,8.71,0.09,1.03,2695.0,2363.337,236.3337,2.363337,0.02363337
600637.SH,600637,东方明珠,19980324,8.8,9.14,8.8,9.09,8.8,0.29,3.3,6222.0,5619.777,561.9777,5.619777,0.05619777
600637.SH,600637,东方明珠,19980325,9.2,9.4,8.83,8.9,9.09,-0.19,-2.09,10123.0,9275.131,927.5131,9.275130999999998,0.0927513099999999
600637.SH,600637,东方明珠,19980326,8.81,9.6,8.71,9.39,8.9,0.49,5.51,13837.0,12756.484,1275.6484,12.756484,0.12756484
600637.SH,600637,东方明珠,19980327,9.39,9.7,9.34,9.5,9.39,0.11,1.17,23580.0,22520.595,2252.0595000000003,22.520595000000004,0.22520595
600637.SH,600637,东方明珠,19980330,9.58,9.65,9.26,9.46,9.5,-0.04,-0.42,13277.0,12479.038,1247.9038,12.479038,0.12479038
600637.SH,600637,东方明珠,19980331,9.46,9.5,9.15,9.21,9.46,-0.25,-2.64,8178.0,7586.295,758.6295,7.586295,0.07586295
600637.SH,600637,东方明珠,19980401,9.2,9.56,9.19,9.46,9.21,0.25,2.71,8035.0,7519.384,751.9384,7.519384,0.07519384
600637.SH,600637,东方明珠,19980402,9.48,9.9,9.27,9.36,9.46,-0.1,-1.06,15746.0,15163.084,1516.3084,15.163084,0.15163084
600637.SH,600637,东方明珠,19980403,9.3,9.7,9.0,9.62,9.36,0.26,2.78,13523.0,12711.646,1271.1646,12.711646,0.12711646
600637.SH,600637,东方明珠,19980406,9.7,10.38,9.59,10.12,9.62,0.5,5.2,32381.0,32474.957,3247.4957,32.474957,0.32474957
600637.SH,600637,东方明珠,19980407,10.12,10.29,9.8,9.9,10.12,-0.22,-2.17,13269.0,13240.198,1324.0198,13.240198,0.13240198
600637.SH,600637,东方明珠,19980408,9.88,10.5,9.8,10.33,9.9,0.43,4.34,30765.0,31586.211,3158.6211,31.586211,0.31586211
600637.SH,600637,东方明珠,19980409,10.33,10.45,9.5,9.6,10.33,-0.73,-7.07,20057.0,19901.452,1990.1452,19.901452000000003,0.19901452
600637.SH,600637,东方明珠,19980410,9.6,9.96,9.21,9.82,9.6,0.22,2.29,18944.0,18222.227,1822.2227,18.222227,0.1822222699999999
600637.SH,600637,东方明珠,19980413,9.85,9.98,9.5,9.65,9.82,-0.17,-1.73,10753.0,10388.646,1038.8646,10.388646,0.10388646
600637.SH,600637,东方明珠,19980414,9.58,9.82,9.38,9.6,9.65,-0.05,-0.52,6910.0,6615.896,661.5896,6.615896,0.06615896
600637.SH,600637,东方明珠,19980415,9.6,9.89,9.5,9.63,9.6,0.03,0.31,6673.0,6484.414,648.4413999999999,6.484413999999999,0.06484414
600637.SH,600637,东方明珠,19980416,9.6,10.05,9.52,10.0,9.63,0.37,3.84,11154.0,10884.068,1088.4068,10.884068,0.10884068
600637.SH,600637,东方明珠,19980417,10.0,10.78,9.9,10.18,10.0,0.18,1.8,34328.0,35413.351,3541.3351,35.413351000000006,0.35413351
600637.SH,600637,东方明珠,19980420,10.2,10.58,10.19,10.25,10.18,0.07,0.69,16309.0,16914.084,1691.4083999999998,16.914084,0.16914084
600637.SH,600637,东方明珠,19980421,10.25,10.48,9.98,10.13,10.25,-0.12,-1.17,10352.0,10476.393,1047.6393,10.476393,0.10476393
600637.SH,600637,东方明珠,19980422,10.36,10.45,10.18,10.35,10.13,0.22,2.17,12531.0,12931.45,1293.145,12.93145,0.1293145
600637.SH,600637,东方明珠,19980423,10.31,10.5,10.0,10.1,10.35,-0.25,-2.42,11952.0,12201.683,1220.1683,12.201683,0.12201683
600637.SH,600637,东方明珠,19980424,10.1,10.28,9.8,9.8,10.1,-0.3,-2.97,10959.0,10956.855,1095.6855,10.956855,0.10956855
600637.SH,600637,东方明珠,19980427,9.72,9.91,9.65,9.68,9.8,-0.12,-1.22,7312.0,7125.012,712.5011999999999,7.125011999999999,0.0712501199999999
600637.SH,600637,东方明珠,19980428,9.91,10.09,9.65,10.06,9.68,0.38,3.93,7911.0,7770.404,777.0404000000001,7.770404000000001,0.07770404
600637.SH,600637,东方明珠,19980430,10.0,10.38,9.78,9.81,10.06,-0.25,-2.49,5740.0,5680.822,568.0822000000001,5.680822000000001,0.05680822
600637.SH,600637,东方明珠,19980504,9.83,9.97,9.67,9.72,9.81,-0.09,-0.92,6367.0,6195.775,619.5775,6.195775,0.06195775
600637.SH,600637,东方明珠,19980505,9.75,9.8,9.6,9.62,9.72,-0.1,-1.03,6830.0,6600.954,660.0953999999999,6.600953999999999,0.0660095399999999
600637.SH,600637,东方明珠,19980506,9.6,9.87,9.5,9.8,9.62,0.18,1.87,7349.0,7137.493,713.7493000000001,7.137493000000001,0.07137493
600637.SH,600637,东方明珠,19980507,9.81,9.85,9.38,9.55,9.8,-0.25,-2.55,6620.0,6385.589,638.5589,6.385589,0.06385589
600637.SH,600637,东方明珠,19980508,9.55,9.95,9.5,9.87,9.55,0.32,3.35,8906.0,8672.172,867.2172,8.672172,0.08672172
600637.SH,600637,东方明珠,19980511,9.11,9.21,8.75,8.8,8.97,-0.17,-1.9,11228.0,10120.011,1012.0011,10.120011,0.10120011
600637.SH,600637,东方明珠,19980512,8.8,9.0,8.65,8.72,8.8,-0.08,-0.91,6764.0,5964.468,596.4467999999999,5.964467999999999,0.0596446799999999
600637.SH,600637,东方明珠,19980513,8.8,9.09,8.75,8.95,8.72,0.23,2.64,9215.0,8236.473,823.6473,8.236473,0.08236473
600637.SH,600637,东方明珠,19980514,9.0,9.3,9.0,9.06,8.95,0.11,1.23,11945.0,10906.599,1090.6599,10.906599000000002,0.10906599
600637.SH,600637,东方明珠,19980515,9.12,9.25,8.83,8.89,9.06,-0.17,-1.88,6480.0,5811.257,581.1256999999999,5.811257,0.0581125699999999
600637.SH,600637,东方明珠,19980518,8.9,8.92,8.61,8.68,8.89,-0.21,-2.36,5334.0,4646.712,464.67120000000006,4.646712000000001,0.04646712
600637.SH,600637,东方明珠,19980519,8.7,8.85,8.65,8.78,8.68,0.1,1.15,3554.0,3110.18,311.018,3.11018,0.0311018
600637.SH,600637,东方明珠,19980520,8.83,8.85,8.62,8.62,8.78,-0.16,-1.82,5237.0,4544.661,454.4661,4.544661,0.04544661
600637.SH,600637,东方明珠,19980521,8.65,8.7,8.48,8.62,8.62,0.0,0.0,4764.0,4091.105,409.1105,4.091105,0.04091105
600637.SH,600637,东方明珠,19980522,8.65,9.0,8.63,9.0,8.62,0.38,4.41,9785.0,8719.906,871.9906000000001,8.719906000000002,0.08719906
600637.SH,600637,东方明珠,19980525,9.06,9.88,9.06,9.79,9.0,0.79,8.78,45741.0,43823.059,4382.3059,43.823059,0.43823059
600637.SH,600637,东方明珠,19980526,9.88,9.95,9.57,9.75,9.79,-0.04,-0.41,25560.0,24865.579,2486.5579,24.865579000000004,0.24865579
600637.SH,600637,东方明珠,19980527,9.9,10.49,9.62,10.4,9.75,0.65,6.67,45346.0,46238.884,4623.8884,46.238884,0.4623888399999999
600637.SH,600637,东方明珠,19980528,10.4,10.65,10.17,10.35,10.4,-0.05,-0.48,27783.0,28844.383,2884.4383000000003,28.844383000000004,0.28844383
600637.SH,600637,东方明珠,19980529,10.4,10.94,10.15,10.36,10.35,0.01,0.1,31434.0,33037.142,3303.7142,33.037142,0.3303714199999999
600637.SH,600637,东方明珠,19980601,10.49,10.8,10.3,10.6,10.36,0.24,2.32,28541.0,30267.078,3026.7078,30.267078,0.30267078
600637.SH,600637,东方明珠,19980602,10.6,10.85,10.29,10.5,10.6,-0.1,-0.94,19262.0,20266.605,2026.6605,20.266605,0.20266605
600637.SH,600637,东方明珠,19980603,10.63,10.7,10.37,10.57,10.5,0.07,0.67,14020.0,14747.289,1474.7289,14.747289,0.14747289
600637.SH,600637,东方明珠,19980604,10.57,10.9,10.4,10.67,10.57,0.1,0.95,20055.0,21533.611,2153.3611,21.533611,0.21533611
600637.SH,600637,东方明珠,19980605,10.65,11.48,10.55,11.41,10.67,0.74,6.94,49525.0,54914.471,5491.447099999999,54.91447099999999,0.5491447099999999
600637.SH,600637,东方明珠,19980608,11.58,11.69,11.15,11.26,11.41,-0.15,-1.31,33209.0,38080.417,3808.0417,38.080417,0.38080417
600637.SH,600637,东方明珠,19980609,11.1,11.25,10.34,10.56,11.26,-0.7,-6.22,26055.0,28168.871,2816.8871,28.168871,0.28168871
600637.SH,600637,东方明珠,19980610,10.5,10.68,10.1,10.22,10.56,-0.34,-3.22,17763.0,18302.101,1830.2101,18.302101,0.1830210099999999
600637.SH,600637,东方明珠,19980611,10.3,10.5,10.05,10.2,10.22,-0.02,-0.2,11176.0,11560.373,1156.0373,11.560373,0.11560373
600637.SH,600637,东方明珠,19980612,10.59,11.22,10.58,11.22,10.2,1.02,10.0,32298.0,35554.331,3555.4331,35.554331,0.35554331
600637.SH,600637,东方明珠,19980615,11.51,11.58,11.22,11.33,11.22,0.11,0.98,36062.0,41016.401,4101.6401,41.016401,0.4101640099999999
600637.SH,600637,东方明珠,19980616,11.31,11.96,11.05,11.5,11.33,0.17,1.5,36626.0,42271.748,4227.1748,42.271748,0.42271748
600637.SH,600637,东方明珠,19980617,11.66,12.65,11.66,12.06,11.5,0.56,4.87,47599.0,58219.015,5821.9015,58.219015,0.58219015
600637.SH,600637,东方明珠,19980618,12.1,12.37,11.9,12.25,12.06,0.19,1.58,24286.0,29439.451,2943.9451,29.439451,0.29439451
600637.SH,600637,东方明珠,19980619,12.27,12.39,12.0,12.19,12.25,-0.06,-0.49,18732.0,22813.074,2281.3074,22.813074,0.22813074
600637.SH,600637,东方明珠,19980622,12.25,12.85,12.25,12.48,12.19,0.29,2.38,19017.0,23925.153,2392.5153,23.925153,0.23925153
600637.SH,600637,东方明珠,19980623,12.48,12.5,12.18,12.44,12.48,-0.04,-0.32,11937.0,14742.979,1474.2979,14.742979,0.14742979
600637.SH,600637,东方明珠,19980624,12.4,12.4,11.3,11.73,12.44,-0.71,-5.71,38228.0,45315.744,4531.5744,45.315744,0.4531574399999999
600637.SH,600637,东方明珠,19980625,11.5,11.9,11.15,11.8,11.73,0.07,0.6,28564.0,32790.889,3279.0889,32.790889,0.32790889
600637.SH,600637,东方明珠,19980626,11.75,11.79,11.4,11.44,11.8,-0.36,-3.05,13288.0,15335.029,1533.5029,15.335029,0.15335029
600637.SH,600637,东方明珠,19980629,11.38,11.39,11.05,11.23,11.44,-0.21,-1.84,9678.0,10831.254,1083.1254,10.831254,0.10831254
600637.SH,600637,东方明珠,19980630,11.23,11.42,11.05,11.16,11.23,-0.07,-0.62,5963.0,6683.36,668.336,6.68336,0.0668336
600637.SH,600637,东方明珠,19980701,11.48,11.5,10.51,10.6,11.16,-0.56,-5.02,9830.0,10807.701,1080.7701,10.807701,0.10807701
600637.SH,600637,东方明珠,19980702,10.5,10.79,10.18,10.6,10.6,0.0,0.0,10108.0,10608.062,1060.8062,10.608062,0.10608062
600637.SH,600637,东方明珠,19980703,10.71,10.91,10.53,10.57,10.6,-0.03,-0.28,5727.0,6133.679,613.3679,6.133679,0.06133679
600637.SH,600637,东方明珠,19980706,10.6,10.7,10.05,10.11,10.57,-0.46,-4.35,5309.0,5483.19,548.319,5.48319,0.0548318999999999
600637.SH,600637,东方明珠,19980707,10.1,10.58,10.09,10.41,10.11,0.3,2.97,4571.0,4749.86,474.986,4.74986,0.0474986
600637.SH,600637,东方明珠,19980708,10.5,10.52,10.3,10.48,10.41,0.07,0.67,6046.0,6294.119,629.4119,6.294118999999999,0.06294119
600637.SH,600637,东方明珠,19980709,10.5,10.7,10.34,10.65,10.48,0.17,1.62,5334.0,5628.025,562.8025,5.628025,0.05628025
600637.SH,600637,东方明珠,19980710,10.75,11.0,10.66,10.82,10.65,0.17,1.6,6253.0,6777.664,677.7664,6.777664,0.06777664
600637.SH,600637,东方明珠,19980713,10.88,11.05,10.78,10.89,10.82,0.07,0.65,5707.0,6226.806,622.6805999999999,6.226805999999999,0.0622680599999999
600637.SH,600637,东方明珠,19980714,10.93,10.93,10.4,10.45,10.89,-0.44,-4.04,5128.0,5429.81,542.981,5.42981,0.0542980999999999
600637.SH,600637,东方明珠,19980715,10.35,10.49,10.23,10.36,10.45,-0.09,-0.86,5912.0,6101.752,610.1752,6.101752,0.06101752
600637.SH,600637,东方明珠,19980716,10.48,10.6,10.32,10.49,10.36,0.13,1.25,3020.0,3146.853,314.6853,3.146853,0.0314685299999999
600637.SH,600637,东方明珠,19980717,10.5,10.5,10.1,10.2,10.49,-0.29,-2.76,4135.0,4262.859,426.2859,4.262859000000001,0.04262859
600637.SH,600637,东方明珠,19980720,10.15,10.15,9.58,9.69,10.2,-0.51,-5.0,7300.0,7144.24,714.424,7.14424,0.0714424
600637.SH,600637,东方明珠,19980721,9.69,9.9,9.69,9.88,9.69,0.19,1.96,4045.0,3962.65,396.265,3.96265,0.0396265
600637.SH,600637,东方明珠,19980722,9.9,9.9,9.65,9.66,9.88,-0.22,-2.23,2842.0,2766.541,276.6541,2.766541,0.02766541
600637.SH,600637,东方明珠,19980723,9.72,10.09,9.68,10.09,9.66,0.43,4.45,4002.0,3947.553,394.7553,3.947553,0.0394755299999999
600637.SH,600637,东方明珠,19980724,10.09,10.25,9.98,10.15,10.09,0.06,0.59,4372.0,4429.893,442.9893,4.429893,0.04429893
600637.SH,600637,东方明珠,19980727,10.15,10.15,9.85,9.97,10.15,-0.18,-1.77,2625.0,2616.07,261.607,2.61607,0.0261607
600637.SH,600637,东方明珠,19980728,9.9,10.0,9.8,9.83,9.97,-0.14,-1.4,2153.0,2123.45,212.345,2.12345,0.0212344999999999
600637.SH,600637,东方明珠,19980729,9.87,10.0,9.8,9.86,9.83,0.03,0.31,2706.0,2667.298,266.72979999999995,2.667298,0.02667298
600637.SH,600637,东方明珠,19980730,9.95,10.06,9.82,9.92,9.86,0.06,0.61,1801.0,1787.593,178.7593,1.787593,0.0178759299999999
600637.SH,600637,东方明珠,19980731,10.0,10.0,9.8,9.9,9.92,-0.02,-0.2,1984.0,1961.103,196.1103,1.961103,0.01961103
600637.SH,600637,东方明珠,19980803,9.9,9.94,9.61,9.68,9.9,-0.22,-2.22,2104.0,2050.676,205.0676,2.050676,0.02050676
600637.SH,600637,东方明珠,19980804,9.68,9.68,9.34,9.43,9.68,-0.25,-2.58,2558.0,2417.561,241.7561,2.417561,0.02417561
600637.SH,600637,东方明珠,19980805,9.43,9.6,9.43,9.5,9.43,0.07,0.74,2301.0,2180.859,218.0859,2.180859,0.02180859
600637.SH,600637,东方明珠,19980806,9.51,9.74,9.48,9.48,9.5,-0.02,-0.21,1579.0,1512.325,151.23250000000002,1.512325,0.01512325
600637.SH,600637,东方明珠,19980807,9.44,9.44,9.2,9.22,9.48,-0.26,-2.74,3214.0,2985.682,298.5682,2.985682,0.0298568199999999
600637.SH,600637,东方明珠,19980810,9.1,9.1,8.7,8.86,9.22,-0.36,-3.9,2726.0,2432.734,243.2734,2.432734,0.02432734
600637.SH,600637,东方明珠,19980811,8.7,8.98,8.7,8.85,8.86,-0.01,-0.11,1484.0,1315.922,131.5922,1.3159219999999998,0.0131592199999999
600637.SH,600637,东方明珠,19980812,8.9,8.9,8.3,8.56,8.85,-0.29,-3.28,3687.0,3123.456,312.3456,3.123456,0.03123456
600637.SH,600637,东方明珠,19980813,8.68,8.7,8.52,8.7,8.56,0.14,1.64,2507.0,2157.27,215.727,2.15727,0.0215727
600637.SH,600637,东方明珠,19980814,8.7,8.8,8.2,8.3,8.7,-0.4,-4.6,1894.0,1597.986,159.79860000000002,1.597986,0.01597986
600637.SH,600637,东方明珠,19980817,8.2,8.2,7.47,7.47,8.3,-0.83,-10.0,4483.0,3410.831,341.0831,3.410831,0.03410831
600637.SH,600637,东方明珠,19980818,7.45,7.79,7.23,7.35,7.47,-0.12,-1.61,4158.0,3113.578,311.3578,3.113578,0.03113578
600637.SH,600637,东方明珠,19980819,7.4,7.78,7.4,7.72,7.35,0.37,5.03,3289.0,2508.541,250.8541,2.508541,0.02508541
600637.SH,600637,东方明珠,19980820,7.72,8.2,7.7,8.14,7.72,0.42,5.44,6267.0,5035.89,503.58900000000006,5.03589,0.0503589
600637.SH,600637,东方明珠,19980821,8.2,8.49,8.1,8.38,8.14,0.24,2.95,6350.0,5292.902,529.2902,5.292902000000001,0.05292902
600637.SH,600637,东方明珠,19980824,8.38,8.38,8.1,8.3,8.38,-0.08,-0.95,5021.0,4129.352,412.9352,4.129352,0.04129352
600637.SH,600637,东方明珠,19980825,8.2,8.29,8.08,8.29,8.3,-0.01,-0.12,2627.0,2142.008,214.2008,2.142008,0.0214200799999999
600637.SH,600637,东方明珠,19980826,8.3,8.66,8.22,8.23,8.29,-0.06,-0.72,3387.0,2859.513,285.9513,2.859513,0.02859513
600637.SH,600637,东方明珠,19980827,8.1,8.18,8.08,8.09,8.23,-0.14,-1.7,1901.0,1543.321,154.3321,1.543321,0.01543321
600637.SH,600637,东方明珠,19980828,8.03,8.18,7.51,7.91,8.09,-0.18,-2.23,3282.0,2585.535,258.5535,2.585535,0.0258553499999999
600637.SH,600637,东方明珠,19980831,7.6,8.09,7.47,8.09,7.91,0.18,2.28,3009.0,2303.989,230.3989,2.303989,0.02303989
600637.SH,600637,东方明珠,19980901,7.95,8.07,7.72,7.85,8.09,-0.24,-2.97,2110.0,1681.277,168.1277,1.681277,0.01681277
600637.SH,600637,东方明珠,19980902,7.95,8.13,7.85,7.9,7.85,0.05,0.64,2751.0,2188.686,218.8686,2.188686,0.02188686
600637.SH,600637,东方明珠,19980903,7.88,8.07,7.8,7.98,7.9,0.08,1.01,1855.0,1482.763,148.2763,1.4827629999999998,0.0148276299999999
600637.SH,600637,东方明珠,19980904,8.1,8.66,8.1,8.52,7.98,0.54,6.77,10891.0,9210.895,921.0895,9.210895,0.09210895
600637.SH,600637,东方明珠,19980907,8.75,9.09,8.72,8.93,8.52,0.41,4.81,13729.0,12245.488,1224.5488,12.245488,0.12245488
600637.SH,600637,东方明珠,19980908,8.9,9.02,8.7,8.7,8.93,-0.23,-2.58,9016.0,7941.016,794.1016,7.941015999999999,0.07941016
600637.SH,600637,东方明珠,19980909,8.7,9.1,8.6,9.1,8.7,0.4,4.6,11841.0,10649.206,1064.9206,10.649206,0.10649206
600637.SH,600637,东方明珠,19980910,9.11,9.38,8.94,9.13,9.1,0.03,0.33,9934.0,9113.226,911.3226,9.113226,0.09113226
600637.SH,600637,东方明珠,19980911,9.25,9.65,9.2,9.35,9.13,0.22,2.41,14257.0,13466.505,1346.6505,13.466505,0.13466505
600637.SH,600637,东方明珠,19980914,9.35,9.69,9.35,9.54,9.35,0.19,2.03,10551.0,10059.686,1005.9686,10.059686,0.10059686
600637.SH,600637,东方明珠,19980915,9.6,9.68,9.3,9.34,9.54,-0.2,-2.1,7651.0,7187.682,718.7682,7.187682,0.07187682
600637.SH,600637,东方明珠,19980916,9.34,9.9,9.2,9.85,9.34,0.51,5.46,11252.0,10671.397,1067.1397000000002,10.671397000000002,0.10671397
600637.SH,600637,东方明珠,19980917,9.98,10.68,9.85,9.95,9.85,0.1,1.02,28313.0,29051.093,2905.1093,29.051093,0.29051093
600637.SH,600637,东方明珠,19980918,9.97,9.98,9.3,9.45,9.95,-0.5,-5.03,12749.0,12322.606,1232.2606,12.322606,0.12322606
600637.SH,600637,东方明珠,19980921,9.3,9.6,9.2,9.58,9.45,0.13,1.38,7898.0,7465.92,746.592,7.46592,0.0746592
600637.SH,600637,东方明珠,19980922,9.6,9.65,9.28,9.38,9.58,-0.2,-2.09,4923.0,4646.524,464.65240000000006,4.646524,0.04646524
600637.SH,600637,东方明珠,19980923,9.28,9.58,9.23,9.34,9.38,-0.04,-0.43,5310.0,4961.97,496.197,4.96197,0.0496197
600637.SH,600637,东方明珠,19980924,9.38,9.52,9.1,9.1,9.34,-0.24,-2.57,5442.0,5028.77,502.87700000000007,5.028770000000001,0.0502877
600637.SH,600637,东方明珠,19980925,9.0,9.45,8.96,9.42,9.1,0.32,3.52,5355.0,4896.819,489.6819,4.896819000000001,0.04896819
600637.SH,600637,东方明珠,19980928,9.4,9.45,9.21,9.26,9.42,-0.16,-1.7,3665.0,3414.141,341.4141,3.4141410000000003,0.03414141
600637.SH,600637,东方明珠,19980929,9.28,9.5,9.25,9.4,9.26,0.14,1.51,3506.0,3271.516,327.15160000000003,3.271516,0.03271516
600637.SH,600637,东方明珠,19980930,9.5,9.5,9.35,9.4,9.4,0.0,0.0,2644.0,2497.118,249.7118,2.497118,0.02497118
600637.SH,600637,东方明珠,19981005,9.41,9.47,9.28,9.31,9.4,-0.09,-0.96,2582.0,2412.04,241.204,2.41204,0.0241204
600637.SH,600637,东方明珠,19981006,9.31,9.32,9.06,9.09,9.31,-0.22,-2.36,2796.0,2565.091,256.5091,2.565091,0.02565091
600637.SH,600637,东方明珠,19981007,9.09,9.25,9.08,9.21,9.09,0.12,1.32,2064.0,1891.383,189.1383,1.8913830000000005,0.01891383
600637.SH,600637,东方明珠,19981008,9.2,9.72,9.2,9.63,9.21,0.42,4.56,8617.0,8230.274,823.0274,8.230274,0.08230274
600637.SH,600637,东方明珠,19981009,9.75,9.98,9.56,9.78,9.63,0.15,1.56,12794.0,12544.705,1254.4705,12.544705,0.1254470499999999
600637.SH,600637,东方明珠,19981012,9.82,10.35,9.76,10.33,9.78,0.55,5.62,22637.0,23018.99,2301.8990000000003,23.01899,0.2301899
600637.SH,600637,东方明珠,19981013,10.33,10.46,9.95,9.96,10.33,-0.37,-3.58,14459.0,14635.68,1463.568,14.63568,0.1463568
600637.SH,600637,东方明珠,19981014,9.9,10.72,9.89,10.7,9.96,0.74,7.43,30508.0,31596.404,3159.6404,31.596404,0.3159640399999999
600637.SH,600637,东方明珠,19981015,10.73,11.33,10.53,10.82,10.7,0.12,1.12,68354.0,75065.117,7506.5117,75.065117,0.75065117
600637.SH,600637,东方明珠,19981016,10.88,11.2,10.6,10.67,10.82,-0.15,-1.39,33755.0,36890.485,3689.0485,36.890485,0.36890485
600637.SH,600637,东方明珠,19981019,10.75,10.84,10.5,10.62,10.67,-0.05,-0.47,12291.0,13150.543,1315.0543,13.150543,0.13150543
600637.SH,600637,东方明珠,19981020,10.65,11.22,10.62,11.2,10.62,0.58,5.46,22789.0,25097.026,2509.7026,25.097026,0.25097026
600637.SH,600637,东方明珠,19981021,11.2,11.2,10.61,10.64,11.2,-0.56,-5.0,20418.0,22203.106,2220.3106,22.203106,0.2220310599999999
600637.SH,600637,东方明珠,19981022,10.56,10.78,10.2,10.55,10.64,-0.09,-0.85,18695.0,19574.79,1957.479,19.57479,0.1957479
600637.SH,600637,东方明珠,19981023,10.55,10.6,10.25,10.31,10.55,-0.24,-2.27,11216.0,11728.613,1172.8613,11.728613,0.11728613
600637.SH,600637,东方明珠,19981026,10.2,10.28,9.95,10.24,10.31,-0.07,-0.68,10787.0,10901.645,1090.1645,10.901645,0.10901645
600637.SH,600637,东方明珠,19981027,10.2,10.5,10.17,10.45,10.24,0.21,2.05,6308.0,6539.667,653.9667000000001,6.539667000000001,0.06539667
600637.SH,600637,东方明珠,19981028,10.5,10.9,10.4,10.72,10.45,0.27,2.58,10452.0,11170.943,1117.0943,11.170943,0.11170943
600637.SH,600637,东方明珠,19981029,10.73,10.82,10.38,10.38,10.72,-0.34,-3.17,5882.0,6187.874,618.7873999999999,6.187873999999999,0.0618787399999999
600637.SH,600637,东方明珠,19981030,10.3,10.49,10.2,10.21,10.38,-0.17,-1.64,5967.0,6146.992,614.6992,6.146992,0.06146992
600637.SH,600637,东方明珠,19981102,10.2,10.54,10.2,10.43,10.21,0.22,2.15,6212.0,6425.018,642.5018,6.425018,0.0642501799999999
600637.SH,600637,东方明珠,19981103,10.5,10.74,10.4,10.68,10.43,0.25,2.4,7645.0,8119.165,811.9165,8.119165,0.08119165
600637.SH,600637,东方明珠,19981104,10.78,10.98,10.69,10.87,10.68,0.19,1.78,15257.0,16586.993,1658.6992999999998,16.586992999999996,0.1658699299999999
600637.SH,600637,东方明珠,19981105,10.9,11.1,10.88,10.9,10.87,0.03,0.28,18063.0,19863.454,1986.3454,19.863454,0.19863454
600637.SH,600637,东方明珠,19981106,10.95,11.2,10.75,10.75,10.9,-0.15,-1.38,15903.0,17426.812,1742.6812000000002,17.426812,0.17426812
600637.SH,600637,东方明珠,19981109,10.93,10.93,10.75,10.82,10.75,0.07,0.65,11222.0,12151.137,1215.1137,12.151137,0.12151137
600637.SH,600637,东方明珠,19981110,10.85,11.45,10.85,11.08,10.82,0.26,2.4,23920.0,26802.23,2680.223,26.80223,0.2680223
600637.SH,600637,东方明珠,19981111,11.12,11.59,11.08,11.42,11.08,0.34,3.07,33044.0,37722.961,3772.296100000001,37.722961000000005,0.37722961
600637.SH,600637,东方明珠,19981112,11.45,11.59,11.0,11.29,11.42,-0.13,-1.14,15352.0,17253.365,1725.3365,17.253365000000002,0.17253365
600637.SH,600637,东方明珠,19981113,11.29,11.29,11.01,11.2,11.29,-0.09,-0.8,11864.0,13187.949,1318.7949,13.187949,0.13187949
600637.SH,600637,东方明珠,19981116,11.3,11.37,11.07,11.3,11.2,0.1,0.89,7204.0,8066.453,806.6453,8.066453000000001,0.08066453
600637.SH,600637,东方明珠,19981117,11.2,11.3,10.9,11.19,11.3,-0.11,-0.97,9135.0,10109.631,1010.9631,10.109631,0.10109631
600637.SH,600637,东方明珠,19981118,11.04,11.14,10.8,10.87,11.19,-0.32,-2.86,8334.0,9087.699,908.7699,9.087699,0.09087699
600637.SH,600637,东方明珠,19981119,10.87,11.05,10.73,10.75,10.87,-0.12,-1.1,5599.0,6080.673,608.0672999999999,6.080672999999999,0.0608067299999999
600637.SH,600637,东方明珠,19981120,10.7,10.94,10.53,10.9,10.75,0.15,1.4,9498.0,10213.792,1021.3792,10.213792,0.10213792
600637.SH,600637,东方明珠,19981123,10.92,11.38,10.92,11.25,10.9,0.35,3.21,18333.0,20535.94,2053.594,20.53594,0.2053594
600637.SH,600637,东方明珠,19981124,11.35,11.43,11.18,11.23,11.25,-0.02,-0.18,14214.0,16071.642,1607.1642,16.071642,0.16071642
600637.SH,600637,东方明珠,19981125,11.35,11.59,11.15,11.41,11.23,0.18,1.6,25599.0,29220.227,2922.0227,29.220227,0.29220227
600637.SH,600637,东方明珠,19981126,11.41,11.65,11.31,11.36,11.41,-0.05,-0.44,17693.0,20357.0,2035.7,20.357,0.20357
600637.SH,600637,东方明珠,19981127,11.4,11.85,11.4,11.58,11.36,0.22,1.94,32811.0,38331.0,3833.1,38.331,0.38331
600637.SH,600637,东方明珠,19981130,11.68,11.98,11.52,11.62,11.58,0.04,0.35,18322.0,21455.0,2145.5,21.455,0.21455
600637.SH,600637,东方明珠,19981201,11.58,11.66,10.51,10.64,11.62,-0.98,-8.43,47036.0,51568.265,5156.8265,51.568265,0.51568265
600637.SH,600637,东方明珠,19981202,10.54,10.55,10.01,10.26,10.64,-0.38,-3.57,21857.0,22339.06,2233.906,22.33906,0.2233906
600637.SH,600637,东方明珠,19981203,10.35,10.37,10.2,10.22,10.26,-0.04,-0.39,6953.0,7145.83,714.583,7.14583,0.0714583
600637.SH,600637,东方明珠,19981204,10.21,10.22,9.71,9.75,10.22,-0.47,-4.6,13826.0,13658.33,1365.833,13.65833,0.1365833
600637.SH,600637,东方明珠,19981207,9.85,10.0,9.72,9.78,9.75,0.03,0.31,5648.0,5575.124,557.5124,5.575124,0.05575124
600637.SH,600637,东方明珠,19981208,9.83,10.11,9.83,10.04,9.78,0.26,2.66,4470.0,4468.671,446.8671000000001,4.4686710000000005,0.04468671
600637.SH,600637,东方明珠,19981209,10.0,10.1,9.98,10.01,10.04,-0.03,-0.3,2257.0,2260.513,226.0513,2.260513,0.02260513
600637.SH,600637,东方明珠,19981210,10.18,10.37,9.96,10.04,10.01,0.03,0.3,5929.0,6020.983,602.0983,6.020983,0.06020983
600637.SH,600637,东方明珠,19981211,9.97,10.14,9.8,10.09,10.04,0.05,0.5,2127.0,2123.923,212.3923,2.123923,0.0212392299999999
600637.SH,600637,东方明珠,19981214,10.1,10.2,9.8,9.91,10.09,-0.18,-1.78,2827.0,2829.505,282.95050000000003,2.829505,0.02829505
600637.SH,600637,东方明珠,19981215,9.85,9.9,9.59,9.79,9.91,-0.12,-1.21,5013.0,4864.981,486.4981,4.864980999999999,0.0486498099999999
600637.SH,600637,东方明珠,19981216,9.8,9.84,9.46,9.48,9.79,-0.31,-3.17,4533.0,4338.573,433.8573,4.338573,0.04338573
600637.SH,600637,东方明珠,19981217,9.43,9.43,9.14,9.15,9.48,-0.33,-3.48,4551.0,4197.564,419.7564,4.197564000000001,0.04197564
600637.SH,600637,东方明珠,19981218,9.15,9.29,9.07,9.18,9.15,0.03,0.33,2422.0,2223.988,222.3988,2.223988,0.02223988
600637.SH,600637,东方明珠,19981221,9.18,9.3,9.08,9.09,9.18,-0.09,-0.98,2700.0,2476.568,247.65680000000003,2.4765680000000003,0.02476568
600637.SH,600637,东方明珠,19981222,9.15,9.4,9.14,9.4,9.09,0.31,3.41,3327.0,3088.484,308.8484,3.088484,0.0308848399999999
600637.SH,600637,东方明珠,19981223,9.4,9.47,9.18,9.19,9.4,-0.21,-2.23,2292.0,2128.261,212.8261,2.128261,0.02128261
600637.SH,600637,东方明珠,19981224,9.2,9.25,9.08,9.13,9.19,-0.06,-0.65,2592.0,2364.665,236.4665,2.364665,0.02364665
600637.SH,600637,东方明珠,19981225,9.18,9.35,9.15,9.21,9.13,0.08,0.88,1480.0,1372.727,137.2727,1.3727270000000005,0.01372727
600637.SH,600637,东方明珠,19981228,9.38,9.4,9.2,9.28,9.21,0.07,0.76,1457.0,1351.025,135.10250000000002,1.351025,0.01351025
600637.SH,600637,东方明珠,19981229,9.28,9.3,9.15,9.17,9.28,-0.11,-1.19,1715.0,1580.524,158.05239999999998,1.5805239999999998,0.0158052399999999
600637.SH,600637,东方明珠,19981230,9.16,9.24,9.0,9.2,9.17,0.03,0.33,1846.0,1682.036,168.2036,1.682036,0.01682036
600637.SH,600637,东方明珠,19981231,9.25,9.27,9.15,9.17,9.2,-0.03,-0.33,730.0,670.479,67.0479,0.6704789999999999,0.0067047899999999
600637.SH,600637,东方明珠,19990104,9.16,9.16,8.8,8.8,9.17,-0.37,-4.03,1654.0,1477.289,147.7289,1.477289,0.01477289
600637.SH,600637,东方明珠,19990105,8.8,8.95,8.6,8.7,8.8,-0.1,-1.14,2712.0,2357.487,235.7487,2.3574870000000003,0.02357487
600637.SH,600637,东方明珠,19990106,8.8,8.88,8.5,8.83,8.7,0.13,1.49,1874.0,1651.294,165.1294,1.651294,0.01651294
600637.SH,600637,东方明珠,19990107,8.75,8.9,8.7,8.79,8.83,-0.04,-0.45,1625.0,1425.742,142.5742,1.4257419999999998,0.0142574199999999
600637.SH,600637,东方明珠,19990108,8.8,9.4,8.8,9.37,8.79,0.58,6.6,4227.0,3892.589,389.2589,3.892589,0.03892589
600637.SH,600637,东方明珠,19990111,9.37,9.47,9.18,9.38,9.37,0.01,0.11,2610.0,2421.519,242.1519,2.421519,0.02421519
600637.SH,600637,东方明珠,19990112,9.25,9.35,9.2,9.21,9.38,-0.17,-1.81,2018.0,1870.224,187.0224,1.870224,0.01870224
600637.SH,600637,东方明珠,19990113,9.2,9.23,9.02,9.18,9.21,-0.03,-0.33,2847.0,2600.017,260.0017,2.600017,0.02600017
600637.SH,600637,东方明珠,19990114,9.15,9.15,9.0,9.13,9.18,-0.05,-0.54,1808.0,1638.784,163.8784,1.638784,0.01638784
600637.SH,600637,东方明珠,19990115,9.1,9.19,8.85,8.85,9.13,-0.28,-3.07,2245.0,2009.117,200.9117,2.009117,0.02009117
600637.SH,600637,东方明珠,19990118,8.81,9.42,8.65,9.4,8.85,0.55,6.21,5838.0,5345.31,534.5310000000001,5.34531,0.0534531
600637.SH,600637,东方明珠,19990119,9.38,9.52,9.3,9.41,9.4,0.01,0.11,5929.0,5579.301,557.9301,5.579301,0.05579301
600637.SH,600637,东方明珠,19990120,9.42,9.75,9.42,9.56,9.41,0.15,1.59,7046.0,6779.391,677.9390999999999,6.779391,0.06779391
600637.SH,600637,东方明珠,19990121,9.55,9.7,9.46,9.6,9.56,0.04,0.42,2540.0,2431.031,243.1031,2.431031,0.0243103099999999
600637.SH,600637,东方明珠,19990122,9.62,9.8,9.51,9.56,9.6,-0.04,-0.42,2755.0,2650.136,265.0136,2.650136,0.0265013599999999
600637.SH,600637,东方明珠,19990125,9.69,9.9,9.69,9.72,9.56,0.16,1.67,6410.0,6290.741,629.0741,6.290741000000001,0.06290741
600637.SH,600637,东方明珠,19990126,9.72,9.74,9.41,9.64,9.72,-0.08,-0.82,3346.0,3205.566,320.5566,3.205566,0.03205566
600637.SH,600637,东方明珠,19990127,9.51,9.66,9.51,9.6,9.64,-0.04,-0.41,1939.0,1856.463,185.6463,1.856463,0.01856463
600637.SH,600637,东方明珠,19990128,9.69,9.84,9.58,9.62,9.6,0.02,0.21,3032.0,2946.216,294.6216,2.946216,0.02946216
600637.SH,600637,东方明珠,19990129,9.64,9.64,9.3,9.3,9.62,-0.32,-3.33,2955.0,2794.32,279.432,2.7943200000000004,0.0279432
600637.SH,600637,东方明珠,19990201,9.4,9.55,9.3,9.35,9.3,0.05,0.54,2663.0,2503.243,250.3243,2.503243,0.0250324299999999
600637.SH,600637,东方明珠,19990202,9.35,9.4,9.1,9.25,9.35,-0.1,-1.07,1832.0,1699.236,169.92360000000002,1.6992360000000002,0.01699236
600637.SH,600637,东方明珠,19990203,9.3,9.3,9.15,9.17,9.25,-0.08,-0.86,997.0,918.08,91.808,0.91808,0.0091808
600637.SH,600637,东方明珠,19990204,9.12,9.3,9.12,9.15,9.17,-0.02,-0.22,1502.0,1379.932,137.9932,1.379932,0.0137993199999999
600637.SH,600637,东方明珠,19990205,9.17,9.2,8.9,8.95,9.15,-0.2,-2.19,2259.0,2045.106,204.5106,2.045106,0.02045106
600637.SH,600637,东方明珠,19990208,8.9,9.2,8.8,8.9,8.95,-0.05,-0.56,1968.0,1757.47,175.747,1.75747,0.0175747
600637.SH,600637,东方明珠,19990209,8.95,9.2,8.95,9.2,8.9,0.3,3.37,1368.0,1250.612,125.0612,1.250612,0.01250612
600637.SH,600637,东方明珠,19990301,9.31,9.5,9.25,9.44,9.2,0.24,2.61,1844.0,1727.953,172.7953,1.727953,0.01727953
600637.SH,600637,东方明珠,19990302,9.44,9.52,9.38,9.52,9.44,0.08,0.85,1726.0,1627.357,162.7357,1.6273570000000002,0.01627357
600637.SH,600637,东方明珠,19990303,9.52,9.8,9.45,9.72,9.52,0.2,2.1,3626.0,3515.043,351.5043,3.515043,0.0351504299999999
600637.SH,600637,东方明珠,19990304,9.72,9.81,9.58,9.64,9.72,-0.08,-0.82,3035.0,2936.658,293.6658,2.936658,0.02936658
600637.SH,600637,东方明珠,19990305,9.6,9.7,9.51,9.6,9.64,-0.04,-0.41,2754.0,2642.847,264.28470000000004,2.6428470000000006,0.02642847
600637.SH,600637,东方明珠,19990308,9.6,10.54,9.59,10.4,9.6,0.8,8.33,18921.0,19267.735,1926.7735,19.267735,0.19267735
600637.SH,600637,东方明珠,19990309,10.51,10.6,10.25,10.31,10.4,-0.09,-0.87,14933.0,15594.821,1559.4821,15.594821,0.15594821
600637.SH,600637,东方明珠,19990310,10.3,10.76,10.12,10.58,10.31,0.27,2.62,12686.0,13312.246,1331.2246,13.312246,0.13312246
600637.SH,600637,东方明珠,19990311,10.6,10.74,10.43,10.6,10.58,0.02,0.19,8579.0,9091.471,909.1471,9.091471,0.0909147099999999
600637.SH,600637,东方明珠,19990312,10.59,10.8,10.5,10.69,10.6,0.09,0.85,10826.0,11591.613,1159.1613,11.591613,0.11591613
600637.SH,600637,东方明珠,19990315,10.8,10.8,10.6,10.64,10.69,-0.05,-0.47,6452.0,6909.42,690.942,6.90942,0.0690942
600637.SH,600637,东方明珠,19990316,10.62,10.7,10.35,10.46,10.64,-0.18,-1.69,6363.0,6664.642,666.4642,6.664642,0.06664642
600637.SH,600637,东方明珠,19990317,10.41,10.5,10.25,10.28,10.46,-0.18,-1.72,6068.0,6292.937,629.2937,6.292936999999999,0.06292937
600637.SH,600637,东方明珠,19990318,10.18,10.35,10.15,10.25,10.28,-0.03,-0.29,3958.0,4054.49,405.449,4.05449,0.0405448999999999
600637.SH,600637,东方明珠,19990319,10.3,11.28,10.3,10.9,10.25,0.65,6.34,41616.0,45883.17,4588.317,45.88317,0.4588317
600637.SH,600637,东方明珠,19990322,11.0,11.25,10.82,10.85,10.9,-0.05,-0.46,16790.0,18525.778,1852.5778,18.525778,0.1852577799999999
600637.SH,600637,东方明珠,19990323,10.9,11.85,10.79,11.55,10.85,0.7,6.45,44208.0,50657.39,5065.739,50.65738999999999,0.5065738999999999
600637.SH,600637,东方明珠,19990324,11.62,12.18,11.6,11.95,11.55,0.4,3.46,71235.0,85174.087,8517.4087,85.174087,0.85174087
600637.SH,600637,东方明珠,19990325,11.93,12.11,11.6,11.67,11.95,-0.28,-2.34,29472.0,35066.413,3506.6413,35.066413000000004,0.35066413
600637.SH,600637,东方明珠,19990326,11.6,12.23,11.6,12.0,11.67,0.33,2.83,28495.0,34150.092,3415.0091999999995,34.150091999999994,0.3415009199999999
600637.SH,600637,东方明珠,19990329,12.1,12.59,12.08,12.24,12.0,0.24,2.0,39609.0,48980.68,4898.068,48.98068,0.4898068
600637.SH,600637,东方明珠,19990330,12.2,12.2,11.74,11.9,12.24,-0.34,-2.78,18658.0,22252.257,2225.2257,22.252257,0.22252257
600637.SH,600637,东方明珠,19990331,11.81,12.5,11.81,12.5,11.9,0.6,5.04,36712.0,45301.974,4530.1974,45.301974,0.45301974
600637.SH,600637,东方明珠,19990401,12.58,12.86,12.25,12.58,12.5,0.08,0.64,31549.0,39629.864,3962.9864,39.629864000000005,0.39629864
600637.SH,600637,东方明珠,19990402,12.53,12.64,12.1,12.47,12.58,-0.11,-0.87,45583.0,56126.287,5612.628699999999,56.12628699999999,0.5612628699999999
600637.SH,600637,东方明珠,19990405,12.55,13.18,12.2,13.12,12.47,0.65,5.21,48946.0,62734.458,6273.4458,62.734458,0.6273445799999999
600637.SH,600637,东方明珠,19990406,13.1,13.29,12.98,13.09,13.12,-0.03,-0.23,27390.0,35918.769,3591.8769,35.918769000000005,0.35918769
600637.SH,600637,东方明珠,19990407,12.98,13.18,12.64,12.73,13.09,-0.36,-2.75,29185.0,37535.07,3753.507,37.53507,0.3753507
600637.SH,600637,东方明珠,19990408,12.7,13.15,12.58,13.1,12.73,0.37,2.91,28840.0,37174.52,3717.452,37.17452,0.3717452
600637.SH,600637,东方明珠,19990409,13.18,13.8,13.05,13.18,13.1,0.08,0.61,47195.0,63405.842,6340.584199999999,63.40584199999999,0.6340584199999999
600637.SH,600637,东方明珠,19990412,13.08,13.2,12.38,12.41,13.18,-0.77,-5.84,39070.0,50142.337,5014.2337,50.142337,0.5014233699999999
600637.SH,600637,东方明珠,19990413,12.35,12.55,12.18,12.35,12.41,-0.06,-0.48,21073.0,25999.338,2599.9338,25.999338,0.25999338
600637.SH,600637,东方明珠,19990414,12.48,12.64,11.92,12.07,12.35,-0.28,-2.27,18473.0,22624.966,2262.4966,22.624966,0.22624966
600637.SH,600637,东方明珠,19990415,12.09,12.38,11.98,12.24,12.07,0.17,1.41,13454.0,16353.322,1635.3322,16.353322000000002,0.16353322
600637.SH,600637,东方明珠,19990416,12.24,12.43,12.14,12.17,12.24,-0.07,-0.57,14595.0,17919.892,1791.9892,17.919892,0.17919892
600637.SH,600637,东方明珠,19990419,12.17,12.25,11.9,11.91,12.17,-0.26,-2.14,10918.0,13201.028,1320.1028,13.201028,0.13201028
600637.SH,600637,东方明珠,19990420,11.91,12.46,11.85,12.3,11.91,0.39,3.27,13820.0,16872.229,1687.2229,16.872229,0.16872229
600637.SH,600637,东方明珠,19990421,12.4,12.75,12.08,12.18,12.3,-0.12,-0.98,22443.0,27997.589,2799.7589,27.997589,0.27997589
600637.SH,600637,东方明珠,19990422,10.97,12.05,10.97,11.89,12.18,-0.29,-2.38,19604.0,23276.081,2327.6081,23.276081,0.2327608099999999
600637.SH,600637,东方明珠,19990423,11.89,12.45,11.89,12.16,11.89,0.27,2.27,15758.0,19346.437,1934.6437,19.346437,0.19346437
600637.SH,600637,东方明珠,19990426,12.2,12.58,11.7,11.87,12.16,-0.29,-2.38,18580.0,22695.562,2269.5562,22.695562,0.22695562
600637.SH,600637,东方明珠,19990427,11.67,12.1,11.18,11.2,11.87,-0.67,-5.64,15499.0,17985.26,1798.5259999999998,17.985259999999997,0.1798525999999999
600637.SH,600637,东方明珠,19990428,11.5,11.6,10.2,10.29,11.2,-0.91,-8.13,17235.0,18449.3,1844.93,18.4493,0.1844929999999999
600637.SH,600637,东方明珠,19990429,10.29,10.68,10.29,10.58,10.29,0.29,2.82,10070.0,10595.414,1059.5414,10.595414,0.10595414
600637.SH,600637,东方明珠,19990430,10.65,11.0,10.58,10.74,10.58,0.16,1.51,10868.0,11760.254,1176.0254,11.760254,0.1176025399999999
600637.SH,600637,东方明珠,19990504,10.8,10.95,10.46,10.7,10.74,-0.04,-0.37,6363.0,6763.189,676.3189,6.763189,0.06763189
600637.SH,600637,东方明珠,19990505,10.7,10.78,10.49,10.7,10.7,0.0,0.0,4763.0,5041.469,504.1469,5.041469,0.05041469
600637.SH,600637,东方明珠,19990506,10.71,11.25,10.71,11.13,10.7,0.43,4.02,11721.0,12957.72,1295.772,12.95772,0.1295772
600637.SH,600637,东方明珠,19990507,11.18,11.37,10.92,10.99,11.13,-0.14,-1.26,7803.0,8737.714,873.7714,8.737714,0.08737714
600637.SH,600637,东方明珠,19990510,10.85,10.98,10.22,10.35,10.99,-0.64,-5.82,11320.0,12008.825,1200.8825000000002,12.008825000000002,0.12008825
600637.SH,600637,东方明珠,19990511,10.55,10.94,10.5,10.9,10.35,0.55,5.31,8169.0,8783.806,878.3806000000001,8.783806,0.08783806
600637.SH,600637,东方明珠,19990512,10.98,11.3,10.9,11.18,10.9,0.28,2.57,14667.0,16376.308,1637.6308,16.376308,0.16376308
600637.SH,600637,东方明珠,19990513,11.28,11.3,10.92,10.98,11.18,-0.2,-1.79,4222.0,4657.247,465.7247,4.657247000000001,0.04657247
600637.SH,600637,东方明珠,19990514,11.02,11.08,10.7,10.75,10.98,-0.23,-2.09,5710.0,6238.85,623.885,6.23885,0.0623885
600637.SH,600637,东方明珠,19990517,10.68,11.55,10.58,11.45,10.75,0.7,6.51,14619.0,16461.497,1646.1497,16.461496999999998,0.1646149699999999
600637.SH,600637,东方明珠,19990518,11.5,11.65,11.19,11.28,11.45,-0.17,-1.48,11403.0,13093.072,1309.3072,13.093072,0.13093072
600637.SH,600637,东方明珠,19990519,11.22,12.41,11.22,12.41,11.28,1.13,10.02,36975.0,44973.542,4497.3542,44.973542,0.4497354199999999
600637.SH,600637,东方明珠,19990520,12.99,13.65,12.95,13.65,12.41,1.24,9.99,161416.0,218137.654,21813.7654,218.137654,2.18137654
600637.SH,600637,东方明珠,19990521,14.01,15.02,13.85,15.02,13.65,1.37,10.04,162549.0,237951.781,23795.1781,237.951781,2.37951781
600637.SH,600637,东方明珠,19990524,16.52,16.52,16.5,16.52,15.02,1.5,9.99,17623.0,29113.0,2911.3,29.113000000000003,0.29113
600637.SH,600637,东方明珠,19990525,18.17,18.17,17.8,18.17,16.52,1.65,9.99,160548.0,291290.712,29129.0712,291.290712,2.91290712
600637.SH,600637,东方明珠,19990526,18.5,19.99,17.82,19.99,18.17,1.82,10.02,178689.0,337108.438,33710.8438,337.10843800000004,3.3710843800000005
600637.SH,600637,东方明珠,19990527,20.7,21.8,18.81,19.4,19.99,-0.59,-2.95,110555.0,219849.093,21984.9093,219.849093,2.19849093
600637.SH,600637,东方明珠,19990531,21.34,21.34,19.96,21.34,19.4,1.94,10.0,130206.0,271156.052,27115.6052,271.15605200000005,2.7115605200000004
600637.SH,600637,东方明珠,19990601,21.44,23.47,20.92,23.47,21.34,2.13,9.98,97287.0,219576.877,21957.6877,219.576877,2.1957687700000004
600637.SH,600637,东方明珠,19990602,23.6,25.72,22.68,22.72,23.47,-0.75,-3.2,105094.0,253860.874,25386.0874,253.860874,2.53860874
600637.SH,600637,东方明珠,19990603,22.1,24.4,21.1,23.3,22.72,0.58,2.55,98653.0,222880.569,22288.0569,222.880569,2.22880569
600637.SH,600637,东方明珠,19990604,23.42,23.75,21.7,21.8,23.3,-1.5,-6.44,66521.0,148996.043,14899.6043,148.996043,1.4899604300000002
600637.SH,600637,东方明珠,19990607,21.5,22.9,21.33,22.75,21.8,0.95,4.36,45971.0,101995.412,10199.5412,101.995412,1.01995412
600637.SH,600637,东方明珠,19990608,22.8,24.95,22.21,23.3,22.75,0.55,2.42,92968.0,219185.693,21918.5693,219.185693,2.19185693
600637.SH,600637,东方明珠,19990609,23.0,23.05,21.64,22.35,23.3,-0.95,-4.08,48876.0,109050.864,10905.0864,109.050864,1.09050864
600637.SH,600637,东方明珠,19990610,22.34,22.85,21.5,21.7,22.35,-0.65,-2.91,38926.0,85920.077,8592.0077,85.920077,0.8592007700000001
600637.SH,600637,东方明珠,19990611,21.5,22.25,21.31,21.58,21.7,-0.12,-0.55,24762.0,53603.852,5360.3852,53.603852,0.53603852
600637.SH,600637,东方明珠,19990614,21.81,23.6,21.68,22.65,21.58,1.07,4.96,41270.0,93555.703,9355.5703,93.555703,0.93555703
600637.SH,600637,东方明珠,19990615,23.0,24.92,22.8,24.78,22.65,2.13,9.4,147713.0,360955.75,36095.575,360.95575,3.6095575
600637.SH,600637,东方明珠,19990616,25.5,26.48,24.0,24.87,24.78,0.09,0.36,110498.0,277175.399,27717.5399,277.175399,2.77175399
600637.SH,600637,东方明珠,19990617,25.1,25.41,22.9,23.9,24.87,-0.97,-3.9,81439.0,193842.969,19384.2969,193.842969,1.93842969
600637.SH,600637,东方明珠,19990618,23.5,23.63,21.8,22.4,23.9,-1.5,-6.28,66247.0,149312.505,14931.2505,149.312505,1.49312505
600637.SH,600637,东方明珠,19990621,22.05,22.8,21.38,21.95,22.4,-0.45,-2.01,39060.0,85584.102,8558.4102,85.584102,0.8558410200000001
600637.SH,600637,东方明珠,19990622,22.0,23.3,22.0,22.61,21.95,0.66,3.01,37378.0,85245.404,8524.5404,85.245404,0.8524540399999999
600637.SH,600637,东方明珠,19990623,22.9,24.85,21.9,24.8,22.61,2.19,9.69,76176.0,178988.144,17898.8144,178.988144,1.78988144
600637.SH,600637,东方明珠,19990624,24.98,25.99,24.0,24.52,24.8,-0.28,-1.13,86502.0,216178.096,21617.8096,216.178096,2.16178096
600637.SH,600637,东方明珠,19990625,24.7,26.85,23.3,23.4,24.52,-1.12,-4.57,96332.0,243824.592,24382.4592,243.824592,2.4382459200000004
600637.SH,600637,东方明珠,19990628,23.8,25.74,23.5,25.74,23.4,2.34,10.0,62154.0,154153.631,15415.3631,154.153631,1.54153631
600637.SH,600637,东方明珠,19990629,27.74,28.3,25.75,26.8,25.74,1.06,4.12,99895.0,271116.381,27111.6381,271.116381,2.71116381
600637.SH,600637,东方明珠,19990630,26.5,26.5,24.12,24.12,26.8,-2.68,-10.0,62086.0,153399.65,15339.965,153.39965,1.5339965
600637.SH,600637,东方明珠,19990701,22.21,22.65,21.71,21.71,24.12,-2.41,-9.99,13864.0,30466.513,3046.6513,30.466513,0.30466513
600637.SH,600637,东方明珠,19990702,20.0,21.28,19.54,19.54,21.71,-2.17,-10.0,68158.0,135315.899,13531.5899,135.315899,1.35315899
600637.SH,600637,东方明珠,19990705,19.38,19.54,17.59,17.59,19.54,-1.95,-9.98,28580.0,51328.394,5132.8394,51.328394,0.51328394
600637.SH,600637,东方明珠,19990706,17.0,18.84,16.85,17.99,17.59,0.4,2.27,50977.0,92657.232,9265.7232,92.657232,0.92657232
600637.SH,600637,东方明珠,19990707,18.0,19.2,17.5,19.0,17.99,1.01,5.61,36511.0,67144.518,6714.4518,67.144518,0.6714451800000001
600637.SH,600637,东方明珠,19990708,19.09,19.09,17.65,18.09,19.0,-0.91,-4.79,45101.0,81658.191,8165.819100000001,81.658191,0.81658191
600637.SH,600637,东方明珠,19990709,18.0,18.0,16.8,16.98,18.09,-1.11,-6.14,38869.0,66587.64,6658.764,66.58764000000001,0.6658764
600637.SH,600637,东方明珠,19990712,16.8,16.9,15.4,15.58,16.98,-1.4,-8.25,28863.0,46058.499,4605.8499,46.058499000000005,0.46058499
600637.SH,600637,东方明珠,19990713,15.2,16.8,15.1,16.35,15.58,0.77,4.94,29191.0,47313.574,4731.3574,47.313574,0.4731357399999999
600637.SH,600637,东方明珠,19990714,16.57,16.8,16.0,16.65,16.35,0.3,1.83,20439.0,33626.785,3362.6785000000004,33.626785000000005,0.33626785
600637.SH,600637,东方明珠,19990715,16.78,17.49,16.59,16.88,16.65,0.23,1.38,25801.0,44090.121,4409.0121,44.090121,0.44090121
600637.SH,600637,东方明珠,19990716,16.9,17.04,16.01,16.2,16.88,-0.68,-4.03,18451.0,30297.537,3029.7537,30.297537,0.30297537
600637.SH,600637,东方明珠,19990719,16.05,17.82,15.81,17.82,16.2,1.62,10.0,64042.03,111890.693,11189.0693,111.890693,1.11890693
600637.SH,600637,东方明珠,19990720,17.98,19.05,17.48,18.8,17.82,0.98,5.5,53089.0,96889.815,9688.9815,96.889815,0.96889815
600637.SH,600637,东方明珠,19990721,18.74,19.74,18.15,19.0,18.8,0.2,1.06,70393.0,133584.977,13358.497700000002,133.584977,1.33584977
600637.SH,600637,东方明珠,19990722,18.8,18.9,17.65,17.65,19.0,-1.35,-7.11,26981.0,49510.174,4951.0174,49.510174,0.49510174
600637.SH,600637,东方明珠,19990723,17.75,18.5,17.75,17.9,17.65,0.25,1.42,14442.0,26079.534,2607.9534,26.079534,0.26079534
600637.SH,600637,东方明珠,19990726,18.0,18.8,17.78,18.11,17.9,0.21,1.17,14982.0,27377.882,2737.7882,27.377882,0.27377882
600637.SH,600637,东方明珠,19990727,18.28,18.4,17.86,17.91,18.11,-0.2,-1.1,8786.0,15808.344,1580.8344,15.808344,0.15808344
600637.SH,600637,东方明珠,19990728,18.0,18.98,18.0,18.5,17.91,0.59,3.29,21168.0,39583.729,3958.3729,39.583729,0.39583729
600637.SH,600637,东方明珠,19990729,18.8,18.98,18.11,18.29,18.5,-0.21,-1.14,8006.0,14692.713,1469.2713,14.692713,0.14692713
600637.SH,600637,东方明珠,19990730,18.4,18.5,17.71,18.09,18.29,-0.2,-1.09,10807.0,19463.084,1946.3084,19.463084,0.1946308399999999
600637.SH,600637,东方明珠,19990802,18.2,18.4,17.78,17.93,18.09,-0.16,-0.88,10633.0,19091.526,1909.1526,19.091526,0.19091526
600637.SH,600637,东方明珠,19990803,18.08,18.2,17.85,18.03,17.93,0.1,0.56,6679.0,12013.052,1201.3052,12.013052,0.12013052
600637.SH,600637,东方明珠,19990804,18.11,19.83,18.1,19.83,18.03,1.8,9.98,28783.0,56094.542,5609.4542,56.094542,0.56094542
600637.SH,600637,东方明珠,19990805,20.82,21.0,19.9,19.95,19.83,0.12,0.61,65084.0,133059.91,13305.991,133.05991,1.3305991
600637.SH,600637,东方明珠,19990806,19.92,21.69,19.8,20.95,19.95,1.0,5.01,53070.0,109033.928,10903.3928,109.033928,1.09033928
600637.SH,600637,东方明珠,19990809,20.8,20.8,20.1,20.13,20.95,-0.82,-3.91,17699.0,36016.685,3601.6685,36.016684999999995,0.3601668499999999
600637.SH,600637,东方明珠,19990810,20.0,20.0,18.6,18.9,20.13,-1.23,-6.11,17156.0,32949.911,3294.9911,32.949911,0.32949911
600637.SH,600637,东方明珠,19990811,18.62,19.2,18.5,18.69,18.9,-0.21,-1.11,10223.0,19280.26,1928.026,19.28026,0.1928026
600637.SH,600637,东方明珠,19990812,18.88,19.4,18.65,18.9,18.69,0.21,1.12,9322.0,17729.105,1772.9105,17.729105,0.17729105
600637.SH,600637,东方明珠,19990813,19.15,19.28,18.2,18.3,18.9,-0.6,-3.17,8622.0,15954.343,1595.4343,15.954343,0.15954343
600637.SH,600637,东方明珠,19990816,18.42,18.8,17.91,17.99,18.3,-0.31,-1.69,7951.0,14437.147,1443.7147,14.437147,0.14437147
600637.SH,600637,东方明珠,19990817,18.0,18.99,18.0,18.32,17.99,0.33,1.83,6284.0,11643.723,1164.3723,11.643723,0.11643723
600637.SH,600637,东方明珠,19990818,18.42,19.1,18.42,18.75,18.32,0.43,2.35,7635.0,14327.717,1432.7717,14.327717,0.14327717
600637.SH,600637,东方明珠,19990819,18.95,20.63,18.95,20.25,18.75,1.5,8.0,25132.0,50396.933,5039.6933,50.396933,0.50396933
600637.SH,600637,东方明珠,19990820,20.4,20.69,19.6,19.67,20.25,-0.58,-2.86,13003.0,26183.745,2618.3745,26.183745,0.2618374499999999
600637.SH,600637,东方明珠,19990823,19.8,20.0,19.5,19.91,19.67,0.24,1.22,7182.0,14198.673,1419.8673,14.198673,0.14198673
600637.SH,600637,东方明珠,19990824,20.13,21.3,19.95,20.25,19.91,0.34,1.71,13095.0,26949.129,2694.9129000000003,26.949129000000003,0.26949129
600637.SH,600637,东方明珠,19990825,20.5,21.3,20.25,20.5,20.25,0.25,1.23,21193.0,44062.14,4406.214,44.06214,0.4406214
600637.SH,600637,东方明珠,19990826,20.5,20.88,20.25,20.45,20.5,-0.05,-0.24,9346.0,19189.714,1918.9714,19.189714,0.19189714
600637.SH,600637,东方明珠,19990827,20.64,21.65,20.62,21.1,20.45,0.65,3.18,31641.0,67193.868,6719.3868,67.19386800000001,0.6719386800000001
600637.SH,600637,东方明珠,19990830,21.48,21.48,20.42,20.58,21.1,-0.52,-2.46,12478.0,26040.724,2604.0724,26.040724,0.26040724
600637.SH,600637,东方明珠,19990831,20.65,20.78,20.26,20.54,20.58,-0.04,-0.19,8042.0,16429.0,1642.9,16.429000000000002,0.16429
600637.SH,600637,东方明珠,19990901,20.59,20.59,19.75,19.83,20.54,-0.71,-3.46,8969.0,17924.925,1792.4924999999998,17.924924999999998,0.1792492499999999
600637.SH,600637,东方明珠,19990902,19.52,20.48,19.3,20.28,19.83,0.45,2.27,8844.0,17437.3,1743.73,17.4373,0.174373
600637.SH,600637,东方明珠,19990903,20.37,20.37,19.51,19.53,20.28,-0.75,-3.7,4663.0,9253.962,925.3962,9.253962,0.0925396199999999
600637.SH,600637,东方明珠,19990906,19.18,19.47,19.07,19.18,19.53,-0.35,-1.79,3647.0,7024.818,702.4818,7.024818,0.07024818
600637.SH,600637,东方明珠,19990907,19.02,19.59,19.02,19.15,19.18,-0.03,-0.16,3090.0,5952.471,595.2470999999999,5.952470999999999,0.0595247099999999
600637.SH,600637,东方明珠,19990908,19.15,19.48,19.15,19.17,19.15,0.02,0.1,2930.0,5644.241,564.4241,5.644240999999999,0.0564424099999999
600637.SH,600637,东方明珠,19990909,19.5,21.06,19.5,21.0,19.17,1.83,9.55,15149.0,31263.116,3126.3116,31.263116,0.31263116
600637.SH,600637,东方明珠,19990910,21.18,21.79,20.45,20.65,21.0,-0.35,-1.67,18675.0,39440.595,3944.0595,39.440595,0.39440595
600637.SH,600637,东方明珠,19990913,20.65,20.74,19.9,20.25,20.65,-0.4,-1.94,8198.0,16597.756,1659.7756000000002,16.597756,0.16597756
600637.SH,600637,东方明珠,19990914,20.48,20.8,20.08,20.13,20.25,-0.12,-0.59,5441.0,11051.112,1105.1111999999998,11.051111999999998,0.1105111199999999
600637.SH,600637,东方明珠,19990915,20.4,20.5,19.96,19.98,20.13,-0.15,-0.75,4961.0,10003.093,1000.3093,10.003093000000002,0.10003093
600637.SH,600637,东方明珠,19990916,19.9,20.28,19.72,19.8,19.98,-0.18,-0.9,3542.0,7046.712,704.6712,7.046712,0.07046712
600637.SH,600637,东方明珠,19990917,19.7,20.15,19.51,19.75,19.8,-0.05,-0.25,3181.0,6287.133,628.7133,6.287133,0.06287133
600637.SH,600637,东方明珠,19990920,19.84,19.9,19.45,19.47,19.75,-0.28,-1.42,2431.0,4762.936,476.2936,4.762936,0.0476293599999999
600637.SH,600637,东方明珠,19990921,19.5,20.09,19.45,19.86,19.47,0.39,2.0,2460.0,4858.56,485.8560000000001,4.858560000000001,0.0485856
600637.SH,600637,东方明珠,19990922,19.9,20.08,19.82,19.98,19.86,0.12,0.6,2163.0,4309.0,430.9,4.309,0.04309
600637.SH,600637,东方明珠,19990923,20.0,20.1,19.4,19.48,19.98,-0.5,-2.5,2859.0,5659.846,565.9846,5.659846,0.0565984599999999
600637.SH,600637,东方明珠,19990924,19.91,19.99,19.48,19.58,19.48,0.1,0.51,2686.0,5281.458,528.1458,5.281458,0.05281458
600637.SH,600637,东方明珠,19990927,19.8,19.8,19.03,19.08,19.58,-0.5,-2.55,3440.0,6637.403,663.7403,6.637403000000001,0.06637403
600637.SH,600637,东方明珠,19990928,19.1,19.11,18.55,18.7,19.08,-0.38,-1.99,4480.0,8423.652,842.3652,8.423651999999999,0.0842365199999999
600637.SH,600637,东方明珠,19990929,18.75,19.19,18.7,18.73,18.7,0.03,0.16,3219.64,6060.76,606.076,6.06076,0.0606076
600637.SH,600637,东方明珠,19990930,18.85,19.1,18.28,18.35,18.73,-0.38,-2.03,5423.0,10022.607,1002.2607,10.022607,0.10022607
600637.SH,600637,东方明珠,19991008,18.0,18.3,17.51,17.51,18.35,-0.84,-4.58,3199.0,5725.4,572.54,5.7254,0.057254
600637.SH,600637,东方明珠,19991011,17.42,17.9,17.05,17.35,17.51,-0.16,-0.91,2646.0,4606.953,460.6953,4.606953000000001,0.04606953
600637.SH,600637,东方明珠,19991012,17.8,17.8,17.3,17.6,17.35,0.25,1.44,2705.0,4732.524,473.2524,4.732524000000001,0.04732524
600637.SH,600637,东方明珠,19991013,17.7,17.7,17.0,17.06,17.6,-0.54,-3.07,2500.0,4318.122,431.8122,4.318122,0.04318122
600637.SH,600637,东方明珠,19991014,17.1,17.4,16.58,17.06,17.06,0.0,0.0,4014.0,6847.681,684.7681,6.847681,0.06847681
600637.SH,600637,东方明珠,19991015,17.37,17.73,17.1,17.5,17.06,0.44,2.58,2445.0,4279.456,427.9456,4.279456,0.0427945599999999
600637.SH,600637,东方明珠,19991018,17.58,17.65,16.45,16.56,17.5,-0.94,-5.37,5018.0,8427.695,842.7695,8.427695,0.08427695
600637.SH,600637,东方明珠,19991019,16.45,16.78,15.88,15.88,16.56,-0.68,-4.11,5595.0,9128.488,912.8488,9.128488,0.0912848799999999
600637.SH,600637,东方明珠,19991020,15.81,16.4,15.81,16.19,15.88,0.31,1.95,5518.0,8884.231,888.4231,8.884231,0.08884231
600637.SH,600637,东方明珠,19991021,16.28,16.29,15.9,15.98,16.19,-0.21,-1.3,2984.0,4772.804,477.2804,4.772804,0.04772804
600637.SH,600637,东方明珠,19991022,16.03,17.58,16.03,17.58,15.98,1.6,10.01,20584.0,35832.957,3583.2957,35.832957,0.35832957
600637.SH,600637,东方明珠,19991025,17.57,17.6,16.6,16.68,17.58,-0.9,-5.12,11912.0,20299.382,2029.9382,20.299382,0.20299382
600637.SH,600637,东方明珠,19991026,16.8,18.35,16.8,18.09,16.68,1.41,8.45,30210.0,54611.763,5461.1763,54.611763,0.54611763
600637.SH,600637,东方明珠,19991027,18.47,19.9,17.9,19.54,18.09,1.45,8.02,45974.0,87468.826,8746.8826,87.468826,0.8746882600000001
600637.SH,600637,东方明珠,19991028,19.4,20.6,19.12,20.32,19.54,0.78,3.99,45561.0,90610.306,9061.0306,90.610306,0.90610306
600637.SH,600637,东方明珠,19991029,20.42,20.57,19.42,19.6,20.32,-0.72,-3.54,32503.0,64607.571,6460.757100000001,64.60757100000001,0.6460757100000001
600637.SH,600637,东方明珠,19991101,19.7,21.1,19.52,20.14,19.6,0.54,2.76,45138.0,92636.086,9263.6086,92.636086,0.92636086
600637.SH,600637,东方明珠,19991102,20.25,20.5,20.0,20.45,20.14,0.31,1.54,19428.0,39182.157,3918.2157,39.182157,0.3918215699999999
600637.SH,600637,东方明珠,19991103,20.4,20.65,19.42,19.45,20.45,-1.0,-4.89,17966.0,35616.421,3561.6421,35.616421,0.35616421
600637.SH,600637,东方明珠,19991104,19.6,19.79,18.5,18.75,19.45,-0.7,-3.6,18477.0,35208.269,3520.8269,35.208269,0.35208269
600637.SH,600637,东方明珠,19991105,18.7,19.17,18.4,18.78,18.75,0.03,0.16,9501.0,17940.276,1794.0276,17.940276,0.17940276
600637.SH,600637,东方明珠,19991108,18.6,19.09,18.4,18.83,18.78,0.05,0.27,4942.0,9270.971,927.0971,9.270971,0.09270971
600637.SH,600637,东方明珠,19991109,18.97,19.04,18.33,18.35,18.83,-0.48,-2.55,7248.0,13417.529,1341.7529,13.417529,0.13417529
600637.SH,600637,东方明珠,19991110,18.2,18.2,17.4,17.94,18.35,-0.41,-2.23,9363.0,16613.977,1661.3977,16.613977,0.16613977
600637.SH,600637,东方明珠,19991111,17.88,18.25,17.56,17.94,17.94,0.0,0.0,3887.0,6979.199,697.9199,6.979199,0.06979199
600637.SH,600637,东方明珠,19991112,18.2,18.78,18.0,18.59,17.94,0.65,3.62,6969.0,12923.306,1292.3306,12.923306,0.12923306
600637.SH,600637,东方明珠,19991115,18.59,18.74,18.12,18.72,18.59,0.13,0.7,3344.0,6169.032,616.9032,6.169032,0.0616903199999999
600637.SH,600637,东方明珠,19991116,18.9,19.09,17.75,17.75,18.72,-0.97,-5.18,7236.0,13218.766,1321.8766,13.218766,0.13218766
600637.SH,600637,东方明珠,19991117,17.75,19.3,17.68,19.3,17.75,1.55,8.73,10394.0,19428.427,1942.8427,19.428427,0.1942842699999999
600637.SH,600637,东方明珠,19991118,19.35,20.5,18.8,19.38,19.3,0.08,0.41,24874.0,49023.208,4902.3208,49.023208,0.4902320799999999
600637.SH,600637,东方明珠,19991119,19.18,19.62,18.7,18.75,19.38,-0.63,-3.25,9663.0,18458.347,1845.8347,18.458347,0.18458347
600637.SH,600637,东方明珠,19991122,18.57,19.53,18.56,19.35,18.75,0.6,3.2,5991.0,11492.263,1149.2263,11.492263,0.11492263
600637.SH,600637,东方明珠,19991123,19.36,20.8,19.25,19.98,19.35,0.63,3.26,32922.0,66586.685,6658.6685,66.586685,0.66586685
600637.SH,600637,东方明珠,19991124,20.0,20.72,19.77,20.19,19.98,0.21,1.05,24448.0,49780.099,4978.0099,49.780099,0.49780099
600637.SH,600637,东方明珠,19991125,19.99,20.17,19.7,19.7,20.19,-0.49,-2.43,9015.0,17901.893,1790.1893,17.901893,0.17901893
600637.SH,600637,东方明珠,19991126,19.68,20.09,19.5,19.59,19.7,-0.11,-0.56,5885.0,11568.03,1156.803,11.56803,0.1156803
600637.SH,600637,东方明珠,19991129,19.65,19.85,17.98,18.1,19.59,-1.49,-7.61,19301.0,35989.675,3598.9675,35.989675000000005,0.35989675
600637.SH,600637,东方明珠,19991130,18.0,18.4,17.9,18.35,18.1,0.25,1.38,10713.0,19477.813,1947.7813,19.477813,0.1947781299999999
600637.SH,600637,东方明珠,19991201,18.35,18.69,18.3,18.44,18.35,0.09,0.49,5906.0,10912.766,1091.2766,10.912766,0.10912766
600637.SH,600637,东方明珠,19991202,18.4,18.5,18.0,18.06,18.44,-0.38,-2.06,5833.0,10589.622,1058.9622,10.589622,0.1058962199999999
600637.SH,600637,东方明珠,19991203,18.08,18.9,18.08,18.61,18.06,0.55,3.05,6597.0,12292.481,1229.2481,12.292481,0.12292481
600637.SH,600637,东方明珠,19991206,18.65,19.22,18.55,18.78,18.61,0.17,0.91,5387.0,10180.41,1018.041,10.18041,0.1018041
600637.SH,600637,东方明珠,19991207,18.7,19.15,18.46,18.68,18.78,-0.1,-0.53,5159.0,9684.908,968.4908,9.684908,0.09684908
600637.SH,600637,东方明珠,19991208,18.75,18.9,18.33,18.4,18.68,-0.28,-1.5,3316.0,6125.39,612.539,6.12539,0.0612538999999999
600637.SH,600637,东方明珠,19991209,18.5,18.55,18.15,18.3,18.4,-0.1,-0.54,3758.0,6869.818,686.9818,6.869818,0.06869818
600637.SH,600637,东方明珠,19991210,18.3,18.88,18.2,18.75,18.3,0.45,2.46,4324.53,8051.09,805.109,8.05109,0.0805109
600637.SH,600637,东方明珠,19991213,18.79,18.81,18.2,18.28,18.75,-0.47,-2.51,4772.0,8792.844,879.2843999999999,8.792843999999999,0.0879284399999999
600637.SH,600637,东方明珠,19991214,18.21,18.54,18.0,18.2,18.28,-0.08,-0.44,7316.0,13241.022,1324.1022,13.241022,0.13241022
600637.SH,600637,东方明珠,19991215,18.2,19.1,18.11,18.68,18.2,0.48,2.64,11696.0,21967.995,2196.7995,21.967995,0.21967995
600637.SH,600637,东方明珠,19991216,18.8,19.4,18.75,19.0,18.68,0.32,1.71,13437.0,25731.698,2573.1698,25.731698,0.25731698
600637.SH,600637,东方明珠,19991217,18.82,19.18,18.35,18.38,19.0,-0.62,-3.26,5258.0,9743.471,974.3471,9.743471,0.09743471
600637.SH,600637,东方明珠,19991221,18.28,18.5,18.05,18.39,18.38,0.01,0.05,4527.0,8237.503,823.7503,8.237503,0.08237503
600637.SH,600637,东方明珠,19991222,18.3,18.4,17.65,17.79,18.39,-0.6,-3.26,14772.0,26425.625,2642.5625,26.425625,0.26425625
600637.SH,600637,东方明珠,19991223,17.68,17.82,17.36,17.4,17.79,-0.39,-2.19,6611.07,11575.706,1157.5706,11.575706,0.11575706
600637.SH,600637,东方明珠,19991224,17.38,17.78,17.38,17.43,17.4,0.03,0.17,4130.0,7230.0,723.0,7.23,0.0723
600637.SH,600637,东方明珠,19991227,17.5,18.1,17.5,17.66,17.43,0.23,1.32,5186.0,9205.0,920.5,9.205,0.09205
600637.SH,600637,东方明珠,19991228,17.97,17.98,16.71,16.89,17.66,-0.77,-4.36,10620.0,18210.796,1821.0796,18.210796,0.1821079599999999
600637.SH,600637,东方明珠,19991229,16.93,17.19,16.58,16.93,16.89,0.04,0.24,5660.0,9553.875,955.3875,9.553875,0.0955387499999999
600637.SH,600637,东方明珠,20000104,17.03,18.6,16.84,18.18,16.93,1.25,7.38,18393.0,33256.247,3325.6247000000003,33.256247,0.33256247
600637.SH,600637,东方明珠,20000105,18.1,19.1,17.8,17.95,18.18,-0.23,-1.27,24888.0,45787.366,4578.7366,45.787366,0.4578736599999999
600637.SH,600637,东方明珠,20000106,17.95,19.07,17.95,19.05,17.95,1.1,6.13,36447.0,68610.726,6861.0726,68.610726,0.68610726
600637.SH,600637,东方明珠,20000107,19.2,19.58,18.8,19.2,19.05,0.15,0.79,38016.0,73021.182,7302.1182,73.021182,0.73021182
600637.SH,600637,东方明珠,20000110,19.2,21.12,18.8,21.12,19.2,1.92,10.0,78682.0,160241.616,16024.1616,160.24161600000002,1.6024161600000002
600637.SH,600637,东方明珠,20000111,21.3,21.55,19.5,19.88,21.12,-1.24,-5.87,57394.0,119298.528,11929.8528,119.298528,1.19298528
600637.SH,600637,东方明珠,20000112,19.9,20.3,18.6,18.8,19.88,-1.08,-5.43,22766.0,43967.465,4396.746499999999,43.96746499999999,0.4396746499999999
600637.SH,600637,东方明珠,20000113,18.8,19.05,18.41,18.5,18.8,-0.3,-1.6,9417.0,17573.178,1757.3178,17.573178,0.1757317799999999
600637.SH,600637,东方明珠,20000114,18.41,18.8,17.98,18.15,18.5,-0.35,-1.89,8750.0,15977.751,1597.7751,15.977751,0.15977751
600637.SH,600637,东方明珠,20000117,18.01,18.63,18.01,18.5,18.15,0.35,1.93,5391.0,9894.038,989.4038,9.894038,0.09894038
600637.SH,600637,东方明珠,20000118,18.58,18.69,17.68,17.7,18.5,-0.8,-4.32,8655.0,15629.717,1562.9717,15.629717,0.15629717
600637.SH,600637,东方明珠,20000119,17.9,18.3,17.7,17.83,17.7,0.13,0.73,6908.0,12396.798,1239.6798,12.396798,0.12396798
600637.SH,600637,东方明珠,20000120,17.85,18.52,17.83,18.4,17.83,0.57,3.2,6779.0,12384.887,1238.4887,12.384887,0.12384887
600637.SH,600637,东方明珠,20000121,18.5,19.1,18.2,18.39,18.4,-0.01,-0.05,14128.0,26438.621,2643.8621,26.438621,0.2643862099999999
600637.SH,600637,东方明珠,20000124,18.38,18.99,18.0,18.38,18.39,-0.01,-0.05,13849.0,25458.107,2545.8107,25.458107,0.2545810699999999
600637.SH,600637,东方明珠,20000125,18.55,19.2,18.2,18.42,18.38,0.04,0.22,16428.0,30779.599,3077.9599,30.779599,0.3077959899999999
600637.SH,600637,东方明珠,20000126,18.46,18.65,17.85,18.15,18.42,-0.27,-1.47,14159.0,25488.06,2548.806,25.48806,0.2548806
600637.SH,600637,东方明珠,20000127,18.41,18.9,17.9,18.85,18.15,0.7,3.86,26174.0,48660.424,4866.0424,48.660424000000006,0.4866042400000001
600637.SH,600637,东方明珠,20000128,19.0,20.39,18.8,18.99,18.85,0.14,0.74,32354.0,62907.884,6290.7884,62.907884,0.6290788399999999
600637.SH,600637,东方明珠,20000214,19.7,20.89,19.3,20.89,18.99,1.9,10.01,48154.0,98124.0,9812.4,98.124,0.98124
600637.SH,600637,东方明珠,20000215,21.14,22.98,21.0,21.58,20.89,0.69,3.3,102543.0,230232.245,23023.2245,230.232245,2.30232245
600637.SH,600637,东方明珠,20000216,21.88,23.74,21.7,23.74,21.58,2.16,10.01,99078.0,225538.53,22553.853,225.53853,2.2553853
600637.SH,600637,东方明珠,20000217,25.95,25.96,21.37,21.37,23.74,-2.37,-9.98,105393.0,248758.823,24875.8823,248.758823,2.48758823
600637.SH,600637,东方明珠,20000218,21.29,22.5,19.33,22.2,21.37,0.83,3.88,38781.0,80797.157,8079.715700000001,80.79715700000001,0.8079715700000001
600637.SH,600637,东方明珠,20000221,22.0,22.0,19.98,20.0,22.2,-2.2,-9.91,44427.0,91670.37,9167.037,91.67037,0.9167037
600637.SH,600637,东方明珠,20000222,19.8,21.98,19.3,20.78,20.0,0.78,3.9,50760.0,107640.931,10764.0931,107.640931,1.0764093099999998
600637.SH,600637,东方明珠,20000223,20.4,21.5,19.9,20.06,20.78,-0.72,-3.46,20224.0,41512.943,4151.2943,41.51294299999999,0.4151294299999999
600637.SH,600637,东方明珠,20000224,20.0,20.7,19.98,20.6,20.06,0.54,2.69,12356.0,25064.073,2506.4073,25.064073,0.25064073
600637.SH,600637,东方明珠,20000225,20.8,22.1,20.6,21.18,20.6,0.58,2.82,36929.0,79410.718,7941.0718,79.410718,0.79410718
600637.SH,600637,东方明珠,20000228,21.45,23.3,21.45,23.3,21.18,2.12,10.01,65786.0,150772.567,15077.256700000002,150.772567,1.50772567
600637.SH,600637,东方明珠,20000229,25.2,25.63,23.4,25.35,23.3,2.05,8.8,180554.0,453811.056,45381.1056,453.811056,4.53811056
600637.SH,600637,东方明珠,20000301,24.87,24.87,22.82,22.82,25.35,-2.53,-9.98,52561.0,124051.564,12405.1564,124.051564,1.24051564
600637.SH,600637,东方明珠,20000302,22.0,24.58,21.9,23.2,22.82,0.38,1.67,47454.0,109427.152,10942.7152,109.427152,1.0942715200000002
600637.SH,600637,东方明珠,20000303,23.5,24.2,22.58,22.8,23.2,-0.4,-1.72,35442.0,82599.721,8259.9721,82.599721,0.82599721
600637.SH,600637,东方明珠,20000306,23.2,24.4,22.15,22.3,22.8,-0.5,-2.19,60098.0,140263.962,14026.3962,140.263962,1.40263962
600637.SH,600637,东方明珠,20000307,21.9,22.66,21.42,21.92,22.3,-0.38,-1.7,29365.0,64386.437,6438.6437,64.386437,0.64386437
600637.SH,600637,东方明珠,20000308,22.1,24.11,21.51,24.11,21.92,2.19,9.99,92450.0,219352.052,21935.2052,219.352052,2.1935205200000003
600637.SH,600637,东方明珠,20000309,24.88,25.2,23.9,24.1,24.11,-0.01,-0.04,68815.0,169155.924,16915.5924,169.15592400000003,1.6915592400000004
600637.SH,600637,东方明珠,20000310,24.0,26.51,23.4,26.51,24.1,2.41,10.0,126663.0,324634.328,32463.4328,324.634328,3.24634328
600637.SH,600637,东方明珠,20000313,29.16,29.16,27.51,27.6,26.51,1.09,4.11,151925.0,432478.149,43247.8149,432.478149,4.32478149
600637.SH,600637,东方明珠,20000314,25.94,27.2,24.84,25.99,27.6,-1.61,-5.83,114785.0,295184.998,29518.4998,295.184998,2.95184998
600637.SH,600637,东方明珠,20000315,25.9,26.35,24.68,24.82,25.99,-1.17,-4.5,42556.0,108536.742,10853.6742,108.536742,1.08536742
600637.SH,600637,东方明珠,20000316,24.91,24.99,22.35,22.5,24.82,-2.32,-9.35,46167.0,107638.454,10763.8454,107.638454,1.07638454
600637.SH,600637,东方明珠,20000317,22.41,24.75,22.41,24.75,22.5,2.25,10.0,78434.0,192391.163,19239.1163,192.391163,1.92391163
600637.SH,600637,东方明珠,20000320,25.48,27.23,24.75,27.23,24.75,2.48,10.02,70651.0,185056.486,18505.6486,185.056486,1.85056486
600637.SH,600637,东方明珠,20000321,27.23,27.95,26.5,26.95,27.23,-0.28,-1.03,41138.0,111194.762,11119.4762,111.194762,1.11194762
600637.SH,600637,东方明珠,20000322,27.08,28.58,26.56,26.7,26.95,-0.25,-0.93,34294.0,94151.763,9415.1763,94.15176300000002,0.9415176300000002
600637.SH,600637,东方明珠,20000323,26.71,27.49,26.4,27.0,26.7,0.3,1.12,20469.0,54958.045,5495.8045,54.958045,0.54958045
600637.SH,600637,东方明珠,20000324,27.5,27.69,25.5,25.6,27.0,-1.4,-5.19,30477.0,81011.61,8101.161,81.01161,0.8101161
600637.SH,600637,东方明珠,20000327,25.92,26.48,25.15,26.11,25.6,0.51,1.99,19190.0,49780.404,4978.0404,49.780404,0.4978040399999999
600637.SH,600637,东方明珠,20000328,26.3,26.98,25.75,25.88,26.11,-0.23,-0.88,13623.0,35609.352,3560.9352,35.609352,0.35609352
600637.SH,600637,东方明珠,20000329,25.88,26.5,25.8,26.09,25.88,0.21,0.81,14071.0,36724.127,3672.4127,36.724127,0.3672412699999999
600637.SH,600637,东方明珠,20000330,26.38,26.5,25.6,25.71,26.09,-0.38,-1.46,12419.0,32032.927,3203.2927,32.032927,0.32032927
600637.SH,600637,东方明珠,20000331,25.71,27.23,24.3,25.91,25.71,0.2,0.78,25870.0,66393.921,6639.3921,66.393921,0.6639392100000001
600637.SH,600637,东方明珠,20000403,26.2,27.5,25.88,25.99,25.91,0.08,0.31,28036.0,74674.255,7467.4255,74.674255,0.74674255
600637.SH,600637,东方明珠,20000404,25.99,26.18,24.81,25.0,25.99,-0.99,-3.81,19383.0,48625.812,4862.5812,48.625812,0.4862581199999999
600637.SH,600637,东方明珠,20000405,24.88,25.33,24.4,24.85,25.0,-0.15,-0.6,14903.0,36936.558,3693.6558,36.936558,0.3693655799999999
600637.SH,600637,东方明珠,20000406,25.15,25.3,24.48,25.18,24.85,0.33,1.33,6620.0,16510.441,1651.0440999999998,16.510441,0.16510441
600637.SH,600637,东方明珠,20000407,25.32,25.5,24.8,24.81,25.18,-0.37,-1.47,6158.0,15344.197,1534.4197,15.344197,0.1534419699999999
600637.SH,600637,东方明珠,20000410,24.77,25.0,24.1,24.2,24.81,-0.61,-2.46,9819.0,24069.725,2406.9725,24.069725,0.2406972499999999
600637.SH,600637,东方明珠,20000411,24.2,25.0,23.37,24.85,24.2,0.65,2.69,13557.0,32630.291,3263.0291,32.630291,0.32630291
600637.SH,600637,东方明珠,20000412,24.85,24.85,23.6,23.8,24.85,-1.05,-4.23,14740.0,35212.143,3521.2143,35.212143,0.3521214299999999
600637.SH,600637,东方明珠,20000413,23.9,24.3,23.48,23.87,23.8,0.07,0.29,9395.0,22354.173,2235.4173,22.354173,0.22354173
600637.SH,600637,东方明珠,20000414,23.9,24.15,23.5,23.66,23.87,-0.21,-0.88,8690.0,20564.693,2056.4693,20.564693,0.2056469299999999
600637.SH,600637,东方明珠,20000417,23.6,23.65,22.4,22.66,23.66,-1.0,-4.23,20855.0,47590.534,4759.0534,47.590534,0.4759053399999999
600637.SH,600637,东方明珠,20000418,22.81,23.5,22.66,22.8,22.66,0.14,0.62,6252.0,14394.448,1439.4448,14.394448,0.14394448
600637.SH,600637,东方明珠,20000419,23.01,23.95,23.0,23.36,22.8,0.56,2.46,7561.0,17783.432,1778.3432,17.783432,0.17783432
600637.SH,600637,东方明珠,20000420,23.5,24.1,23.2,23.7,23.36,0.34,1.46,5714.0,13456.394,1345.6394,13.456394,0.13456394
600637.SH,600637,东方明珠,20000421,23.75,24.4,23.61,23.81,23.7,0.11,0.46,8628.0,20681.061,2068.1061,20.681061,0.20681061
600637.SH,600637,东方明珠,20000424,23.8,23.99,23.26,23.5,23.81,-0.31,-1.3,8489.0,20067.594,2006.7594,20.067594,0.20067594
600637.SH,600637,东方明珠,20000425,23.5,23.6,22.8,22.86,23.5,-0.64,-2.72,6910.0,15878.455,1587.8455,15.878455,0.15878455
600637.SH,600637,东方明珠,20000426,23.0,23.3,22.81,23.0,22.86,0.14,0.61,3955.0,9076.489,907.6489,9.076489,0.0907648899999999
600637.SH,600637,东方明珠,20000427,23.0,23.5,22.86,23.0,23.0,0.0,0.0,4617.0,10639.072,1063.9072,10.639072,0.10639072
600637.SH,600637,东方明珠,20000428,23.05,23.9,22.55,23.6,23.0,0.6,2.61,8918.0,20649.534,2064.9534,20.649534,0.20649534
600637.SH,600637,东方明珠,20000508,23.98,24.0,23.01,23.18,23.6,-0.42,-1.78,3790.0,8864.224,886.4224,8.864224,0.08864224
600637.SH,600637,东方明珠,20000509,23.18,23.3,22.18,22.44,23.18,-0.74,-3.19,8994.0,20317.716,2031.7716,20.317716,0.20317716
600637.SH,600637,东方明珠,20000510,22.44,22.44,21.75,21.8,22.44,-0.64,-2.85,5318.0,11664.911,1166.4911,11.664911,0.11664911
600637.SH,600637,东方明珠,20000511,21.55,22.25,21.55,22.0,21.8,0.2,0.92,2790.0,6116.728,611.6728,6.116728,0.06116728
600637.SH,600637,东方明珠,20000512,21.99,22.1,21.55,21.61,22.0,-0.39,-1.77,2998.0,6535.496,653.5496,6.535496,0.06535496
600637.SH,600637,东方明珠,20000515,21.6,21.97,20.9,21.2,21.61,-0.41,-1.9,3904.0,8281.646,828.1646000000001,8.281646,0.08281646
600637.SH,600637,东方明珠,20000516,21.2,21.76,21.2,21.5,21.2,0.3,1.42,1749.0,3759.21,375.921,3.75921,0.0375920999999999
600637.SH,600637,东方明珠,20000517,21.0,22.1,21.0,21.85,21.5,0.35,1.63,6204.0,13546.119,1354.6119,13.546119,0.13546119
600637.SH,600637,东方明珠,20000518,21.9,22.05,21.5,22.04,21.85,0.19,0.87,5065.0,11059.367,1105.9367,11.059367,0.11059367
600637.SH,600637,东方明珠,20000519,22.1,22.78,21.85,22.75,22.04,0.71,3.22,7787.0,17407.809,1740.7809000000002,17.407809,0.17407809
600637.SH,600637,东方明珠,20000522,22.88,25.03,22.5,25.03,22.75,2.28,10.02,17412.0,41179.985,4117.9985,41.179985,0.4117998499999999
600637.SH,600637,东方明珠,20000523,24.7,25.15,24.2,24.5,25.03,-0.53,-2.12,23970.0,59285.784,5928.5784,59.28578400000001,0.5928578400000001
600637.SH,600637,东方明珠,20000524,24.6,25.28,24.01,24.83,24.5,0.33,1.35,20507.0,50740.069,5074.0069,50.740069000000005,0.5074006900000001
600637.SH,600637,东方明珠,20000525,25.0,25.26,24.51,24.75,24.83,-0.08,-0.32,20989.0,52400.061,5240.0061000000005,52.40006100000001,0.5240006100000001
600637.SH,600637,东方明珠,20000529,25.2,25.26,24.0,24.1,24.75,-0.65,-2.63,12046.0,29758.015,2975.8015,29.758015,0.29758015
600637.SH,600637,东方明珠,20000530,24.1,24.45,22.95,23.05,24.1,-1.05,-4.36,11062.0,25950.051,2595.0051,25.950051,0.2595005099999999
600637.SH,600637,东方明珠,20000531,23.1,23.88,23.0,23.5,23.05,0.45,1.95,7531.0,17667.77,1766.777,17.66777,0.1766777
600637.SH,600637,东方明珠,20000601,23.88,23.88,23.06,23.2,23.5,-0.3,-1.28,6451.0,15003.547,1500.3547,15.003547,0.15003547
600637.SH,600637,东方明珠,20000602,23.2,23.22,22.7,22.95,23.2,-0.25,-1.08,7206.0,16518.123,1651.8123,16.518123,0.1651812299999999
600637.SH,600637,东方明珠,20000605,23.0,23.9,23.0,23.35,22.95,0.4,1.74,7702.0,18055.873,1805.5873,18.055873,0.1805587299999999
600637.SH,600637,东方明珠,20000606,23.65,23.74,23.35,23.65,23.35,0.3,1.28,6117.0,14426.29,1442.629,14.426290000000002,0.1442629
600637.SH,600637,东方明珠,20000607,23.75,23.88,23.1,23.3,23.65,-0.35,-1.48,5545.0,13074.398,1307.4398,13.074398,0.1307439799999999
600637.SH,600637,东方明珠,20000608,23.5,23.5,22.88,22.88,23.3,-0.42,-1.8,7738.0,17800.725,1780.0724999999998,17.800724999999996,0.1780072499999999
600637.SH,600637,东方明珠,20000609,22.9,23.15,22.68,22.9,22.88,0.02,0.09,5144.0,11759.692,1175.9692,11.759692,0.11759692
600637.SH,600637,东方明珠,20000612,22.85,23.32,22.71,22.99,22.9,0.09,0.39,3528.0,8117.467,811.7466999999999,8.117467,0.0811746699999999
600637.SH,600637,东方明珠,20000613,23.2,23.35,22.82,23.06,22.99,0.07,0.3,5062.0,11676.983,1167.6983,11.676983,0.11676983
600637.SH,600637,东方明珠,20000615,23.95,25.37,23.36,23.7,23.06,0.64,2.78,11368.0,26985.058,2698.5058,26.985058,0.26985058
600637.SH,600637,东方明珠,20000616,24.0,24.2,23.4,23.42,23.7,-0.28,-1.18,6634.0,15757.69,1575.769,15.75769,0.1575769
600637.SH,600637,东方明珠,20000619,23.57,23.8,23.22,23.25,23.42,-0.17,-0.73,2775.0,6502.554,650.2554,6.502554,0.0650255399999999
600637.SH,600637,东方明珠,20000620,23.3,23.55,22.8,22.87,23.25,-0.38,-1.63,3449.0,7959.762,795.9762,7.959762,0.07959762
600637.SH,600637,东方明珠,20000621,22.97,23.6,22.8,23.16,22.87,0.29,1.27,2353.0,5440.082,544.0082,5.440082,0.05440082
600637.SH,600637,东方明珠,20000622,23.2,23.52,22.96,23.0,23.16,-0.16,-0.69,2489.0,5776.703,577.6703,5.776703,0.05776703
600637.SH,600637,东方明珠,20000623,23.0,23.45,23.0,23.39,23.0,0.39,1.7,3566.0,8295.468,829.5468000000001,8.295468000000001,0.08295468
600637.SH,600637,东方明珠,20000626,23.4,23.85,23.4,23.6,23.39,0.21,0.9,5429.0,12838.663,1283.8663,12.838663000000002,0.12838663
600637.SH,600637,东方明珠,20000627,23.7,23.7,23.26,23.32,23.6,-0.28,-1.19,3257.0,7619.708,761.9707999999999,7.619707999999999,0.0761970799999999
600637.SH,600637,东方明珠,20000628,23.38,23.62,23.26,23.56,23.32,0.24,1.03,4756.0,11144.415,1114.4415,11.144415000000002,0.11144415
600637.SH,600637,东方明珠,20000629,23.66,25.91,23.0,24.0,23.56,0.44,1.87,22533.0,55517.54,5551.754,55.51754,0.5551754
600637.SH,600637,东方明珠,20000630,24.38,24.5,23.5,23.68,24.0,-0.32,-1.33,11222.0,27032.56,2703.2560000000003,27.032560000000004,0.2703256
600637.SH,600637,东方明珠,20000703,23.5,23.5,22.8,22.85,23.68,-0.83,-3.51,7400.0,17028.145,1702.8145,17.028145,0.1702814499999999
600637.SH,600637,东方明珠,20000704,22.85,23.0,22.73,22.9,22.85,0.05,0.22,3892.0,8888.071,888.8071,8.888071,0.08888071
600637.SH,600637,东方明珠,20000705,23.0,23.1,22.7,22.79,22.9,-0.11,-0.48,2765.0,6311.436,631.1436,6.311436,0.06311436
600637.SH,600637,东方明珠,20000706,22.79,23.0,22.0,22.56,22.79,-0.23,-1.01,4339.0,9806.855,980.6855,9.806855,0.0980685499999999
600637.SH,600637,东方明珠,20000707,22.5,23.15,22.5,23.02,22.56,0.46,2.04,2440.0,5553.461,555.3461,5.553461,0.05553461
600637.SH,600637,东方明珠,20000710,23.1,23.29,22.1,22.4,23.02,-0.62,-2.69,6514.0,14606.447,1460.6447,14.606447,0.14606447
600637.SH,600637,东方明珠,20000711,22.6,22.96,22.1,22.7,22.4,0.3,1.34,5558.0,12456.09,1245.609,12.45609,0.1245609
600637.SH,600637,东方明珠,20000712,22.79,22.94,22.19,22.3,22.7,-0.4,-1.76,6045.0,13579.295,1357.9295,13.579295,0.13579295
600637.SH,600637,东方明珠,20000713,22.5,23.2,22.3,22.87,22.3,0.57,2.56,7428.0,17026.307,1702.6307000000002,17.026307000000003,0.17026307
600637.SH,600637,东方明珠,20000714,23.1,23.25,22.66,22.8,22.87,-0.07,-0.31,3716.0,8506.492,850.6492000000001,8.506492000000001,0.08506492
600637.SH,600637,东方明珠,20000717,23.19,23.25,22.7,22.78,22.8,-0.02,-0.09,3257.0,7444.145,744.4145000000001,7.444145000000001,0.07444145
600637.SH,600637,东方明珠,20000718,22.78,22.99,22.72,22.89,22.78,0.11,0.48,2462.0,5619.828,561.9828,5.619828,0.05619828
600637.SH,600637,东方明珠,20000719,23.0,23.1,22.7,22.74,22.89,-0.15,-0.66,3165.0,7232.098,723.2098,7.232098,0.0723209799999999
600637.SH,600637,东方明珠,20000720,22.8,23.08,22.6,22.61,22.74,-0.13,-0.57,2508.0,5706.72,570.672,5.706720000000001,0.0570672
600637.SH,600637,东方明珠,20000721,22.65,22.66,22.3,22.38,22.61,-0.23,-1.02,3446.0,7716.575,771.6575,7.716575000000001,0.07716575
600637.SH,600637,东方明珠,20000724,22.21,22.5,21.7,21.79,22.38,-0.59,-2.64,8432.0,18516.125,1851.6125,18.516125,0.18516125
600637.SH,600637,东方明珠,20000725,21.8,22.0,21.8,21.87,21.79,0.08,0.37,3067.0,6713.964,671.3964,6.713964,0.06713964
600637.SH,600637,东方明珠,20000726,22.3,22.6,22.12,22.35,21.87,0.48,2.19,3771.0,8444.389,844.4388999999999,8.444389,0.08444389
600637.SH,600637,东方明珠,20000727,22.58,22.58,22.1,22.17,22.35,-0.18,-0.81,3418.0,7596.765,759.6765,7.596765,0.07596765
600637.SH,600637,东方明珠,20000728,22.25,22.3,22.0,22.1,22.17,-0.07,-0.32,3036.0,6704.478,670.4478,6.704478,0.06704478
600637.SH,600637,东方明珠,20000731,22.1,22.1,21.78,21.85,22.1,-0.25,-1.13,5045.0,11031.686,1103.1686,11.031686,0.11031686
600637.SH,600637,东方明珠,20000801,21.85,22.35,21.85,21.95,21.85,0.1,0.46,2822.0,6244.186,624.4186,6.244186,0.06244186
600637.SH,600637,东方明珠,20000802,22.0,22.3,21.95,22.02,21.95,0.07,0.32,2959.0,6547.028,654.7028,6.547028,0.06547028
600637.SH,600637,东方明珠,20000803,22.0,22.0,21.8,21.88,22.02,-0.14,-0.64,3944.0,8630.14,863.0139999999999,8.630139999999999,0.0863013999999999
600637.SH,600637,东方明珠,20000804,21.85,22.5,21.85,22.22,21.88,0.34,1.55,2791.0,6195.428,619.5427999999999,6.195428,0.06195428
600637.SH,600637,东方明珠,20000807,22.21,22.5,21.95,21.99,22.22,-0.23,-1.04,2871.0,6335.281,633.5281,6.335281,0.06335281
600637.SH,600637,东方明珠,20000808,22.01,22.39,21.88,22.3,21.99,0.31,1.41,3868.0,8564.381,856.4381,8.564381,0.0856438099999999
600637.SH,600637,东方明珠,20000809,22.3,23.15,22.3,22.98,22.3,0.68,3.05,9841.0,22458.586,2245.8586,22.458586,0.22458586
600637.SH,600637,东方明珠,20000810,23.23,23.58,23.1,23.3,22.98,0.32,1.39,7698.0,17977.446,1797.7446,17.977446,0.17977446
600637.SH,600637,东方明珠,20000811,23.35,23.67,22.73,22.73,23.3,-0.57,-2.45,6062.0,14124.649,1412.4649,14.124649,0.14124649
600637.SH,600637,东方明珠,20000814,22.9,22.97,22.5,22.75,22.73,0.02,0.09,4517.0,10280.542,1028.0542,10.280542,0.10280542
600637.SH,600637,东方明珠,20000815,22.95,22.98,22.55,22.73,22.75,-0.02,-0.09,2867.0,6498.119,649.8118999999999,6.498118999999999,0.06498119
600637.SH,600637,东方明珠,20000816,22.56,22.7,22.47,22.57,22.73,-0.16,-0.7,3058.0,6904.342,690.4341999999999,6.904341999999999,0.06904342
600637.SH,600637,东方明珠,20000817,22.58,22.8,22.48,22.7,22.57,0.13,0.58,2533.0,5719.162,571.9162,5.719162,0.05719162
600637.SH,600637,东方明珠,20000818,22.7,22.86,22.48,22.7,22.7,0.0,0.0,3705.0,8385.252,838.5252,8.385252000000001,0.08385252
600637.SH,600637,东方明珠,20000821,22.7,22.75,22.5,22.5,22.7,-0.2,-0.88,3490.0,7865.407,786.5407,7.865407,0.07865407
600637.SH,600637,东方明珠,20000822,22.6,23.6,22.5,22.85,22.5,0.35,1.56,13257.0,30798.963,3079.8963,30.798963,0.30798963
600637.SH,600637,东方明珠,20000824,23.01,23.1,22.49,22.7,22.85,-0.15,-0.66,4736.0,10830.266,1083.0266,10.830266,0.10830266
600637.SH,600637,东方明珠,20000825,22.67,22.67,22.0,22.3,22.7,-0.4,-1.76,6205.0,13867.095,1386.7095,13.867095,0.13867095
600637.SH,600637,东方明珠,20000828,22.5,22.51,22.01,22.32,22.3,0.02,0.09,4622.0,10239.454,1023.9454,10.239454,0.10239454
600637.SH,600637,东方明珠,20000829,22.32,22.32,21.82,22.09,22.32,-0.23,-1.03,4279.0,9429.146,942.9146,9.429146,0.09429146
600637.SH,600637,东方明珠,20000830,22.0,22.1,21.87,21.88,22.09,-0.21,-0.95,4203.0,9213.497,921.3497,9.213497,0.09213497
600637.SH,600637,东方明珠,20000831,21.88,21.98,21.6,21.75,21.88,-0.13,-0.59,4309.0,9378.121,937.8121,9.378120999999998,0.0937812099999999
600637.SH,600637,东方明珠,20000901,21.75,22.43,21.68,21.7,21.75,-0.05,-0.23,2437.0,5314.418,531.4418,5.314418,0.05314418
600637.SH,600637,东方明珠,20000904,21.65,22.04,21.6,21.73,21.7,0.03,0.14,1494.0,3241.622,324.1622,3.241622,0.03241622
600637.SH,600637,东方明珠,20000905,21.4,21.71,21.0,21.0,21.73,-0.73,-3.36,2102.0,4492.198,449.2198,4.492198,0.04492198
600637.SH,600637,东方明珠,20000906,21.0,21.0,20.42,20.58,21.0,-0.42,-2.0,3078.5,6396.269,639.6269,6.396269,0.06396269
600637.SH,600637,东方明珠,20000907,20.81,21.25,20.6,20.68,20.58,0.1,0.49,1395.0,2899.0,289.9,2.899,0.0289899999999999
600637.SH,600637,东方明珠,20000908,20.85,21.3,20.75,21.08,20.68,0.4,1.93,1689.0,3543.759,354.3759,3.543759,0.03543759
600637.SH,600637,东方明珠,20000911,21.0,21.12,20.85,20.9,21.08,-0.18,-0.85,835.0,1747.037,174.7037,1.747037,0.01747037
600637.SH,600637,东方明珠,20000912,20.9,21.0,20.69,20.9,20.9,0.0,0.0,1331.0,2768.219,276.8219,2.768219,0.02768219
600637.SH,600637,东方明珠,20000913,20.9,21.08,20.72,20.96,20.9,0.06,0.29,1627.0,3387.691,338.7691,3.387691,0.0338769099999999
600637.SH,600637,东方明珠,20000914,20.96,20.96,20.56,20.76,20.96,-0.2,-0.95,1230.0,2548.007,254.8007,2.548007,0.02548007
600637.SH,600637,东方明珠,20000915,20.69,20.8,20.46,20.77,20.76,0.01,0.05,2189.0,4496.41,449.641,4.49641,0.0449641
600637.SH,600637,东方明珠,20000918,20.68,20.7,20.21,20.23,20.77,-0.54,-2.6,1266.0,2573.497,257.3497,2.573497,0.0257349699999999
600637.SH,600637,东方明珠,20000919,20.2,20.2,19.4,19.47,20.23,-0.76,-3.76,3205.0,6334.486,633.4485999999999,6.334485999999999,0.0633448599999999
600637.SH,600637,东方明珠,20000920,19.32,19.89,19.32,19.69,19.47,0.22,1.13,1969.0,3851.322,385.1322,3.851322,0.03851322
600637.SH,600637,东方明珠,20000921,19.69,19.8,19.12,19.44,19.69,-0.25,-1.27,3261.0,6298.697,629.8697,6.298697,0.06298697
600637.SH,600637,东方明珠,20000922,20.41,20.41,19.51,19.65,19.44,0.21,1.08,1481.0,2924.035,292.4035,2.924035,0.02924035
600637.SH,600637,东方明珠,20000925,19.8,19.94,19.65,19.78,19.65,0.13,0.66,1834.0,3635.761,363.5761,3.635761,0.03635761
600637.SH,600637,东方明珠,20000926,19.85,19.99,19.77,19.99,19.78,0.21,1.06,888.0,1766.487,176.64870000000002,1.766487,0.01766487
600637.SH,600637,东方明珠,20000927,19.95,20.09,19.8,20.06,19.99,0.07,0.35,779.0,1553.089,155.3089,1.553089,0.0155308899999999
600637.SH,600637,东方明珠,20000928,20.0,20.23,19.7,19.75,20.06,-0.31,-1.55,660.0,1313.017,131.3017,1.313017,0.01313017
600637.SH,600637,东方明珠,20000929,19.68,20.68,19.68,19.95,19.75,0.2,1.01,740.0,1480.286,148.0286,1.4802860000000002,0.01480286
600637.SH,600637,东方明珠,20001009,19.9,19.9,19.56,19.62,19.95,-0.33,-1.65,891.0,1761.565,176.1565,1.761565,0.01761565
600637.SH,600637,东方明珠,20001010,19.65,19.9,19.6,19.78,19.62,0.16,0.82,822.0,1622.156,162.2156,1.622156,0.01622156
600637.SH,600637,东方明珠,20001011,19.88,20.18,19.8,19.8,19.78,0.02,0.1,953.0,1903.381,190.3381,1.903381,0.0190338099999999
600637.SH,600637,东方明珠,20001012,19.8,19.81,19.48,19.66,19.8,-0.14,-0.71,885.0,1733.057,173.3057,1.733057,0.01733057
600637.SH,600637,东方明珠,20001013,19.66,19.66,19.2,19.54,19.66,-0.12,-0.61,1458.0,2823.523,282.3523,2.823523,0.02823523
600637.SH,600637,东方明珠,20001016,19.38,19.38,18.8,18.88,19.54,-0.66,-3.38,2208.0,4201.78,420.178,4.20178,0.0420178
600637.SH,600637,东方明珠,20001017,18.8,18.85,18.41,18.55,18.88,-0.33,-1.75,1982.0,3675.772,367.5772,3.675772,0.03675772
600637.SH,600637,东方明珠,20001018,18.6,18.99,18.6,18.72,18.55,0.17,0.92,1554.0,2916.706,291.67060000000004,2.9167060000000005,0.02916706
600637.SH,600637,东方明珠,20001019,18.72,18.8,18.5,18.5,18.72,-0.22,-1.18,1358.0,2527.063,252.7063,2.527063,0.02527063
600637.SH,600637,东方明珠,20001020,18.52,19.75,18.52,19.54,18.5,1.04,5.62,3705.0,7147.389,714.7389000000001,7.147389,0.07147389
600637.SH,600637,东方明珠,20001023,19.53,19.63,19.18,19.36,19.54,-0.18,-0.92,4112.0,7953.667,795.3667,7.953667,0.07953667
600637.SH,600637,东方明珠,20001024,19.3,19.58,19.1,19.2,19.36,-0.16,-0.83,1278.0,2456.059,245.6059,2.456059,0.02456059
600637.SH,600637,东方明珠,20001025,19.2,19.51,19.1,19.36,19.2,0.16,0.83,2108.0,4079.142,407.9142,4.079142,0.04079142
600637.SH,600637,东方明珠,20001026,19.51,20.43,19.5,19.85,19.36,0.49,2.53,8871.0,17795.61,1779.561,17.79561,0.1779561
600637.SH,600637,东方明珠,20001027,19.9,20.0,19.7,19.93,19.85,0.08,0.4,2311.0,4576.327,457.6327,4.576327,0.04576327
600637.SH,600637,东方明珠,20001030,19.93,20.14,19.1,19.46,19.93,-0.47,-2.36,3332.0,6562.612,656.2612,6.562612000000001,0.06562612
600637.SH,600637,东方明珠,20001031,19.53,19.8,19.38,19.44,19.46,-0.02,-0.1,1467.0,2868.731,286.8731,2.8687310000000004,0.02868731
600637.SH,600637,东方明珠,20001101,19.44,19.75,19.44,19.69,19.44,0.25,1.29,2083.0,4091.319,409.1319,4.091319,0.0409131899999999
600637.SH,600637,东方明珠,20001102,19.9,20.4,19.9,19.99,19.69,0.3,1.52,4120.0,8309.138,830.9138,8.309138,0.08309138
600637.SH,600637,东方明珠,20001103,20.2,20.2,19.86,19.91,19.99,-0.08,-0.4,1563.0,3127.786,312.7786,3.127786,0.03127786
600637.SH,600637,东方明珠,20001106,20.0,20.2,19.7,19.88,19.91,-0.03,-0.15,1686.0,3353.136,335.3136,3.353136,0.03353136
600637.SH,600637,东方明珠,20001107,19.81,20.0,19.7,19.7,19.88,-0.18,-0.91,1329.0,2631.527,263.1527,2.631527,0.0263152699999999
600637.SH,600637,东方明珠,20001108,19.75,19.83,19.63,19.8,19.7,0.1,0.51,1631.0,3215.639,321.5639,3.215639,0.03215639
600637.SH,600637,东方明珠,20001109,19.85,20.99,19.8,20.99,19.8,1.19,6.01,16545.0,34193.341,3419.3341,34.193341000000004,0.34193341
600637.SH,600637,东方明珠,20001110,21.2,22.99,21.02,22.05,20.99,1.06,5.05,36333.0,80687.792,8068.7792,80.687792,0.80687792
600637.SH,600637,东方明珠,20001113,22.3,22.4,21.5,21.78,22.05,-0.27,-1.22,12527.0,27501.34,2750.134,27.50134,0.2750133999999999
600637.SH,600637,东方明珠,20001114,21.74,22.55,21.7,22.08,21.78,0.3,1.38,8380.0,18536.92,1853.692,18.53692,0.1853691999999999
600637.SH,600637,东方明珠,20001115,22.08,22.18,21.52,21.6,22.08,-0.48,-2.17,7726.0,16827.618,1682.7617999999998,16.827617999999998,0.1682761799999999
600637.SH,600637,东方明珠,20001116,21.6,21.87,21.57,21.59,21.6,-0.01,-0.05,4113.0,8919.279,891.9279,8.919279,0.08919279
600637.SH,600637,东方明珠,20001117,21.69,21.98,21.15,21.79,21.59,0.2,0.93,7553.0,16291.136,1629.1136,16.291136,0.16291136
600637.SH,600637,东方明珠,20001120,21.86,21.89,21.3,21.7,21.79,-0.09,-0.41,4701.69,10092.363,1009.2363,10.092363,0.1009236299999999
600637.SH,600637,东方明珠,20001121,21.5,21.86,21.5,21.5,21.7,-0.2,-0.92,2544.17,5510.304,551.0304,5.510304,0.05510304
600637.SH,600637,东方明珠,20001122,21.4,21.41,21.02,21.25,21.5,-0.25,-1.16,3771.62,7988.699,798.8698999999999,7.988698999999999,0.0798869899999999
600637.SH,600637,东方明珠,20001123,21.28,21.95,21.28,21.52,21.25,0.27,1.27,3643.95,7876.451,787.6451,7.876450999999999,0.07876451
600637.SH,600637,东方明珠,20001124,21.66,22.18,21.31,21.6,21.52,0.08,0.37,10012.06,21843.311,2184.3311000000003,21.843311000000003,0.21843311
600637.SH,600637,东方明珠,20001127,21.51,21.79,21.1,21.25,21.6,-0.35,-1.62,3014.12,6449.922,644.9921999999999,6.449921999999999,0.06449922
600637.SH,600637,东方明珠,20001128,21.31,21.55,21.2,21.43,21.25,0.18,0.85,1961.19,4194.29,419.429,4.19429,0.0419429
600637.SH,600637,东方明珠,20001129,21.7,22.19,21.6,21.94,21.43,0.51,2.38,6172.6,13568.473,1356.8473,13.568473,0.13568473
600637.SH,600637,东方明珠,20001130,21.94,21.98,21.65,21.77,21.94,-0.17,-0.77,1736.42,3783.952,378.3952000000001,3.7839520000000006,0.03783952
600637.SH,600637,东方明珠,20001201,21.8,21.98,21.71,21.75,21.77,-0.02,-0.09,2376.22,5195.304,519.5304,5.195304,0.05195304
600637.SH,600637,东方明珠,20001204,21.8,21.98,21.5,21.72,21.75,-0.03,-0.14,4568.0,9893.947,989.3947,9.893947,0.09893947
600637.SH,600637,东方明珠,20001205,21.8,21.9,21.31,21.61,21.72,-0.11,-0.51,2138.19,4633.87,463.387,4.63387,0.0463387
600637.SH,600637,东方明珠,20001206,21.75,21.9,21.61,21.72,21.61,0.11,0.51,3069.0,6676.726,667.6726,6.676726,0.06676726
600637.SH,600637,东方明珠,20001207,21.8,22.68,21.7,22.36,21.72,0.64,2.95,13793.59,30815.509,3081.5509,30.815509,0.3081550899999999
600637.SH,600637,东方明珠,20001208,22.4,22.52,21.87,21.93,22.36,-0.43,-1.92,4031.81,8917.889,891.7888999999999,8.917888999999999,0.0891788899999999
600637.SH,600637,东方明珠,20001211,22.01,22.1,21.16,21.19,21.93,-0.74,-3.37,3980.66,8532.226,853.2226,8.532226000000001,0.08532226
600637.SH,600637,东方明珠,20001212,21.19,21.48,21.0,21.3,21.19,0.11,0.52,3052.01,6439.028,643.9028000000001,6.439028,0.06439028
600637.SH,600637,东方明珠,20001213,21.4,21.4,21.06,21.09,21.3,-0.21,-0.99,2150.43,4544.684,454.4684,4.544684,0.04544684
600637.SH,600637,东方明珠,20001214,21.13,21.13,20.6,20.7,21.09,-0.39,-1.85,3046.72,6350.368,635.0368000000001,6.3503680000000005,0.06350368
600637.SH,600637,东方明珠,20001215,20.7,20.9,20.51,20.8,20.7,0.1,0.48,1296.45,2681.797,268.1797,2.6817970000000004,0.02681797
600637.SH,600637,东方明珠,20001218,20.5,20.71,20.26,20.49,20.8,-0.31,-1.49,1999.3,4081.588,408.1588,4.081588,0.04081588
600637.SH,600637,东方明珠,20001219,20.6,20.67,20.4,20.56,20.49,0.07,0.34,1279.55,2631.058,263.1058,2.631058,0.02631058
600637.SH,600637,东方明珠,20001220,20.5,21.05,20.48,20.94,20.56,0.38,1.85,2354.01,4894.07,489.407,4.89407,0.0489407
600637.SH,600637,东方明珠,20001221,21.0,21.35,21.0,21.1,20.94,0.16,0.76,2667.35,5651.325,565.1324999999999,5.651324999999999,0.0565132499999999
600637.SH,600637,东方明珠,20001222,21.1,21.1,20.11,20.25,21.1,-0.85,-4.03,5639.56,11464.44,1146.444,11.46444,0.1146444
600637.SH,600637,东方明珠,20001225,20.26,20.7,20.01,20.5,20.25,0.25,1.23,4424.92,9019.772,901.9772,9.019772,0.09019772
600637.SH,600637,东方明珠,20001226,20.4,20.8,20.0,20.78,20.5,0.28,1.37,6747.12,13670.882,1367.0882,13.670882,0.1367088199999999
600637.SH,600637,东方明珠,20001227,20.86,20.88,20.3,20.85,20.78,0.07,0.34,4165.57,8583.621,858.3620999999999,8.583620999999999,0.08583621
600637.SH,600637,东方明珠,20001228,20.5,20.77,20.1,20.27,20.85,-0.58,-2.78,3634.76,7440.772,744.0772,7.440771999999999,0.07440772
600637.SH,600637,东方明珠,20001229,20.21,20.45,19.98,20.25,20.27,-0.02,-0.1,10150.83,20414.026,2041.4026,20.414026,0.20414026
600637.SH,600637,东方明珠,20010102,20.0,20.29,19.32,20.29,20.25,0.04,0.2,15340.15,30603.205,3060.3205000000003,30.603205000000003,0.30603205
600637.SH,600637,东方明珠,20010103,20.28,20.35,19.89,20.3,20.29,0.01,0.05,19902.33,40023.505,4002.3505,40.02350499999999,0.4002350499999999
600637.SH,600637,东方明珠,20010110,18.59,19.34,18.49,19.1,19.81,-0.71,-3.58,24898.99,47294.041,4729.4041,47.294041,0.47294041
600637.SH,600637,东方明珠,20010111,19.1,19.25,18.96,18.98,19.1,-0.12,-0.63,8655.39,16511.561,1651.1561000000002,16.511561,0.16511561
600637.SH,600637,东方明珠,20010112,18.98,19.0,18.6,18.71,18.98,-0.27,-1.42,4330.12,8136.023,813.6023,8.136023,0.0813602299999999
600637.SH,600637,东方明珠,20010115,18.6,19.0,18.51,18.55,18.71,-0.16,-0.86,5165.5,9711.681,971.1681,9.711681,0.09711681
600637.SH,600637,东方明珠,20010116,18.38,18.8,18.32,18.74,18.55,0.19,1.02,1966.08,3648.896,364.8896,3.648896,0.03648896
600637.SH,600637,东方明珠,20010117,18.73,18.91,18.58,18.68,18.74,-0.06,-0.32,2105.65,3957.491,395.7491,3.957491,0.03957491
600637.SH,600637,东方明珠,20010118,18.65,18.68,18.5,18.53,18.68,-0.15,-0.8,4364.81,8107.311,810.7311,8.107311,0.0810731099999999
600637.SH,600637,东方明珠,20010119,18.2,18.75,18.01,18.53,18.53,0.0,0.0,13433.18,24727.177,2472.7177,24.727177,0.24727177
600637.SH,600637,东方明珠,20010205,18.6,18.7,18.1,18.18,18.53,-0.35,-1.89,3478.96,6403.505,640.3505,6.403505,0.06403505
600637.SH,600637,东方明珠,20010206,18.1,18.1,17.9,18.08,18.18,-0.1,-0.55,3738.17,6722.06,672.206,6.72206,0.0672206
600637.SH,600637,东方明珠,20010207,18.09,18.23,18.01,18.08,18.08,0.0,0.0,1803.0,3265.692,326.5692,3.265692,0.03265692
600637.SH,600637,东方明珠,20010208,18.1,18.2,17.75,17.76,18.08,-0.32,-1.77,2919.0,5250.873,525.0872999999999,5.250873,0.0525087299999999
600637.SH,600637,东方明珠,20010209,17.88,18.18,17.78,18.0,17.76,0.24,1.35,3986.92,7139.705,713.9705,7.139705,0.07139705
600637.SH,600637,东方明珠,20010212,18.08,18.09,17.8,17.98,18.0,-0.02,-0.11,2779.83,4981.796,498.1796000000001,4.981796,0.04981796
600637.SH,600637,东方明珠,20010213,18.0,18.14,17.91,17.98,17.98,0.0,0.0,2008.91,3623.843,362.3843,3.623843,0.03623843
600637.SH,600637,东方明珠,20010214,17.99,18.2,17.89,17.9,17.98,-0.08,-0.44,2172.8,3916.893,391.6893,3.916893,0.03916893
600637.SH,600637,东方明珠,20010215,17.9,18.06,17.9,17.95,17.9,0.05,0.28,1026.32,1845.804,184.5804,1.845804,0.01845804
600637.SH,600637,东方明珠,20010216,17.96,18.1,17.78,17.95,17.95,0.0,0.0,2638.25,4732.852,473.2852,4.732851999999999,0.0473285199999999
600637.SH,600637,东方明珠,20010219,18.0,18.2,17.95,18.14,17.95,0.19,1.06,3237.1,5864.455,586.4455,5.864455,0.05864455
600637.SH,600637,东方明珠,20010220,18.15,18.22,17.95,18.0,18.14,-0.14,-0.77,3722.4,6734.468,673.4467999999999,6.734468,0.0673446799999999
600637.SH,600637,东方明珠,20010221,18.08,18.08,17.6,17.73,18.0,-0.27,-1.5,4008.54,7107.894,710.7894,7.107894,0.07107894
600637.SH,600637,东方明珠,20010222,17.63,17.89,17.55,17.58,17.73,-0.15,-0.85,2501.0,4418.248,441.8248,4.418248,0.04418248
600637.SH,600637,东方明珠,20010223,17.51,17.7,17.5,17.7,17.58,0.12,0.68,2906.56,5109.292,510.9292,5.109292,0.05109292
600637.SH,600637,东方明珠,20010226,17.76,17.88,17.56,17.79,17.7,0.09,0.51,3828.85,6812.67,681.267,6.812670000000001,0.0681267
600637.SH,600637,东方明珠,20010227,17.8,17.86,17.7,17.78,17.79,-0.01,-0.06,5815.17,10344.445,1034.4445,10.344445,0.10344445
600637.SH,600637,东方明珠,20010228,17.8,17.81,17.72,17.78,17.78,0.0,0.0,1566.0,2784.77,278.477,2.78477,0.0278477
600637.SH,600637,东方明珠,20010301,17.78,18.1,17.75,17.85,17.78,0.07,0.39,6657.0,11916.942,1191.6942,11.916942,0.1191694199999999
600637.SH,600637,东方明珠,20010302,17.86,18.2,17.83,18.19,17.85,0.34,1.9,8911.04,16031.033,1603.1033,16.031033,0.16031033
600637.SH,600637,东方明珠,20010305,18.25,18.45,18.11,18.3,18.19,0.11,0.6,4007.42,7340.138,734.0138,7.340138,0.07340138
600637.SH,600637,东方明珠,20010306,18.25,18.58,18.2,18.48,18.3,0.18,0.98,4406.87,8110.675,811.0675,8.110675,0.08110675
600637.SH,600637,东方明珠,20010307,18.48,18.69,18.3,18.41,18.48,-0.07,-0.38,3744.17,6926.958,692.6958,6.926958,0.06926958
600637.SH,600637,东方明珠,20010308,18.35,18.5,18.2,18.2,18.41,-0.21,-1.14,3354.74,6172.924,617.2924,6.172924,0.06172924
600637.SH,600637,东方明珠,20010309,18.5,19.28,18.36,18.8,18.2,0.6,3.3,15214.34,28662.007,2866.2007000000003,28.662007000000003,0.28662007
600637.SH,600637,东方明珠,20010312,18.82,18.88,18.6,18.68,18.8,-0.12,-0.64,2979.0,5566.409,556.6409,5.566409,0.05566409
600637.SH,600637,东方明珠,20010313,18.68,18.68,18.35,18.4,18.68,-0.28,-1.5,3386.15,6238.486,623.8486,6.238486,0.06238486
600637.SH,600637,东方明珠,20010314,18.4,18.7,18.4,18.55,18.4,0.15,0.82,3308.51,6134.945,613.4945,6.134945,0.06134945
600637.SH,600637,东方明珠,20010315,18.56,18.72,18.55,18.58,18.55,0.03,0.16,2877.22,5356.714,535.6714,5.356713999999999,0.0535671399999999
600637.SH,600637,东方明珠,20010316,18.56,18.65,18.4,18.59,18.58,0.01,0.05,7226.8,13375.753,1337.5753,13.375753,0.1337575299999999
600637.SH,600637,东方明珠,20010319,18.45,19.05,18.4,18.99,18.59,0.4,2.15,19705.82,36851.643,3685.1643,36.851643,0.3685164299999999
600637.SH,600637,东方明珠,20010320,19.0,19.16,18.77,18.8,18.99,-0.19,-1.0,5006.78,9483.685,948.3685,9.483685,0.09483685
600637.SH,600637,东方明珠,20010321,18.9,19.12,18.81,19.06,18.8,0.26,1.38,6443.13,12247.46,1224.746,12.247459999999998,0.1224745999999999
600637.SH,600637,东方明珠,20010322,19.15,19.17,18.9,19.09,19.06,0.03,0.16,6066.87,11541.418,1154.1418,11.541417999999998,0.1154141799999999
600637.SH,600637,东方明珠,20010323,19.18,19.18,18.75,18.77,19.09,-0.32,-1.68,5497.85,10434.243,1043.4243,10.434243000000002,0.10434243
600637.SH,600637,东方明珠,20010326,18.7,19.03,18.58,19.0,18.77,0.23,1.23,4508.01,8513.375,851.3375,8.513375,0.08513375
600637.SH,600637,东方明珠,20010327,19.0,19.28,18.95,19.15,19.0,0.15,0.79,5485.4,10482.356,1048.2356,10.482356,0.10482356
600637.SH,600637,东方明珠,20010328,19.2,19.25,19.0,19.04,19.15,-0.11,-0.57,3705.5,7070.97,707.097,7.07097,0.0707097
600637.SH,600637,东方明珠,20010329,19.05,19.2,18.89,19.06,19.04,0.02,0.11,3782.81,7193.53,719.353,7.193529999999999,0.0719353
600637.SH,600637,东方明珠,20010330,19.02,19.15,18.93,18.98,19.06,-0.08,-0.42,3845.84,7304.914,730.4914,7.304914,0.07304914
600637.SH,600637,东方明珠,20010402,18.99,19.75,18.98,19.49,18.98,0.51,2.69,13175.47,25546.649,2554.6649,25.546649,0.25546649
600637.SH,600637,东方明珠,20010403,19.7,20.59,19.7,20.19,19.49,0.7,3.59,36424.0,73825.892,7382.5892,73.82589200000001,0.7382589200000002
600637.SH,600637,东方明珠,20010404,20.2,20.25,19.7,19.75,20.19,-0.44,-2.18,11613.28,23260.319,2326.0319,23.260319,0.23260319
600637.SH,600637,东方明珠,20010405,19.67,20.15,19.61,20.04,19.75,0.29,1.47,9265.78,18469.985,1846.9985,18.469985,0.18469985
600637.SH,600637,东方明珠,20010406,20.05,20.55,20.0,20.03,20.04,-0.01,-0.05,14275.37,28942.384,2894.2384,28.942384,0.28942384
600637.SH,600637,东方明珠,20010409,20.17,20.3,19.98,20.02,20.03,-0.01,-0.05,9851.41,19859.109,1985.9109,19.859109,0.19859109
600637.SH,600637,东方明珠,20010410,20.05,20.18,19.88,19.9,20.02,-0.12,-0.6,12252.99,24532.621,2453.2621,24.532621,0.24532621
600637.SH,600637,东方明珠,20010411,19.9,20.55,19.9,20.47,19.9,0.57,2.86,40727.92,82807.188,8280.718799999999,82.80718799999998,0.8280718799999999
600637.SH,600637,东方明珠,20010412,20.5,21.85,20.4,21.11,20.47,0.64,3.13,61278.47,129697.012,12969.7012,129.697012,1.29697012
600637.SH,600637,东方明珠,20010413,21.11,21.27,20.88,21.14,21.11,0.03,0.14,14288.43,30088.163,3008.8163,30.088163,0.3008816299999999
600637.SH,600637,东方明珠,20010416,21.4,22.05,21.01,21.38,21.14,0.24,1.14,45557.79,98447.109,9844.7109,98.447109,0.98447109
600637.SH,600637,东方明珠,20010417,21.38,21.68,21.08,21.08,21.38,-0.3,-1.4,19823.02,42239.185,4223.9185,42.239185,0.42239185
600637.SH,600637,东方明珠,20010418,21.0,21.05,20.65,20.74,21.08,-0.34,-1.61,16751.02,34938.868,3493.8868,34.938868,0.34938868
600637.SH,600637,东方明珠,20010419,20.8,21.0,20.7,20.9,20.74,0.16,0.77,13474.09,28107.832,2810.7832,28.107832,0.28107832
600637.SH,600637,东方明珠,20010420,21.03,21.3,20.7,20.75,20.9,-0.15,-0.72,15600.21,32755.748,3275.5748,32.755748,0.3275574799999999
600637.SH,600637,东方明珠,20010423,20.75,20.95,20.3,20.49,20.75,-0.26,-1.25,12668.08,26041.5,2604.15,26.0415,0.260415
600637.SH,600637,东方明珠,20010424,20.32,20.65,20.3,20.43,20.49,-0.06,-0.29,7909.05,16199.467,1619.9467,16.199467,0.1619946699999999
600637.SH,600637,东方明珠,20010425,20.43,20.58,19.9,20.02,20.43,-0.41,-2.01,12304.5,24915.141,2491.5141,24.915141,0.24915141
600637.SH,600637,东方明珠,20010426,19.97,20.2,19.81,19.85,20.02,-0.17,-0.85,7306.42,14591.086,1459.1086,14.591086,0.14591086
600637.SH,600637,东方明珠,20010427,19.98,20.25,19.98,20.08,19.85,0.23,1.16,5588.31,11244.139,1124.4139,11.244139,0.11244139
600637.SH,600637,东方明珠,20010430,20.2,20.24,19.95,19.98,20.08,-0.1,-0.5,7416.77,14878.437,1487.8437,14.878436999999998,0.1487843699999999
600637.SH,600637,东方明珠,20010508,20.01,20.61,20.01,20.25,19.98,0.27,1.35,10951.8,22239.265,2223.9265,22.239265,0.22239265
600637.SH,600637,东方明珠,20010509,20.25,20.43,19.7,19.82,20.25,-0.43,-2.12,15141.0,30252.772,3025.2772,30.252772,0.30252772
600637.SH,600637,东方明珠,20010510,20.0,20.51,19.71,20.25,19.82,0.43,2.17,22395.66,45039.666,4503.9666,45.039666,0.4503966599999999
600637.SH,600637,东方明珠,20010511,20.45,20.6,19.87,19.95,20.25,-0.3,-1.48,47240.88,94580.178,9458.0178,94.580178,0.94580178
600637.SH,600637,东方明珠,20010514,20.08,20.3,19.76,19.9,19.95,-0.05,-0.25,37158.62,74091.824,7409.1824,74.091824,0.7409182400000001
600637.SH,600637,东方明珠,20010515,20.22,20.26,19.87,19.9,19.9,0.0,0.0,24626.87,49225.741,4922.5741,49.225741,0.49225741
600637.SH,600637,东方明珠,20010516,20.0,21.47,19.98,21.08,19.9,1.18,5.93,197613.11,413479.918,41347.9918,413.47991800000005,4.134799180000001
600637.SH,600637,东方明珠,20010517,21.18,21.6,20.92,21.3,21.08,0.22,1.04,86580.88,183856.754,18385.6754,183.856754,1.83856754
600637.SH,600637,东方明珠,20010518,21.4,21.89,21.16,21.67,21.3,0.37,1.74,69309.25,149498.794,14949.8794,149.498794,1.49498794
600637.SH,600637,东方明珠,20010521,21.88,22.18,21.5,22.1,21.67,0.43,1.98,68937.44,150953.975,15095.3975,150.953975,1.50953975
600637.SH,600637,东方明珠,20010522,22.1,22.29,21.62,21.75,22.1,-0.35,-1.58,50511.06,111043.982,11104.3982,111.043982,1.11043982
600637.SH,600637,东方明珠,20010523,21.75,21.92,21.21,21.55,21.75,-0.2,-0.92,48756.11,104973.621,10497.3621,104.973621,1.04973621
600637.SH,600637,东方明珠,20010524,21.55,22.27,21.41,21.75,21.55,0.2,0.93,41121.89,90204.735,9020.4735,90.204735,0.90204735
600637.SH,600637,东方明珠,20010525,21.75,22.04,21.38,21.42,21.75,-0.33,-1.52,26869.97,58040.057,5804.0057,58.040057,0.58040057
600637.SH,600637,东方明珠,20010528,21.5,22.34,21.5,21.85,21.42,0.43,2.01,37282.64,82112.822,8211.2822,82.112822,0.82112822
600637.SH,600637,东方明珠,20010530,22.48,22.8,22.1,22.55,21.85,0.7,3.2,28866.54,64972.789,6497.278899999999,64.97278899999999,0.6497278899999999
600637.SH,600637,东方明珠,20010531,22.75,22.76,21.9,22.2,22.55,-0.35,-1.55,30959.55,69160.752,6916.075199999999,69.16075199999999,0.6916075199999999
600637.SH,600637,东方明珠,20010601,22.3,22.68,21.98,22.1,22.2,-0.1,-0.45,26188.41,58273.707,5827.3707,58.273707,0.58273707
600637.SH,600637,东方明珠,20010604,22.4,22.48,22.1,22.34,22.1,0.24,1.09,19222.26,42756.992,4275.6992,42.756992,0.42756992
600637.SH,600637,东方明珠,20010605,22.44,22.45,21.9,22.1,22.34,-0.24,-1.07,25172.05,55650.943,5565.0943,55.650943,0.55650943
600637.SH,600637,东方明珠,20010606,22.1,22.32,21.84,21.9,22.1,-0.2,-0.91,18002.3,39523.96,3952.396,39.52396,0.3952395999999999
600637.SH,600637,东方明珠,20010607,21.92,22.1,21.78,21.96,21.9,0.06,0.27,13949.58,30561.148,3056.1148000000003,30.561148000000003,0.30561148
600637.SH,600637,东方明珠,20010608,21.99,21.99,21.38,21.4,21.96,-0.56,-2.55,24484.0,52869.911,5286.9911,52.869911,0.52869911
600637.SH,600637,东方明珠,20010611,21.4,21.59,21.22,21.29,21.4,-0.11,-0.51,13512.11,28875.312,2887.5312000000004,28.875312000000005,0.28875312
600637.SH,600637,东方明珠,20010612,21.29,21.4,21.1,21.26,21.29,-0.03,-0.14,19496.46,41368.801,4136.8801,41.368801000000005,0.41368801
600637.SH,600637,东方明珠,20010613,21.27,21.5,21.2,21.44,21.26,0.18,0.85,20710.74,44143.986,4414.3986,44.143986,0.4414398599999999
600637.SH,600637,东方明珠,20010614,21.5,21.96,21.2,21.25,21.44,-0.19,-0.89,19397.39,41799.23,4179.923000000001,41.79923000000001,0.4179923000000001
600637.SH,600637,东方明珠,20010615,21.21,21.5,21.18,21.26,21.25,0.01,0.05,9867.13,21018.515,2101.8515,21.018515,0.2101851499999999
600637.SH,600637,东方明珠,20010618,21.28,21.49,19.98,20.05,21.26,-1.21,-5.69,24560.39,50458.078,5045.8078000000005,50.45807800000001,0.5045807800000001
600637.SH,600637,东方明珠,20010619,20.11,20.39,20.11,20.19,20.05,0.14,0.7,10491.8,21232.969,2123.2969000000003,21.232969000000004,0.21232969
600637.SH,600637,东方明珠,20010620,20.25,20.49,20.1,20.16,20.19,-0.03,-0.15,6437.48,13053.031,1305.3031,13.053031,0.13053031
600637.SH,600637,东方明珠,20010621,20.3,20.65,20.16,20.58,20.16,0.42,2.08,4802.24,9800.582,980.0582,9.800582,0.09800582
600637.SH,600637,东方明珠,20010622,20.58,20.78,20.4,20.55,20.58,-0.03,-0.15,6319.63,12991.708,1299.1708,12.991708,0.12991708
600637.SH,600637,东方明珠,20010625,20.58,20.7,20.38,20.5,20.55,-0.05,-0.24,8826.09,18072.803,1807.2803,18.072803,0.18072803
600637.SH,600637,东方明珠,20010626,20.5,20.75,20.35,20.55,20.4,0.15,0.74,7519.99,15427.776,1542.7776,15.427776,0.1542777599999999
600637.SH,600637,东方明珠,20010627,20.65,20.7,20.0,20.2,20.55,-0.35,-1.7,20688.22,41708.116,4170.8116,41.708116,0.4170811599999999
600637.SH,600637,东方明珠,20010628,20.3,20.8,20.18,20.6,20.2,0.4,1.98,58203.69,119729.584,11972.9584,119.729584,1.1972958399999998
600637.SH,600637,东方明珠,20010629,20.6,21.2,20.6,20.78,20.6,0.18,0.87,57449.94,120092.777,12009.2777,120.092777,1.20092777
600637.SH,600637,东方明珠,20010702,20.8,20.93,20.21,20.4,20.78,-0.38,-1.83,9263.08,18879.691,1887.9691,18.879691,0.1887969099999999
600637.SH,600637,东方明珠,20010703,20.35,20.56,20.16,20.16,20.4,-0.24,-1.18,10003.44,20239.881,2023.9881,20.239881,0.20239881
600637.SH,600637,东方明珠,20010704,20.3,20.39,20.11,20.3,20.16,0.14,0.69,7028.07,14187.52,1418.752,14.18752,0.1418751999999999
600637.SH,600637,东方明珠,20010705,20.29,20.29,19.68,19.68,20.3,-0.62,-3.05,21970.0,43823.548,4382.3548,43.823548,0.43823548
600637.SH,600637,东方明珠,20010706,19.8,19.8,19.61,19.75,19.68,0.07,0.36,11298.2,22266.098,2226.6098,22.266098000000003,0.22266098
600637.SH,600637,东方明珠,20010709,19.65,19.79,19.17,19.25,19.75,-0.5,-2.53,12480.51,24142.434,2414.2434000000003,24.142434,0.24142434
600637.SH,600637,东方明珠,20010710,19.27,19.43,19.18,19.25,19.25,0.0,0.0,8910.14,17152.809,1715.2809000000002,17.152809,0.17152809
600637.SH,600637,东方明珠,20010711,19.58,19.58,19.16,19.17,19.25,-0.08,-0.42,5237.98,10100.08,1010.008,10.10008,0.1010008
600637.SH,600637,东方明珠,20010712,19.17,19.28,18.8,19.0,19.17,-0.17,-0.89,16665.79,31633.911,3163.3911,31.633911,0.31633911
600637.SH,600637,东方明珠,20010713,19.0,19.6,18.98,18.98,19.0,-0.02,-0.11,15903.9,30840.612,3084.0612,30.840612,0.30840612
600637.SH,600637,东方明珠,20010716,18.88,19.83,18.88,19.05,18.98,0.07,0.37,36395.38,69183.979,6918.397900000001,69.18397900000001,0.6918397900000001
600637.SH,600637,东方明珠,20010717,19.25,19.47,19.0,19.05,19.05,0.0,0.0,7428.9,14172.843,1417.2843,14.172843,0.14172843
600637.SH,600637,东方明珠,20010718,19.45,19.45,19.0,19.15,19.05,0.1,0.52,6992.28,13350.659,1335.0659,13.350659,0.13350659
600637.SH,600637,东方明珠,20010719,19.4,19.4,18.95,19.07,19.15,-0.08,-0.42,6921.5,13194.526,1319.4526,13.194526000000002,0.13194526
600637.SH,600637,东方明珠,20010720,19.27,19.38,19.1,19.29,19.07,0.22,1.15,10165.03,19551.458,1955.1458,19.551458,0.1955145799999999
600637.SH,600637,东方明珠,20010723,19.4,19.47,18.9,18.95,19.29,-0.34,-1.76,18645.8,35580.329,3558.0329,35.580329,0.35580329
600637.SH,600637,东方明珠,20010724,18.95,18.99,17.91,17.98,18.95,-0.97,-5.12,49270.03,89643.752,8964.375199999999,89.64375199999999,0.8964375199999999
600637.SH,600637,东方明珠,20010725,17.91,17.95,17.55,17.6,17.98,-0.38,-2.11,27656.72,48931.412,4893.1412,48.931412,0.48931412
600637.SH,600637,东方明珠,20010726,17.7,17.85,17.58,17.61,17.6,0.01,0.06,14562.49,25707.633,2570.7633,25.707633,0.25707633
600637.SH,600637,东方明珠,20010727,17.65,17.72,16.65,16.68,17.61,-0.93,-5.28,21196.5,36025.464,3602.5464,36.025464,0.36025464
600637.SH,600637,东方明珠,20010730,16.6,16.6,16.0,16.18,16.68,-0.5,-3.0,12006.78,19621.062,1962.1062,19.621062,0.19621062
600637.SH,600637,东方明珠,20010731,16.18,16.72,16.1,16.2,16.18,0.02,0.12,10559.91,17233.375,1723.3375,17.233375000000002,0.17233375
600637.SH,600637,东方明珠,20010801,16.25,16.62,16.25,16.5,16.2,0.3,1.85,12714.93,20898.65,2089.865,20.898650000000004,0.2089865
600637.SH,600637,东方明珠,20010802,16.51,16.55,14.88,15.21,16.5,-1.29,-7.82,32699.24,50119.621,5011.9621,50.119621,0.5011962099999999
600637.SH,600637,东方明珠,20010803,15.12,15.43,15.0,15.19,15.21,-0.02,-0.13,11924.13,18082.568,1808.2568,18.082568,0.18082568
600637.SH,600637,东方明珠,20010806,15.17,15.17,13.67,14.05,15.19,-1.14,-7.5,29296.94,41055.821,4105.5821000000005,41.05582100000001,0.4105582100000001
600637.SH,600637,东方明珠,20010807,13.98,14.97,13.7,14.52,14.05,0.47,3.35,15636.66,22387.13,2238.713,22.387130000000003,0.2238713
600637.SH,600637,东方明珠,20010808,14.55,14.66,14.2,14.41,14.52,-0.11,-0.76,7553.08,10928.469,1092.8469,10.928469,0.10928469
600637.SH,600637,东方明珠,20010809,14.5,14.7,14.4,14.64,14.41,0.23,1.6,7563.24,11034.996,1103.4996,11.034996,0.11034996
600637.SH,600637,东方明珠,20010810,14.7,15.36,14.69,15.3,14.64,0.66,4.51,17586.71,26551.652,2655.1652,26.551652,0.26551652
600637.SH,600637,东方明珠,20010813,15.43,15.6,15.2,15.37,15.3,0.07,0.46,17471.36,26924.897,2692.4897,26.924897,0.26924897
600637.SH,600637,东方明珠,20010814,15.43,15.47,15.0,15.12,15.37,-0.25,-1.63,11275.23,17169.406,1716.9406,17.169406,0.1716940599999999
600637.SH,600637,东方明珠,20010815,15.16,15.29,15.1,15.27,15.12,0.15,0.99,5873.7,8927.172,892.7172,8.927172,0.08927172
600637.SH,600637,东方明珠,20010816,15.3,15.3,14.85,14.88,15.27,-0.39,-2.55,6456.1,9687.002,968.7002,9.687002,0.09687002
600637.SH,600637,东方明珠,20010817,14.87,15.08,14.8,14.95,14.88,0.07,0.47,3859.54,5766.049,576.6049,5.766049000000001,0.05766049
600637.SH,600637,东方明珠,20010820,15.05,15.29,14.9,15.06,14.95,0.11,0.74,4047.1,6103.776,610.3776,6.103776,0.0610377599999999
600637.SH,600637,东方明珠,20010821,15.38,15.5,15.1,15.16,15.06,0.1,0.66,3423.0,5205.952,520.5952,5.205952,0.05205952
600637.SH,600637,东方明珠,20010822,15.1,15.11,14.8,14.86,15.16,-0.3,-1.98,5878.31,8763.658,876.3657999999999,8.763658,0.0876365799999999
600637.SH,600637,东方明珠,20010823,14.8,15.0,14.52,14.95,14.86,0.09,0.61,3050.19,4512.885,451.2885,4.512885,0.04512885
600637.SH,600637,东方明珠,20010824,14.95,15.08,14.6,14.8,14.95,-0.15,-1.0,3268.8,4870.326,487.0326,4.870326,0.04870326
600637.SH,600637,东方明珠,20010827,14.7,14.8,14.35,14.4,14.8,-0.4,-2.7,5071.08,7370.317,737.0317,7.370317,0.07370317
600637.SH,600637,东方明珠,20010828,14.3,14.7,14.15,14.68,14.4,0.28,1.94,4336.15,6259.364,625.9363999999999,6.259364,0.0625936399999999
600637.SH,600637,东方明珠,20010829,14.8,15.55,14.63,15.08,14.68,0.4,2.72,15979.91,24281.003,2428.1003,24.281003,0.24281003
600637.SH,600637,东方明珠,20010830,15.03,15.17,14.88,15.0,15.08,-0.08,-0.53,5514.4,8280.346,828.0346,8.280346,0.08280346
600637.SH,600637,东方明珠,20010831,14.93,15.1,14.91,14.93,15.0,-0.07,-0.47,2271.13,3408.184,340.8184,3.408184,0.03408184
600637.SH,600637,东方明珠,20010903,14.93,15.25,14.88,14.9,14.93,-0.03,-0.2,4800.0,7222.294,722.2293999999999,7.222294,0.07222294
600637.SH,600637,东方明珠,20010904,14.98,16.07,14.92,15.75,14.9,0.85,5.7,33303.79,52393.151,5239.3151,52.393151,0.5239315099999999
600637.SH,600637,东方明珠,20010905,15.95,15.98,15.48,15.5,15.75,-0.25,-1.59,19218.3,30219.655,3021.9655,30.219655,0.30219655
600637.SH,600637,东方明珠,20010906,15.52,15.79,15.38,15.6,15.5,0.1,0.65,13037.62,20316.174,2031.6174,20.316174,0.20316174
600637.SH,600637,东方明珠,20010907,15.48,15.6,14.9,14.91,15.6,-0.69,-4.42,21227.59,32106.701,3210.6701000000003,32.106701,0.32106701
600637.SH,600637,东方明珠,20010910,14.7,15.64,14.5,15.52,14.91,0.61,4.09,19397.71,29845.532,2984.5532,29.845532,0.2984553199999999
600637.SH,600637,东方明珠,20010911,15.5,16.31,15.5,15.96,15.52,0.44,2.84,38399.89,61729.337,6172.9337,61.729337,0.61729337
600637.SH,600637,东方明珠,20010912,15.5,16.0,15.32,15.99,15.96,0.03,0.19,23397.27,36824.471,3682.4471,36.824471,0.36824471
600637.SH,600637,东方明珠,20010913,16.05,16.28,15.82,15.89,15.99,-0.1,-0.63,11664.14,18739.182,1873.9182,18.739182,0.18739182
600637.SH,600637,东方明珠,20010914,15.89,16.04,15.55,15.65,15.89,-0.24,-1.51,8056.17,12632.077,1263.2077,12.632077,0.12632077
600637.SH,600637,东方明珠,20010917,15.6,15.79,15.4,15.4,15.65,-0.25,-1.6,8192.3,12742.193,1274.2193,12.742193,0.12742193
600637.SH,600637,东方明珠,20010918,15.5,15.88,15.3,15.61,15.4,0.21,1.36,4775.19,7429.429,742.9429,7.429429,0.07429429
600637.SH,600637,东方明珠,20010919,15.66,16.38,15.45,16.22,15.61,0.61,3.91,15721.91,25218.086,2521.8086,25.218086,0.25218086
600637.SH,600637,东方明珠,20010920,16.35,16.37,16.02,16.04,16.22,-0.18,-1.11,14846.58,24077.451,2407.7451,24.077451,0.24077451
600637.SH,600637,东方明珠,20010921,16.0,16.2,15.91,15.96,16.04,-0.08,-0.5,8144.89,13071.601,1307.1601,13.071601,0.13071601
600637.SH,600637,东方明珠,20010924,15.9,16.15,15.9,15.9,15.96,-0.06,-0.38,7410.06,11855.13,1185.513,11.85513,0.1185512999999999
600637.SH,600637,东方明珠,20010925,16.02,16.25,15.82,15.9,15.9,0.0,0.0,5824.41,9286.887,928.6887,9.286887,0.09286887
600637.SH,600637,东方明珠,20010926,15.9,15.95,15.55,15.59,15.9,-0.31,-1.95,6886.13,10797.126,1079.7126,10.797126,0.10797126
600637.SH,600637,东方明珠,20010927,15.51,15.95,15.41,15.79,15.59,0.2,1.28,7886.07,12332.774,1233.2774,12.332774,0.1233277399999999
600637.SH,600637,东方明珠,20010928,15.81,15.89,15.6,15.79,15.79,0.0,0.0,3620.29,5715.716,571.5716,5.715716,0.05715716
600637.SH,600637,东方明珠,20011008,15.83,15.92,15.42,15.53,15.79,-0.26,-1.65,3750.96,5843.21,584.321,5.84321,0.0584321
600637.SH,600637,东方明珠,20011009,15.5,15.9,15.48,15.79,15.53,0.26,1.67,3489.69,5459.023,545.9023,5.459022999999999,0.0545902299999999
600637.SH,600637,东方明珠,20011010,15.85,15.85,14.9,14.99,15.79,-0.8,-5.07,11136.25,16817.554,1681.7554,16.817554,0.16817554
600637.SH,600637,东方明珠,20011011,14.92,15.08,14.48,14.55,14.99,-0.44,-2.94,8617.59,12672.461,1267.2460999999998,12.672460999999998,0.12672461
600637.SH,600637,东方明珠,20011012,14.53,15.37,14.42,15.19,14.55,0.64,4.4,16053.28,23835.871,2383.5871,23.835871,0.2383587099999999
600637.SH,600637,东方明珠,20011015,15.19,15.33,14.88,14.9,15.19,-0.29,-1.91,6329.01,9546.434,954.6434,9.546434,0.09546434
600637.SH,600637,东方明珠,20011016,15.3,15.3,14.48,14.48,14.9,-0.42,-2.82,8070.24,11913.315,1191.3315,11.913315,0.11913315
600637.SH,600637,东方明珠,20011017,14.5,14.6,13.96,14.07,14.48,-0.41,-2.83,15000.11,21228.592,2122.8592,21.228592,0.21228592
600637.SH,600637,东方明珠,20011018,14.1,14.33,14.0,14.09,14.07,0.02,0.14,5643.49,7947.555,794.7555,7.947554999999999,0.0794755499999999
600637.SH,600637,东方明珠,20011019,14.01,14.1,13.29,13.37,14.09,-0.72,-5.11,13681.1,18618.692,1861.8692,18.618692,0.18618692
600637.SH,600637,东方明珠,20011022,13.32,13.45,12.03,12.2,13.37,-1.17,-8.75,14754.85,18850.05,1885.005,18.85005,0.1885005
600637.SH,600637,东方明珠,20011023,13.42,13.42,13.3,13.42,12.2,1.22,10.0,19078.32,25595.642,2559.5642,25.595642,0.2559564199999999
600637.SH,600637,东方明珠,20011024,14.13,14.76,14.13,14.48,13.42,1.06,7.9,42644.26,61956.178,6195.6178,61.956178,0.6195617800000001
600637.SH,600637,东方明珠,20011025,14.39,15.18,14.1,14.6,14.48,0.12,0.83,36548.98,53995.124,5399.5124000000005,53.995124,0.53995124
600637.SH,600637,东方明珠,20011026,14.65,14.65,14.29,14.54,14.6,-0.06,-0.41,6481.8,9387.697,938.7697,9.387697,0.09387697
600637.SH,600637,东方明珠,20011029,14.54,14.92,14.54,14.75,14.54,0.21,1.44,6556.57,9684.429,968.4429,9.684429,0.09684429
600637.SH,600637,东方明珠,20011030,14.8,14.85,14.35,14.42,14.75,-0.33,-2.24,5034.63,7293.389,729.3389,7.293388999999999,0.07293389
600637.SH,600637,东方明珠,20011031,14.35,14.48,14.12,14.48,14.42,0.06,0.42,5920.52,8444.454,844.4454,8.444454,0.08444454
600637.SH,600637,东方明珠,20011101,14.5,14.8,14.41,14.6,14.48,0.12,0.83,4066.9,5942.303,594.2302999999999,5.942302999999999,0.0594230299999999
600637.SH,600637,东方明珠,20011102,14.5,14.79,14.41,14.49,14.6,-0.11,-0.75,3701.8,5391.068,539.1068,5.391068000000001,0.05391068
600637.SH,600637,东方明珠,20011105,14.45,14.68,14.31,14.65,14.49,0.16,1.1,4157.09,6033.815,603.3815,6.033815,0.06033815
600637.SH,600637,东方明珠,20011106,14.82,15.34,14.72,15.0,14.65,0.35,2.39,28619.4,43234.825,4323.4825,43.234825,0.43234825
600637.SH,600637,东方明珠,20011107,14.92,15.01,14.0,14.03,15.0,-0.97,-6.47,16118.88,23253.842,2325.3842,23.253842,0.23253842
600637.SH,600637,东方明珠,20011108,13.6,14.6,13.5,14.51,14.03,0.48,3.42,15634.17,22246.276,2224.6276000000003,22.246276,0.22246276
600637.SH,600637,东方明珠,20011109,14.48,15.96,14.2,15.54,14.51,1.03,7.1,101089.94,158014.329,15801.4329,158.014329,1.58014329
600637.SH,600637,东方明珠,20011112,15.5,16.0,15.41,15.58,15.54,0.04,0.26,56318.53,88613.434,8861.3434,88.613434,0.88613434
600637.SH,600637,东方明珠,20011113,15.36,15.85,15.3,15.55,15.58,-0.03,-0.19,25376.54,39712.244,3971.2244,39.712244,0.3971224399999999
600637.SH,600637,东方明珠,20011114,15.65,16.21,15.65,15.78,15.55,0.23,1.48,41187.83,65878.623,6587.862300000001,65.878623,0.65878623
600637.SH,600637,东方明珠,20011115,15.93,16.18,15.71,16.07,15.78,0.29,1.84,32112.59,51368.485,5136.8485,51.368485,0.51368485
600637.SH,600637,东方明珠,20011116,17.68,17.68,16.42,16.51,16.07,0.44,2.74,269817.82,469745.932,46974.5932,469.745932,4.69745932
600637.SH,600637,东方明珠,20011119,16.36,16.74,16.01,16.67,16.51,0.16,0.97,73810.37,121014.459,12101.4459,121.014459,1.21014459
600637.SH,600637,东方明珠,20011120,16.63,16.93,16.48,16.76,16.67,0.09,0.54,59223.41,99263.817,9926.3817,99.263817,0.99263817
600637.SH,600637,东方明珠,20011121,16.7,17.05,16.6,16.87,16.76,0.11,0.66,37703.04,63573.92,6357.392,63.57392,0.6357392000000001
600637.SH,600637,东方明珠,20011122,16.87,16.96,16.41,16.56,16.87,-0.31,-1.84,41513.02,69088.954,6908.895399999999,69.088954,0.69088954
600637.SH,600637,东方明珠,20011123,16.57,16.83,16.38,16.61,16.56,0.05,0.3,22070.64,36696.168,3669.6168,36.696168,0.36696168
600637.SH,600637,东方明珠,20011126,16.46,17.0,16.45,16.98,16.61,0.37,2.23,17438.51,29203.157,2920.3157,29.203157,0.29203157
600637.SH,600637,东方明珠,20011127,16.97,17.09,16.79,16.9,16.98,-0.08,-0.47,18141.6,30703.429,3070.3429,30.703429,0.30703429
600637.SH,600637,东方明珠,20011129,17.0,17.1,16.11,16.3,16.9,-0.6,-3.55,50839.42,84679.758,8467.9758,84.679758,0.84679758
600637.SH,600637,东方明珠,20011130,16.31,16.55,16.1,16.38,16.3,0.08,0.49,45055.26,73486.204,7348.6204,73.486204,0.73486204
600637.SH,600637,东方明珠,20011203,16.4,16.58,16.26,16.45,16.38,0.07,0.43,19727.31,32399.362,3239.9362,32.399362,0.32399362
600637.SH,600637,东方明珠,20011204,16.48,16.68,16.29,16.64,16.45,0.19,1.16,18622.79,30750.956,3075.0956,30.750955999999995,0.3075095599999999
600637.SH,600637,东方明珠,20011205,16.6,16.6,16.0,16.04,16.64,-0.6,-3.61,31160.22,50603.974,5060.3974,50.603974,0.50603974
600637.SH,600637,东方明珠,20011206,16.0,16.8,15.98,16.31,16.04,0.27,1.68,22039.31,35758.507,3575.8507,35.758507,0.35758507
600637.SH,600637,东方明珠,20011207,16.35,16.59,16.2,16.22,16.31,-0.09,-0.55,13996.32,22986.498,2298.6498,22.986498,0.22986498
600637.SH,600637,东方明珠,20011210,16.25,16.28,16.02,16.18,16.22,-0.04,-0.25,8608.37,13879.292,1387.9292,13.879292,0.13879292
600637.SH,600637,东方明珠,20011211,16.18,16.39,15.99,16.05,16.18,-0.13,-0.8,10342.51,16731.752,1673.1752,16.731752,0.16731752
600637.SH,600637,东方明珠,20011212,16.01,16.24,16.0,16.1,16.05,0.05,0.31,7441.27,11968.507,1196.8507,11.968507,0.1196850699999999
600637.SH,600637,东方明珠,20011213,16.03,16.15,15.55,15.58,16.1,-0.52,-3.23,18826.49,29760.273,2976.0273,29.760273,0.29760273
600637.SH,600637,东方明珠,20011214,15.54,15.77,15.42,15.45,15.58,-0.13,-0.83,11969.55,18672.838,1867.2838,18.672838,0.18672838
600637.SH,600637,东方明珠,20011217,15.45,15.5,14.91,14.97,15.45,-0.48,-3.11,16254.5,24605.66,2460.566,24.60566,0.2460565999999999
600637.SH,600637,东方明珠,20011218,14.98,15.2,14.75,15.14,14.97,0.17,1.14,14288.8,21425.299,2142.5299,21.425299,0.2142529899999999
600637.SH,600637,东方明珠,20011219,15.2,15.25,14.79,14.8,15.14,-0.34,-2.25,10576.0,15859.518,1585.9518,15.859518,0.15859518
600637.SH,600637,东方明珠,20011220,14.75,14.75,14.18,14.34,14.8,-0.46,-3.11,19536.37,28193.81,2819.3810000000003,28.193810000000003,0.2819381
600637.SH,600637,东方明珠,20011221,14.4,15.52,14.34,14.63,14.34,0.29,2.02,6691.16,9747.936,974.7936,9.747936,0.0974793599999999
600637.SH,600637,东方明珠,20011224,14.63,14.7,14.26,14.35,14.63,-0.28,-1.91,7135.73,10290.332,1029.0332,10.290332,0.10290332
600637.SH,600637,东方明珠,20011225,14.4,14.58,14.25,14.37,14.35,0.02,0.14,5260.27,7570.597,757.0597,7.570597,0.07570597
600637.SH,600637,东方明珠,20011226,14.45,14.69,14.4,14.64,14.37,0.27,1.88,6220.16,9068.069,906.8069,9.068069,0.09068069
600637.SH,600637,东方明珠,20011227,14.74,14.75,14.4,14.41,14.64,-0.23,-1.57,7973.59,11603.383,1160.3383,11.603383,0.1160338299999999
600637.SH,600637,东方明珠,20011228,14.4,14.48,14.27,14.33,14.41,-0.08,-0.56,8690.1,12456.018,1245.6018,12.456017999999998,0.1245601799999999
600637.SH,600637,东方明珠,20011231,14.45,14.75,14.4,14.55,14.33,0.22,1.54,4676.47,6809.591,680.9591,6.809591,0.06809591
600637.SH,600637,东方明珠,20020104,14.5,14.5,13.95,14.02,14.55,-0.53,-3.64,9175.27,13017.745,1301.7745,13.017745,0.13017745
600637.SH,600637,东方明珠,20020107,14.0,14.0,13.65,13.94,14.02,-0.08,-0.57,9588.45,13217.589,1321.7589,13.217589,0.13217589
600637.SH,600637,东方明珠,20020108,13.98,14.1,13.78,13.79,13.94,-0.15,-1.08,6026.78,8357.309,835.7308999999999,8.357308999999999,0.0835730899999999
600637.SH,600637,东方明珠,20020109,13.7,13.77,13.5,13.55,13.79,-0.24,-1.74,10701.81,14578.671,1457.8671,14.578671,0.1457867099999999
600637.SH,600637,东方明珠,20020110,13.6,14.17,13.55,14.05,13.55,0.5,3.69,10137.91,14005.37,1400.537,14.00537,0.1400537
600637.SH,600637,东方明珠,20020111,14.05,14.2,13.83,13.85,14.05,-0.2,-1.42,6013.66,8409.38,840.9379999999999,8.409379999999999,0.0840937999999999
600637.SH,600637,东方明珠,20020114,13.8,13.98,13.52,13.68,13.85,-0.17,-1.23,7324.5,10033.256,1003.3256,10.033256,0.10033256
600637.SH,600637,东方明珠,20020115,13.51,13.9,13.31,13.34,13.68,-0.34,-2.49,13140.0,17842.929,1784.2929,17.842928999999998,0.17842929
600637.SH,600637,东方明珠,20020116,13.3,13.6,12.2,12.99,13.34,-0.35,-2.62,30790.16,39136.736,3913.6736,39.136736,0.39136736
600637.SH,600637,东方明珠,20020117,12.81,12.86,12.32,12.36,12.99,-0.63,-4.85,10093.21,12641.859,1264.1859,12.641859,0.12641859
600637.SH,600637,东方明珠,20020118,12.2,12.94,12.15,12.68,12.36,0.32,2.59,15992.62,20138.863,2013.8863,20.138863,0.20138863
600637.SH,600637,东方明珠,20020121,12.42,12.77,12.33,12.44,12.68,-0.24,-1.89,6429.6,8041.767,804.1767,8.041767,0.08041767
600637.SH,600637,东方明珠,20020122,12.35,13.08,12.35,12.7,12.44,0.26,2.09,12272.4,15722.089,1572.2089,15.722089,0.15722089
600637.SH,600637,东方明珠,20020123,12.7,13.58,12.6,13.57,12.7,0.87,6.85,15282.86,20016.743,2001.6743,20.016743,0.2001674299999999
600637.SH,600637,东方明珠,20020124,13.49,13.8,13.1,13.5,13.57,-0.07,-0.52,25812.36,34894.01,3489.4010000000003,34.89401,0.3489401
600637.SH,600637,东方明珠,20020125,13.5,13.75,13.35,13.35,13.5,-0.15,-1.11,11856.48,16007.108,1600.7108,16.007108000000002,0.16007108
600637.SH,600637,东方明珠,20020128,13.29,13.46,12.35,12.41,13.35,-0.94,-7.04,17241.77,22187.434,2218.7434000000003,22.187434000000003,0.22187434
600637.SH,600637,东方明珠,20020129,12.32,12.92,12.25,12.66,12.41,0.25,2.01,8325.58,10512.59,1051.259,10.51259,0.1051259
600637.SH,600637,东方明珠,20020130,12.68,12.9,12.65,12.72,12.66,0.06,0.47,4017.73,5126.851,512.6850999999999,5.126850999999999,0.0512685099999999
600637.SH,600637,东方明珠,20020131,12.9,13.9,12.9,13.78,12.72,1.06,8.33,30805.87,42024.742,4202.4742,42.024742,0.42024742
600637.SH,600637,东方明珠,20020201,13.85,14.24,13.6,13.74,13.78,-0.04,-0.29,18104.34,25274.965,2527.4965,25.274965,0.25274965
600637.SH,600637,东方明珠,20020204,13.88,14.02,13.66,13.99,13.74,0.25,1.82,8293.84,11519.17,1151.917,11.51917,0.1151917
600637.SH,600637,东方明珠,20020205,13.99,14.06,13.71,13.81,13.99,-0.18,-1.29,9363.63,13034.587,1303.4587,13.034586999999998,0.1303458699999999
600637.SH,600637,东方明珠,20020206,13.8,14.1,13.72,13.88,13.81,0.07,0.51,13360.63,18579.45,1857.945,18.57945,0.1857945
600637.SH,600637,东方明珠,20020207,13.88,14.27,13.88,14.07,13.88,0.19,1.37,9302.07,13111.31,1311.131,13.111309999999998,0.1311130999999999
600637.SH,600637,东方明珠,20020208,14.2,14.3,13.77,13.78,14.07,-0.29,-2.06,7040.25,9847.253,984.7253,9.847253,0.09847253
600637.SH,600637,东方明珠,20020225,13.99,14.09,13.87,14.0,13.78,0.22,1.6,6903.28,9647.484,964.7484,9.647484,0.09647484
600637.SH,600637,东方明珠,20020226,14.0,14.0,13.58,13.89,14.0,-0.11,-0.79,5745.5,7895.068,789.5068,7.895068,0.07895068
600637.SH,600637,东方明珠,20020227,13.82,13.88,13.6,13.71,13.89,-0.18,-1.3,6900.99,9485.177,948.5177,9.485177,0.09485177
600637.SH,600637,东方明珠,20020228,13.66,13.88,13.62,13.63,13.71,-0.08,-0.58,3981.63,5461.1,546.11,5.4611,0.054611
600637.SH,600637,东方明珠,20020301,13.63,13.65,13.45,13.51,13.63,-0.12,-0.88,5479.1,7413.733,741.3733,7.413733,0.07413733
600637.SH,600637,东方明珠,20020304,13.6,13.84,13.53,13.79,13.51,0.28,2.07,5625.98,7720.239,772.0238999999999,7.720238999999999,0.07720239
600637.SH,600637,东方明珠,20020305,13.79,14.2,13.74,14.14,13.79,0.35,2.54,12707.52,17846.267,1784.6267,17.846267,0.17846267
600637.SH,600637,东方明珠,20020306,14.09,15.2,14.01,14.59,14.14,0.45,3.18,37778.61,55594.202,5559.4202,55.594202,0.5559420199999999
600637.SH,600637,东方明珠,20020307,14.57,14.8,14.45,14.78,14.59,0.19,1.3,12976.92,18985.668,1898.5668,18.985668,0.18985668
600637.SH,600637,东方明珠,20020308,14.95,15.0,14.6,14.85,14.78,0.07,0.47,23512.87,34797.558,3479.7558,34.797558,0.34797558
600637.SH,600637,东方明珠,20020311,14.9,15.1,14.75,14.95,14.85,0.1,0.67,15723.62,23439.135,2343.9135,23.439135,0.2343913499999999
600637.SH,600637,东方明珠,20020312,15.0,15.62,14.81,15.29,14.95,0.34,2.27,44363.04,67646.55,6764.655000000001,67.64655,0.6764655
600637.SH,600637,东方明珠,20020313,15.2,15.4,14.9,14.91,15.29,-0.38,-2.49,23669.17,35798.239,3579.8239000000003,35.798239,0.35798239
600637.SH,600637,东方明珠,20020314,14.9,15.18,14.71,15.09,14.91,0.18,1.21,16811.98,25104.286,2510.4286,25.104286,0.25104286
600637.SH,600637,东方明珠,20020315,15.3,15.3,14.51,14.62,15.09,-0.47,-3.11,18299.62,27344.701,2734.4701,27.344701,0.27344701
600637.SH,600637,东方明珠,20020318,14.8,14.99,14.44,14.51,14.62,-0.11,-0.75,10300.23,15105.824,1510.5824,15.105824,0.15105824
600637.SH,600637,东方明珠,20020319,14.53,14.82,14.5,14.81,14.51,0.3,2.07,9231.88,13546.917,1354.6917,13.546917,0.13546917
600637.SH,600637,东方明珠,20020320,14.88,15.07,14.8,14.89,14.81,0.08,0.54,15011.26,22446.23,2244.623,22.44623,0.2244623
600637.SH,600637,东方明珠,20020321,14.9,15.1,14.83,14.86,14.89,-0.03,-0.2,7843.31,11712.647,1171.2647000000002,11.712647000000002,0.11712647
600637.SH,600637,东方明珠,20020322,14.86,14.86,14.55,14.69,14.86,-0.17,-1.14,9122.9,13386.735,1338.6735,13.386735000000002,0.13386735
600637.SH,600637,东方明珠,20020325,14.55,14.7,14.5,14.61,14.69,-0.08,-0.54,6559.56,9546.148,954.6148,9.546148,0.0954614799999999
600637.SH,600637,东方明珠,20020326,14.72,15.12,14.62,14.76,14.61,0.15,1.03,19072.73,28269.545,2826.9545,28.269545,0.2826954499999999
600637.SH,600637,东方明珠,20020327,14.9,14.9,14.6,14.69,14.76,-0.07,-0.47,7570.9,11121.974,1112.1974,11.121974,0.11121974
600637.SH,600637,东方明珠,20020328,14.65,14.77,14.4,14.49,14.69,-0.2,-1.36,12253.5,17826.692,1782.6691999999998,17.826691999999998,0.1782669199999999
600637.SH,600637,东方明珠,20020329,14.48,14.5,14.01,14.09,14.49,-0.4,-2.76,10434.6,14840.084,1484.0084000000002,14.840084,0.14840084
600637.SH,600637,东方明珠,20020401,14.09,14.36,14.02,14.19,14.09,0.1,0.71,5044.54,7154.123,715.4123,7.154122999999999,0.07154123
600637.SH,600637,东方明珠,20020402,14.19,14.25,13.8,13.9,14.19,-0.29,-2.04,6717.5,9418.483,941.8483,9.418483,0.09418483
600637.SH,600637,东方明珠,20020403,13.95,14.01,13.85,13.92,13.9,0.02,0.14,4574.2,6367.332,636.7332,6.367332,0.06367332
600637.SH,600637,东方明珠,20020404,13.9,14.4,13.78,14.38,13.92,0.46,3.3,8366.1,11789.046,1178.9046,11.789046,0.11789046
600637.SH,600637,东方明珠,20020405,14.48,14.53,14.0,14.17,14.38,-0.21,-1.46,8887.66,12605.351,1260.5351,12.605351,0.12605351
600637.SH,600637,东方明珠,20020408,14.21,14.28,14.1,14.19,14.17,0.02,0.14,5228.28,7404.944,740.4944,7.404944,0.07404944
600637.SH,600637,东方明珠,20020409,14.25,14.75,14.0,14.58,14.19,0.39,2.75,16102.95,23341.214,2334.1214,23.341214,0.23341214
600637.SH,600637,东方明珠,20020410,14.56,15.1,14.5,14.87,14.58,0.29,1.99,21208.09,31570.56,3157.056,31.57056,0.3157056
600637.SH,600637,东方明珠,20020411,14.88,14.93,14.5,14.55,14.87,-0.32,-2.15,10797.74,15817.972,1581.7972,15.817972,0.15817972
600637.SH,600637,东方明珠,20020412,14.55,14.69,14.5,14.63,14.55,0.08,0.55,5139.71,7489.213,748.9213,7.489212999999999,0.07489213
600637.SH,600637,东方明珠,20020415,14.69,14.78,14.38,14.65,14.63,0.02,0.14,4107.15,5969.782,596.9782,5.969782,0.05969782
600637.SH,600637,东方明珠,20020416,14.5,15.0,14.5,14.82,14.65,0.17,1.16,9149.64,13536.652,1353.6652,13.536651999999998,0.13536652
600637.SH,600637,东方明珠,20020417,14.66,14.92,14.58,14.7,14.82,-0.12,-0.81,3797.95,5587.124,558.7124,5.587124,0.05587124
600637.SH,600637,东方明珠,20020418,14.79,14.79,14.38,14.65,14.7,-0.05,-0.34,6429.3,9325.883,932.5883,9.325883,0.0932588299999999
600637.SH,600637,东方明珠,20020419,14.6,15.1,14.35,14.9,14.65,0.25,1.71,29094.48,43216.243,4321.6243,43.216243000000006,0.43216243
600637.SH,600637,东方明珠,20020422,14.9,15.16,14.7,14.94,14.9,0.04,0.27,38639.91,58086.058,5808.605799999999,58.086058,0.58086058
600637.SH,600637,东方明珠,20020423,15.0,15.03,14.73,14.75,14.94,-0.19,-1.27,6788.29,10078.063,1007.8063,10.078063,0.10078063
600637.SH,600637,东方明珠,20020424,14.65,14.8,14.54,14.66,14.75,-0.09,-0.61,7774.14,11376.669,1137.6669,11.376669,0.11376669
600637.SH,600637,东方明珠,20020425,14.55,14.66,14.41,14.51,14.66,-0.15,-1.02,4137.95,5999.508,599.9508,5.999508,0.05999508
600637.SH,600637,东方明珠,20020426,14.5,14.83,14.5,14.8,14.51,0.29,2.0,6248.45,9173.019,917.3019,9.173019,0.09173019
600637.SH,600637,东方明珠,20020429,14.8,15.2,14.5,15.0,14.8,0.2,1.35,26070.19,39128.582,3912.8582,39.128582,0.39128582
600637.SH,600637,东方明珠,20020430,14.94,15.45,14.9,15.09,15.0,0.09,0.6,31823.53,48366.758,4836.6758,48.366758,0.48366758
600637.SH,600637,东方明珠,20020508,15.1,15.2,14.75,14.85,15.09,-0.24,-1.59,7169.13,10662.205,1066.2205,10.662204999999998,0.1066220499999999
600637.SH,600637,东方明珠,20020509,14.75,15.07,14.7,14.71,14.85,-0.14,-0.94,6626.74,9846.411,984.6411,9.846411,0.09846411
600637.SH,600637,东方明珠,20020510,14.88,14.95,14.6,14.62,14.71,-0.09,-0.61,7566.84,11119.712,1111.9712,11.119712,0.11119712
600637.SH,600637,东方明珠,20020513,14.6,14.74,14.38,14.45,14.62,-0.17,-1.16,8869.5,12839.319,1283.9319,12.839319,0.12839319
600637.SH,600637,东方明珠,20020514,14.4,14.67,14.38,14.4,14.45,-0.05,-0.35,5166.8,7469.639,746.9639,7.469639,0.07469639
600637.SH,600637,东方明珠,20020515,14.4,14.54,13.85,13.89,14.4,-0.51,-3.54,13983.7,19823.061,1982.3061,19.823061000000003,0.19823061
600637.SH,600637,东方明珠,20020516,13.88,14.05,13.5,13.58,13.89,-0.31,-2.23,17217.14,23766.56,2376.656,23.76656,0.2376655999999999
600637.SH,600637,东方明珠,20020517,13.7,13.9,13.51,13.85,13.58,0.27,1.99,13534.15,18547.531,1854.7531,18.547531,0.18547531
600637.SH,600637,东方明珠,20020520,13.86,13.88,13.28,13.37,13.85,-0.48,-3.47,10080.55,13574.95,1357.495,13.57495,0.1357495
600637.SH,600637,东方明珠,20020521,13.88,14.17,13.52,13.91,13.37,0.54,4.04,17352.95,24151.262,2415.1262,24.151262,0.2415126199999999
600637.SH,600637,东方明珠,20020522,13.98,14.0,13.64,13.68,13.91,-0.23,-1.65,5607.1,7768.884,776.8884,7.768884000000001,0.07768884
600637.SH,600637,东方明珠,20020523,13.8,13.98,13.66,13.7,13.68,0.02,0.15,4044.27,5574.485,557.4485,5.574484999999999,0.0557448499999999
600637.SH,600637,东方明珠,20020524,13.7,13.8,13.47,13.5,13.7,-0.2,-1.46,4802.27,6490.551,649.0551,6.490551,0.06490551
600637.SH,600637,东方明珠,20020527,13.55,13.74,13.45,13.59,13.5,0.09,0.67,3189.86,4315.083,431.5083,4.315083,0.0431508299999999
600637.SH,600637,东方明珠,20020529,13.65,13.65,13.21,13.34,13.59,-0.25,-1.84,6784.71,9042.31,904.231,9.04231,0.0904231
600637.SH,600637,东方明珠,20020530,13.28,13.46,13.2,13.45,13.34,0.11,0.82,4010.76,5339.793,533.9793,5.339792999999999,0.0533979299999999
600637.SH,600637,东方明珠,20020531,13.45,13.47,13.26,13.29,13.45,-0.16,-1.19,4687.0,6265.856,626.5856,6.265856,0.06265856
600637.SH,600637,东方明珠,20020603,13.19,13.2,13.05,13.13,13.29,-0.16,-1.2,5792.94,7600.609,760.0609000000001,7.600609,0.07600609
600637.SH,600637,东方明珠,20020604,13.13,13.18,12.86,12.96,13.13,-0.17,-1.29,9496.69,12333.477,1233.3477,12.333477,0.12333477
600637.SH,600637,东方明珠,20020605,12.99,13.02,12.78,12.82,12.96,-0.14,-1.08,5806.0,7473.61,747.361,7.47361,0.0747361
600637.SH,600637,东方明珠,20020606,12.8,13.48,12.75,13.35,12.82,0.53,4.13,8411.83,11131.033,1113.1033,11.131033,0.11131033
600637.SH,600637,东方明珠,20020607,13.35,13.58,13.16,13.4,13.35,0.05,0.37,8138.54,10952.352,1095.2352,10.952352,0.10952352
600637.SH,600637,东方明珠,20020610,13.35,13.35,13.15,13.15,13.4,-0.25,-1.87,2072.05,2741.414,274.14140000000003,2.741414,0.02741414
600637.SH,600637,东方明珠,20020611,13.2,13.35,13.17,13.31,13.15,0.16,1.22,3234.12,4286.941,428.6941,4.286941,0.04286941
600637.SH,600637,东方明珠,20020612,13.31,13.31,13.1,13.15,13.31,-0.16,-1.2,1573.6,2074.122,207.4122,2.074122,0.02074122
600637.SH,600637,东方明珠,20020613,13.16,13.29,13.11,13.11,13.15,-0.04,-0.3,1590.01,2092.636,209.2636,2.092636,0.02092636
600637.SH,600637,东方明珠,20020614,13.02,13.07,12.95,12.96,13.11,-0.15,-1.14,1954.0,2539.799,253.9799,2.539799,0.02539799
600637.SH,600637,东方明珠,20020617,12.89,12.99,12.85,12.95,12.96,-0.01,-0.08,1615.58,2088.43,208.843,2.08843,0.0208842999999999
600637.SH,600637,东方明珠,20020618,13.01,13.31,12.95,13.19,12.95,0.24,1.85,2809.13,3700.956,370.0956,3.700956,0.03700956
600637.SH,600637,东方明珠,20020619,13.18,13.19,12.97,13.05,13.19,-0.14,-1.06,1254.99,1639.017,163.9017,1.639017,0.01639017
600637.SH,600637,东方明珠,20020620,12.98,13.25,12.98,13.09,13.05,0.04,0.31,1274.0,1669.431,166.94310000000002,1.669431,0.01669431
600637.SH,600637,东方明珠,20020621,13.09,13.54,13.09,13.52,13.09,0.43,3.29,10429.23,13999.882,1399.9882,13.999882,0.13999882
600637.SH,600637,东方明珠,20020624,14.87,14.87,14.22,14.86,13.52,1.34,9.91,55181.1,80889.144,8088.9144,80.889144,0.80889144
600637.SH,600637,东方明珠,20020625,14.86,14.88,14.4,14.49,14.86,-0.37,-2.49,35913.17,52829.927,5282.992700000001,52.829927000000005,0.5282992700000001
600637.SH,600637,东方明珠,20020626,14.4,15.35,14.3,14.97,14.49,0.48,3.31,55877.63,83667.692,8366.769199999999,83.66769199999999,0.8366769199999999
600637.SH,600637,东方明珠,20020627,14.9,15.09,14.7,14.78,14.97,-0.19,-1.27,22654.93,33749.118,3374.9118000000003,33.749118,0.33749118
600637.SH,600637,东方明珠,20020628,14.75,14.9,14.5,14.87,14.78,0.09,0.61,33374.62,48931.58,4893.158,48.93158,0.4893158
600637.SH,600637,东方明珠,20020701,15.08,15.5,14.95,14.98,14.87,0.11,0.74,56879.88,86638.169,8663.8169,86.638169,0.8663816900000001
600637.SH,600637,东方明珠,20020702,13.99,13.99,13.54,13.76,13.53,0.23,1.7,28810.59,39542.775,3954.2775,39.542775,0.3954277499999999
600637.SH,600637,东方明珠,20020703,13.76,13.8,13.52,13.66,13.76,-0.1,-0.73,12748.45,17350.599,1735.0598999999995,17.350599,0.17350599
600637.SH,600637,东方明珠,20020704,13.66,13.75,13.51,13.53,13.66,-0.13,-0.95,8925.9,12161.169,1216.1169,12.161169,0.12161169
600637.SH,600637,东方明珠,20020705,13.55,13.67,13.35,13.52,13.53,-0.01,-0.07,7393.51,9996.947,999.6947,9.996947,0.09996947
600637.SH,600637,东方明珠,20020708,13.55,14.18,13.55,13.85,13.52,0.33,2.44,23901.02,33129.367,3312.9367,33.129366999999995,0.3312936699999999
600637.SH,600637,东方明珠,20020709,13.82,13.85,13.6,13.62,13.85,-0.23,-1.66,9248.45,12716.638,1271.6638,12.716638,0.12716638
600637.SH,600637,东方明珠,20020710,13.62,13.68,13.35,13.39,13.62,-0.23,-1.69,13688.57,18456.169,1845.6169,18.456169000000003,0.18456169
600637.SH,600637,东方明珠,20020711,13.39,13.59,13.35,13.4,13.39,0.01,0.07,7004.33,9428.255,942.8255,9.428255,0.09428255
600637.SH,600637,东方明珠,20020712,13.42,13.6,13.25,13.3,13.4,-0.1,-0.75,10035.0,13434.023,1343.4023,13.434023,0.13434023
600637.SH,600637,东方明珠,20020715,13.3,13.5,13.28,13.31,13.3,0.01,0.08,4974.06,6636.387,663.6387,6.636387,0.06636387
600637.SH,600637,东方明珠,20020716,13.39,13.54,13.32,13.36,13.31,0.05,0.38,5253.57,7047.931,704.7931,7.047931,0.07047931
600637.SH,600637,东方明珠,20020717,13.38,13.45,13.23,13.43,13.36,0.07,0.52,4741.07,6314.775,631.4775,6.314775,0.06314775
600637.SH,600637,东方明珠,20020718,13.47,13.47,13.31,13.4,13.43,-0.03,-0.22,3257.68,4368.503,436.8503,4.368503,0.0436850299999999
600637.SH,600637,东方明珠,20020719,13.46,13.56,13.4,13.54,13.4,0.14,1.04,6863.44,9267.891,926.7891,9.267891,0.0926789099999999
600637.SH,600637,东方明珠,20020722,13.54,13.54,13.1,13.18,13.54,-0.36,-2.66,8806.57,11673.033,1167.3033,11.673033,0.11673033
600637.SH,600637,东方明珠,20020723,13.14,13.25,13.08,13.1,13.18,-0.08,-0.61,5802.41,7632.654,763.2654,7.632654,0.07632654
600637.SH,600637,东方明珠,20020724,13.37,13.4,13.18,13.2,13.1,0.1,0.76,5501.68,7309.57,730.957,7.30957,0.0730957
600637.SH,600637,东方明珠,20020725,13.25,13.35,13.11,13.17,13.2,-0.03,-0.23,4042.63,5336.168,533.6168,5.336168,0.0533616799999999
600637.SH,600637,东方明珠,20020726,13.18,13.28,13.13,13.17,13.17,0.0,0.0,2950.93,3890.273,389.0273,3.890273,0.03890273
600637.SH,600637,东方明珠,20020729,13.16,13.29,13.1,13.29,13.17,0.12,0.91,3547.54,4686.052,468.6052,4.686052,0.04686052
600637.SH,600637,东方明珠,20020730,13.29,13.33,13.18,13.23,13.29,-0.06,-0.45,1975.85,2614.141,261.4141,2.614141,0.02614141
600637.SH,600637,东方明珠,20020731,13.23,13.27,13.1,13.17,13.23,-0.06,-0.45,2747.56,3619.272,361.9272,3.619272,0.03619272
600637.SH,600637,东方明珠,20020801,13.11,13.18,12.9,12.93,13.17,-0.24,-1.82,4939.37,6402.835,640.2835,6.402835,0.06402835
600637.SH,600637,东方明珠,20020802,12.98,13.1,12.91,12.99,12.93,0.06,0.46,2128.76,2763.303,276.3303,2.763303,0.0276330299999999
600637.SH,600637,东方明珠,20020805,13.05,13.11,12.95,13.05,12.99,0.06,0.46,2375.34,3092.571,309.2571,3.092571,0.03092571
600637.SH,600637,东方明珠,20020806,13.09,13.35,12.98,13.12,13.05,0.07,0.54,4331.56,5708.968,570.8968,5.708968,0.05708968
600637.SH,600637,东方明珠,20020807,13.12,13.29,13.09,13.28,13.12,0.16,1.22,2834.07,3744.907,374.4907,3.744907,0.03744907
600637.SH,600637,东方明珠,20020808,13.28,13.28,13.04,13.1,13.28,-0.18,-1.36,3389.55,4448.0,444.8,4.448,0.04448
600637.SH,600637,东方明珠,20020809,13.1,13.1,12.9,12.97,13.1,-0.13,-0.99,3737.1,4850.653,485.0653,4.850653,0.04850653
600637.SH,600637,东方明珠,20020812,12.88,12.91,12.8,12.8,12.97,-0.17,-1.31,4335.1,5560.928,556.0928,5.5609280000000005,0.05560928
600637.SH,600637,东方明珠,20020813,12.9,12.9,12.79,12.81,12.8,0.01,0.08,1518.32,1946.882,194.6882,1.946882,0.01946882
600637.SH,600637,东方明珠,20020814,12.8,12.87,12.73,12.82,12.81,0.01,0.08,2643.81,3383.43,338.343,3.38343,0.0338343
600637.SH,600637,东方明珠,20020815,12.82,12.82,12.58,12.6,12.82,-0.22,-1.72,3955.7,5008.329,500.8329,5.008329,0.0500832899999999
600637.SH,600637,东方明珠,20020816,12.6,12.69,12.51,12.64,12.6,0.04,0.32,4912.29,6176.579,617.6578999999999,6.176578999999999,0.0617657899999999
600637.SH,600637,东方明珠,20020819,12.68,12.68,12.55,12.61,12.64,-0.03,-0.24,2703.69,3405.861,340.5861,3.405861,0.0340586099999999
600637.SH,600637,东方明珠,20020820,12.61,12.98,12.6,12.88,12.61,0.27,2.14,4147.32,5316.947,531.6947,5.316947,0.0531694699999999
600637.SH,600637,东方明珠,20020821,12.95,12.95,12.72,12.86,12.88,-0.02,-0.16,3947.17,5069.918,506.9918,5.069918,0.0506991799999999
600637.SH,600637,东方明珠,20020822,12.86,13.2,12.86,13.03,12.86,0.17,1.32,8735.22,11419.09,1141.909,11.41909,0.1141909
600637.SH,600637,东方明珠,20020823,12.98,13.02,12.85,12.88,13.03,-0.15,-1.15,3783.3,4884.192,488.4192,4.884192,0.04884192
600637.SH,600637,东方明珠,20020826,12.89,12.89,12.7,12.71,12.88,-0.17,-1.32,2752.79,3511.387,351.13870000000003,3.5113870000000005,0.03511387
600637.SH,600637,东方明珠,20020827,12.71,12.91,12.71,12.84,12.71,0.13,1.02,3590.4,4581.309,458.1309,4.581309,0.04581309
600637.SH,600637,东方明珠,20020828,12.95,12.95,12.74,12.75,12.84,-0.09,-0.7,2625.26,3357.489,335.7489,3.357489,0.0335748899999999
600637.SH,600637,东方明珠,20020829,12.77,12.82,12.65,12.7,12.75,-0.05,-0.39,3851.2,4888.892,488.8892,4.888891999999999,0.0488889199999999
600637.SH,600637,东方明珠,20020830,12.62,12.82,12.62,12.8,12.7,0.1,0.79,3076.38,3920.22,392.022,3.92022,0.0392022
600637.SH,600637,东方明珠,20020902,12.72,12.95,12.7,12.95,12.8,0.15,1.17,5231.89,6733.177,673.3177,6.733177,0.06733177
600637.SH,600637,东方明珠,20020903,12.98,13.04,12.85,12.97,12.95,0.02,0.15,4649.64,6031.707,603.1707,6.031707,0.06031707
600637.SH,600637,东方明珠,20020904,12.9,13.05,12.82,12.92,12.97,-0.05,-0.39,2488.11,3221.42,322.142,3.22142,0.0322142
600637.SH,600637,东方明珠,20020905,12.9,12.93,12.58,12.78,12.92,-0.14,-1.08,4422.22,5615.372,561.5372,5.615372,0.05615372
600637.SH,600637,东方明珠,20020906,12.72,12.8,12.62,12.75,12.78,-0.03,-0.23,2550.37,3240.406,324.0406,3.240406,0.03240406
600637.SH,600637,东方明珠,20020909,12.7,12.79,12.67,12.76,12.75,0.01,0.08,2239.93,2849.604,284.9604,2.849604,0.0284960399999999
600637.SH,600637,东方明珠,20020910,12.7,12.77,12.63,12.68,12.76,-0.08,-0.63,1544.7,1961.351,196.1351,1.9613510000000005,0.01961351
600637.SH,600637,东方明珠,20020911,12.62,12.75,12.41,12.49,12.68,-0.19,-1.5,3543.84,4424.599,442.4599,4.424599,0.04424599
600637.SH,600637,东方明珠,20020912,12.49,12.55,12.35,12.38,12.49,-0.11,-0.88,5154.1,6409.103,640.9103,6.409103,0.06409103
600637.SH,600637,东方明珠,20020913,12.44,12.68,12.35,12.54,12.38,0.16,1.29,5053.89,6294.105,629.4105,6.294104999999999,0.06294105
600637.SH,600637,东方明珠,20020916,12.38,12.54,12.35,12.5,12.54,-0.04,-0.32,7124.4,8863.92,886.392,8.86392,0.0886392
600637.SH,600637,东方明珠,20020917,12.5,12.62,12.4,12.52,12.5,0.02,0.16,1918.38,2400.056,240.0056,2.400056,0.02400056
600637.SH,600637,东方明珠,20020919,12.35,12.58,12.24,12.5,12.52,-0.02,-0.16,4911.39,6071.389,607.1389,6.071389,0.06071389
600637.SH,600637,东方明珠,20020920,12.52,12.55,12.11,12.14,12.5,-0.36,-2.88,5825.9,7139.327,713.9327000000001,7.139327000000001,0.07139327
600637.SH,600637,东方明珠,20020923,12.05,12.16,11.9,11.98,12.14,-0.16,-1.32,3703.83,4456.361,445.6361,4.456361,0.04456361
600637.SH,600637,东方明珠,20020924,11.98,12.08,11.68,11.68,11.98,-0.3,-2.5,9763.15,11527.343,1152.7343,11.527343,0.11527343
600637.SH,600637,东方明珠,20020925,11.72,11.96,11.72,11.81,11.68,0.13,1.11,4175.1,4960.007,496.0007,4.960006999999999,0.0496000699999999
600637.SH,600637,东方明珠,20020926,11.85,11.9,11.67,11.69,11.81,-0.12,-1.02,3297.89,3874.631,387.4631,3.874631,0.03874631
600637.SH,600637,东方明珠,20020927,11.7,11.75,11.45,11.52,11.69,-0.17,-1.45,5084.7,5879.552,587.9552,5.879552,0.05879552
600637.SH,600637,东方明珠,20021008,11.5,11.5,11.25,11.32,11.52,-0.2,-1.74,6192.98,6997.509,699.7509,6.997509,0.06997509
600637.SH,600637,东方明珠,20021009,11.38,11.45,11.08,11.23,11.32,-0.09,-0.8,4734.29,5321.413,532.1413,5.321413,0.05321413
600637.SH,600637,东方明珠,20021010,11.18,11.29,11.15,11.27,11.23,0.04,0.36,2534.5,2842.517,284.2517,2.8425169999999995,0.0284251699999999
600637.SH,600637,东方明珠,20021011,11.3,11.38,11.27,11.31,11.27,0.04,0.35,2611.69,2952.831,295.2831,2.952831,0.02952831
600637.SH,600637,东方明珠,20021014,11.2,11.52,11.2,11.49,11.31,0.18,1.59,3245.83,3703.382,370.3382,3.703382,0.03703382
600637.SH,600637,东方明珠,20021015,11.52,11.54,11.1,11.22,11.49,-0.27,-2.35,3721.59,4215.107,421.5107,4.215107,0.04215107
600637.SH,600637,东方明珠,20021016,11.27,11.55,11.27,11.39,11.22,0.17,1.52,2115.4,2415.123,241.5123,2.415123,0.02415123
600637.SH,600637,东方明珠,20021017,11.44,11.44,11.15,11.18,11.39,-0.21,-1.84,5668.26,6365.04,636.504,6.3650400000000005,0.0636504
600637.SH,600637,东方明珠,20021018,11.11,11.35,11.1,11.23,11.18,0.05,0.45,3410.61,3815.393,381.5393,3.815393,0.03815393
600637.SH,600637,东方明珠,20021021,11.2,11.65,11.2,11.6,11.23,0.37,3.29,10256.67,11793.646,1179.3646,11.793646,0.11793646
600637.SH,600637,东方明珠,20021022,11.59,11.8,11.55,11.69,11.6,0.09,0.78,9341.62,10921.957,1092.1957,10.921957,0.1092195699999999
600637.SH,600637,东方明珠,20021023,11.7,11.7,11.53,11.68,11.69,-0.01,-0.09,2858.35,3319.511,331.9511,3.319511,0.03319511
600637.SH,600637,东方明珠,20021024,11.69,11.73,11.46,11.5,11.68,-0.18,-1.54,3135.16,3619.179,361.9179,3.619179,0.03619179
600637.SH,600637,东方明珠,20021025,11.4,11.58,11.39,11.4,11.5,-0.1,-0.87,4753.09,5472.442,547.2442,5.472442,0.05472442
600637.SH,600637,东方明珠,20021028,11.4,11.4,11.18,11.2,11.4,-0.2,-1.75,3369.27,3788.407,378.8407,3.788407,0.03788407
600637.SH,600637,东方明珠,20021029,10.85,11.3,10.79,10.96,11.2,-0.24,-2.14,18138.45,19731.64,1973.164,19.73164,0.1973163999999999
600637.SH,600637,东方明珠,20021030,11.09,11.09,10.88,10.93,10.96,-0.03,-0.27,3443.48,3769.144,376.9144,3.769144,0.03769144
600637.SH,600637,东方明珠,20021031,11.02,11.02,10.8,10.89,10.93,-0.04,-0.37,2600.09,2839.984,283.9984,2.839984,0.02839984
600637.SH,600637,东方明珠,20021101,10.88,10.98,10.81,10.96,10.89,0.07,0.64,2403.0,2620.489,262.0489,2.620489,0.02620489
600637.SH,600637,东方明珠,20021104,11.0,11.35,10.98,11.29,10.96,0.33,3.01,7692.35,8604.52,860.452,8.60452,0.0860452
600637.SH,600637,东方明珠,20021105,11.38,11.88,11.29,11.58,11.29,0.29,2.57,22486.45,26107.598,2610.7598000000003,26.107598000000003,0.26107598
600637.SH,600637,东方明珠,20021106,11.55,11.55,11.37,11.39,11.58,-0.19,-1.64,9730.3,11122.094,1112.2094,11.122094,0.1112209399999999
600637.SH,600637,东方明珠,20021107,11.38,11.75,11.33,11.58,11.39,0.19,1.67,24317.37,28280.709,2828.0709,28.280709,0.28280709
600637.SH,600637,东方明珠,20021108,11.88,11.89,11.28,11.36,11.58,-0.22,-1.9,15050.88,17205.325,1720.5325,17.205325000000002,0.17205325
600637.SH,600637,东方明珠,20021111,11.36,11.49,11.18,11.23,11.36,-0.13,-1.14,4528.83,5099.658,509.96580000000006,5.099658000000001,0.05099658
600637.SH,600637,东方明珠,20021112,11.23,11.34,10.83,10.94,11.23,-0.29,-2.58,6324.05,6959.46,695.946,6.95946,0.0695946
600637.SH,600637,东方明珠,20021113,10.94,11.59,10.7,11.3,10.94,0.36,3.29,12881.35,14354.748,1435.4748,14.354748,0.1435474799999999
600637.SH,600637,东方明珠,20021114,11.19,11.35,10.92,10.94,11.3,-0.36,-3.19,9841.18,10932.272,1093.2272,10.932272,0.10932272
600637.SH,600637,东方明珠,20021115,10.84,11.43,10.81,11.17,10.94,0.23,2.1,17484.76,19715.137,1971.5137,19.715137,0.19715137
600637.SH,600637,东方明珠,20021118,11.23,11.99,11.1,11.65,11.17,0.48,4.3,68644.58,80120.605,8012.0605,80.120605,0.80120605
600637.SH,600637,东方明珠,20021119,11.64,11.88,11.58,11.78,11.65,0.13,1.12,50206.03,59029.759,5902.9759,59.02975899999999,0.5902975899999999
600637.SH,600637,东方明珠,20021120,11.75,11.75,11.45,11.55,11.78,-0.23,-1.95,32477.57,37629.116,3762.9116,37.629116,0.37629116
600637.SH,600637,东方明珠,20021121,11.53,12.2,11.51,11.86,11.55,0.31,2.68,108675.08,129444.293,12944.4293,129.444293,1.2944429299999998
600637.SH,600637,东方明珠,20021122,11.93,12.1,11.45,11.78,11.86,-0.08,-0.67,60611.14,71441.896,7144.1896,71.441896,0.71441896
600637.SH,600637,东方明珠,20021125,11.8,11.92,11.55,11.72,11.78,-0.06,-0.51,22327.36,26285.297,2628.5297,26.285297,0.26285297
600637.SH,600637,东方明珠,20021126,11.72,12.15,11.66,11.77,11.72,0.05,0.43,59013.94,70472.354,7047.2354000000005,70.47235400000001,0.7047235400000001
600637.SH,600637,东方明珠,20021127,11.65,11.71,11.16,11.45,11.77,-0.32,-2.72,50449.9,57462.142,5746.2142,57.462142,0.57462142
600637.SH,600637,东方明珠,20021128,11.4,12.52,11.3,12.34,11.45,0.89,7.77,76413.18,92028.103,9202.8103,92.02810300000002,0.9202810300000002
600637.SH,600637,东方明珠,20021129,12.3,13.04,12.09,12.49,12.34,0.15,1.22,168037.82,212298.439,21229.8439,212.298439,2.12298439
600637.SH,600637,东方明珠,20021202,12.42,12.61,12.15,12.17,12.49,-0.32,-2.56,50246.99,62071.739,6207.1739,62.071739,0.62071739
600637.SH,600637,东方明珠,20021203,12.15,12.4,12.13,12.32,12.17,0.15,1.23,21874.52,26816.18,2681.618,26.81618,0.2681618
600637.SH,600637,东方明珠,20021204,12.59,12.59,12.12,12.14,12.32,-0.18,-1.46,26740.75,32942.601,3294.2601000000004,32.942601,0.32942601
600637.SH,600637,东方明珠,20021205,12.12,12.2,11.74,11.95,12.14,-0.19,-1.57,39570.71,47013.057,4701.3057,47.013057,0.4701305699999999
600637.SH,600637,东方明珠,20021206,11.95,12.3,11.79,12.1,11.95,0.15,1.26,20267.19,24477.465,2447.7465,24.477465,0.24477465
600637.SH,600637,东方明珠,20021209,12.03,12.29,11.99,12.07,12.1,-0.03,-0.25,10245.42,12419.053,1241.9053,12.419052999999998,0.1241905299999999
600637.SH,600637,东方明珠,20021210,12.0,12.22,11.82,11.9,12.07,-0.17,-1.41,13006.38,15590.09,1559.009,15.59009,0.1559009
600637.SH,600637,东方明珠,20021211,11.85,12.0,11.73,11.93,11.9,0.03,0.25,10457.8,12390.384,1239.0384,12.390384,0.1239038399999999
600637.SH,600637,东方明珠,20021212,11.95,12.4,11.9,12.08,11.93,0.15,1.26,19064.96,23256.777,2325.6777,23.256777,0.2325677699999999
600637.SH,600637,东方明珠,20021213,11.9,12.2,11.82,12.11,12.08,0.03,0.25,12832.14,15394.471,1539.4471,15.394471,0.1539447099999999
600637.SH,600637,东方明珠,20021216,12.1,12.28,12.05,12.25,12.11,0.14,1.16,11879.68,14482.502,1448.2502,14.482502,0.14482502
600637.SH,600637,东方明珠,20021217,12.25,12.3,12.07,12.21,12.25,-0.04,-0.33,8365.2,10186.6,1018.66,10.1866,0.101866
600637.SH,600637,东方明珠,20021218,12.22,12.22,11.94,11.95,12.21,-0.26,-2.13,15770.21,18995.554,1899.5554,18.995554,0.1899555399999999
600637.SH,600637,东方明珠,20021219,11.92,12.03,11.88,11.99,11.95,0.04,0.33,6212.73,7412.907,741.2907,7.412907000000001,0.07412907
600637.SH,600637,东方明珠,20021220,11.98,12.14,11.88,12.06,11.99,0.07,0.58,7706.25,9270.826,927.0826,9.270826,0.09270826
600637.SH,600637,东方明珠,20021223,12.08,12.14,11.93,11.97,12.06,-0.09,-0.75,8864.83,10660.952,1066.0952,10.660952,0.10660952
600637.SH,600637,东方明珠,20021224,11.9,11.93,11.76,11.8,11.97,-0.17,-1.42,10033.12,11868.287,1186.8287,11.868287,0.11868287
600637.SH,600637,东方明珠,20021225,12.19,12.19,11.8,11.8,11.8,0.0,0.0,8694.5,10411.042,1041.1042,10.411042,0.10411042
600637.SH,600637,东方明珠,20021226,11.76,11.85,11.4,11.43,11.8,-0.37,-3.14,16478.07,19077.361,1907.7361,19.077361,0.19077361
600637.SH,600637,东方明珠,20021227,11.4,11.5,11.15,11.31,11.43,-0.12,-1.05,14587.72,16450.342,1645.0342,16.450342,0.1645034199999999
600637.SH,600637,东方明珠,20021230,11.29,11.29,10.85,11.01,11.31,-0.3,-2.65,14899.17,16402.873,1640.2873,16.402873,0.1640287299999999
600637.SH,600637,东方明珠,20021231,11.0,11.13,10.75,10.83,11.01,-0.18,-1.63,16216.0,17633.521,1763.3521,17.633521000000002,0.17633521
600637.SH,600637,东方明珠,20030102,10.75,11.04,10.61,10.65,10.83,-0.18,-1.66,15698.34,16916.426,1691.6426,16.916425999999998,0.1691642599999999
600637.SH,600637,东方明珠,20030103,10.6,10.78,10.5,10.54,10.65,-0.11,-1.03,9030.9,9567.604,956.7604,9.567604,0.0956760399999999
600637.SH,600637,东方明珠,20030106,10.52,10.85,10.5,10.8,10.54,0.26,2.47,8828.96,9482.991,948.2991,9.482991,0.09482991
600637.SH,600637,东方明珠,20030107,10.8,10.98,10.6,10.67,10.8,-0.13,-1.2,9498.3,10241.42,1024.142,10.24142,0.1024142
600637.SH,600637,东方明珠,20030108,10.6,10.98,10.6,10.97,10.67,0.3,2.81,9286.44,10053.936,1005.3936,10.053936,0.10053936
600637.SH,600637,东方明珠,20030109,10.99,11.38,10.89,11.28,10.97,0.31,2.83,36875.97,41370.055,4137.0055,41.370055,0.41370055
600637.SH,600637,东方明珠,20030110,11.26,11.4,11.05,11.13,11.28,-0.15,-1.33,18557.95,20798.319,2079.8319,20.798319000000003,0.20798319
600637.SH,600637,东方明珠,20030113,11.1,11.27,11.05,11.13,11.13,0.0,0.0,8806.77,9817.826,981.7826,9.817825999999998,0.0981782599999999
600637.SH,600637,东方明珠,20030114,11.15,12.23,11.09,11.79,11.13,0.66,5.93,51172.41,59879.191,5987.9191,59.879191,0.59879191
600637.SH,600637,东方明珠,20030115,11.8,12.1,11.64,11.76,11.79,-0.03,-0.25,28053.9,33242.889,3324.2889000000005,33.242889000000005,0.33242889
600637.SH,600637,东方明珠,20030116,11.78,12.26,11.78,12.05,11.76,0.29,2.47,40610.87,49000.377,4900.0377,49.000377,0.49000377
600637.SH,600637,东方明珠,20030117,12.07,12.14,11.81,11.92,12.05,-0.13,-1.08,12060.41,14374.76,1437.476,14.374760000000002,0.1437476
600637.SH,600637,东方明珠,20030120,11.91,11.95,11.69,11.8,11.92,-0.12,-1.01,9354.38,11052.962,1105.2962,11.052962,0.11052962
600637.SH,600637,东方明珠,20030121,11.88,11.95,11.59,11.59,11.8,-0.21,-1.78,9520.04,11143.299,1114.3299000000002,11.143299000000004,0.11143299
600637.SH,600637,东方明珠,20030122,11.51,11.58,11.0,11.35,11.59,-0.24,-2.07,25303.95,28662.157,2866.2157,28.662157,0.28662157
600637.SH,600637,东方明珠,20030123,11.29,11.55,11.26,11.3,11.35,-0.05,-0.44,11984.61,13636.16,1363.616,13.63616,0.1363616
600637.SH,600637,东方明珠,20030124,11.25,11.48,11.19,11.42,11.3,0.12,1.06,8827.03,10004.459,1000.4459,10.004459,0.10004459
600637.SH,600637,东方明珠,20030127,11.42,11.61,11.36,11.55,11.42,0.13,1.14,8747.47,10080.742,1008.0742,10.080742,0.10080742
600637.SH,600637,东方明珠,20030128,11.58,11.62,11.44,11.49,11.55,-0.06,-0.52,5939.78,6834.066,683.4066,6.834066,0.06834066
600637.SH,600637,东方明珠,20030129,11.49,11.6,11.48,11.52,11.49,0.03,0.26,7048.49,8141.194,814.1194,8.141194,0.08141194
600637.SH,600637,东方明珠,20030210,11.52,11.52,11.0,11.17,11.52,-0.35,-3.04,12706.98,14157.367,1415.7367,14.157367,0.1415736699999999
600637.SH,600637,东方明珠,20030211,11.13,11.23,11.0,11.2,11.17,0.03,0.27,14754.38,16364.882,1636.4882,16.364882,0.16364882
600637.SH,600637,东方明珠,20030212,11.16,11.48,11.08,11.41,11.2,0.21,1.88,20403.25,22935.402,2293.5402,22.935402,0.22935402
600637.SH,600637,东方明珠,20030213,11.4,11.57,11.35,11.36,11.41,-0.05,-0.44,15084.96,17291.955,1729.1955000000005,17.291955,0.17291955
600637.SH,600637,东方明珠,20030214,11.36,11.45,11.3,11.39,11.36,0.03,0.26,7682.59,8737.92,873.792,8.73792,0.0873792
600637.SH,600637,东方明珠,20030217,11.39,11.49,11.18,11.23,11.39,-0.16,-1.4,10647.71,12070.425,1207.0425,12.070425,0.12070425
600637.SH,600637,东方明珠,20030219,11.23,11.49,11.23,11.43,11.23,0.2,1.78,12689.39,14435.299,1443.5299,14.435299,0.14435299
600637.SH,600637,东方明珠,20030220,11.48,11.65,11.43,11.55,11.43,0.12,1.05,17731.67,20463.011,2046.3011,20.463011,0.2046301099999999
600637.SH,600637,东方明珠,20030221,11.55,11.64,11.39,11.47,11.55,-0.08,-0.69,18560.12,21337.163,2133.7163,21.337163,0.21337163
600637.SH,600637,东方明珠,20030224,11.46,11.88,11.42,11.7,11.47,0.23,2.01,37106.35,43485.395,4348.5395,43.485395,0.43485395
600637.SH,600637,东方明珠,20030225,11.7,11.89,11.7,11.85,11.7,0.15,1.28,19410.61,22920.479,2292.0479,22.920479,0.22920479
600637.SH,600637,东方明珠,20030226,11.85,11.85,11.66,11.76,11.85,-0.09,-0.76,7927.91,9301.662,930.1662,9.301662,0.09301662
600637.SH,600637,东方明珠,20030227,11.75,11.8,11.57,11.61,11.76,-0.15,-1.28,13151.28,15325.216,1532.5216,15.325216,0.15325216
600637.SH,600637,东方明珠,20030228,11.6,11.81,11.6,11.67,11.61,0.06,0.52,12223.29,14320.65,1432.065,14.32065,0.1432065
600637.SH,600637,东方明珠,20030303,11.6,11.7,11.38,11.57,11.67,-0.1,-0.86,14990.41,17281.987,1728.1987,17.281987,0.17281987
600637.SH,600637,东方明珠,20030304,11.56,11.68,11.41,11.5,11.57,-0.07,-0.61,6902.39,7967.211,796.7211,7.967211,0.07967211
600637.SH,600637,东方明珠,20030305,11.5,11.72,11.41,11.71,11.5,0.21,1.83,9374.45,10836.554,1083.6554,10.836554,0.10836554
600637.SH,600637,东方明珠,20030306,11.75,12.05,11.64,11.79,11.71,0.08,0.68,39333.41,46715.976,4671.5976,46.715976,0.46715976
600637.SH,600637,东方明珠,20030307,11.77,12.1,11.74,11.91,11.79,0.12,1.02,43349.28,51913.975,5191.3975,51.913975,0.51913975
600637.SH,600637,东方明珠,20030310,11.95,12.1,11.82,11.97,11.91,0.06,0.5,26039.73,31179.273,3117.9273000000003,31.179273,0.31179273
600637.SH,600637,东方明珠,20030311,11.99,12.19,11.98,12.18,11.97,0.21,1.75,53291.05,64524.879,6452.4879,64.524879,0.64524879
600637.SH,600637,东方明珠,20030312,12.18,12.2,11.92,12.11,12.18,-0.07,-0.57,28072.69,33841.065,3384.1065000000003,33.841065,0.33841065
600637.SH,600637,东方明珠,20030313,12.1,12.27,11.86,11.93,12.11,-0.18,-1.49,43933.77,52995.682,5299.5682,52.995682,0.52995682
600637.SH,600637,东方明珠,20030314,11.89,12.06,11.87,11.96,11.93,0.03,0.25,17110.96,20458.497,2045.8497,20.458497,0.20458497
600637.SH,600637,东方明珠,20030317,11.95,11.95,11.71,11.87,11.96,-0.09,-0.75,13812.36,16329.137,1632.9137,16.329137,0.16329137
600637.SH,600637,东方明珠,20030318,11.89,12.1,11.78,11.82,11.87,-0.05,-0.42,12149.54,14529.278,1452.9278,14.529278,0.14529278
600637.SH,600637,东方明珠,20030319,11.8,12.05,11.68,12.0,11.82,0.18,1.52,16221.99,19228.702,1922.8702,19.228702,0.19228702
600637.SH,600637,东方明珠,20030320,12.0,12.04,11.8,11.81,12.0,-0.19,-1.58,10533.85,12549.73,1254.973,12.54973,0.1254973
600637.SH,600637,东方明珠,20030321,11.8,11.95,11.76,11.89,11.81,0.08,0.68,6893.39,8184.406,818.4406,8.184406000000001,0.08184406
600637.SH,600637,东方明珠,20030324,11.89,12.11,11.88,12.1,11.89,0.21,1.77,13779.7,16552.409,1655.2409,16.552409,0.16552409
600637.SH,600637,东方明珠,20030325,12.1,12.13,11.87,11.93,12.1,-0.17,-1.41,9377.91,11217.586,1121.7586,11.217586,0.1121758599999999
600637.SH,600637,东方明珠,20030326,11.92,11.96,11.75,11.87,11.93,-0.06,-0.5,7479.99,8858.512,885.8512000000001,8.858512000000001,0.08858512
600637.SH,600637,东方明珠,20030327,11.84,12.4,11.7,12.3,11.87,0.43,3.62,36152.6,43891.625,4389.1625,43.891625000000005,0.43891625
600637.SH,600637,东方明珠,20030328,12.35,12.7,12.25,12.45,12.3,0.15,1.22,63969.72,79798.154,7979.815399999999,79.798154,0.79798154
600637.SH,600637,东方明珠,20030331,12.42,12.75,12.39,12.69,12.45,0.24,1.93,49650.36,62793.959,6279.3959,62.793959,0.62793959
600637.SH,600637,东方明珠,20030401,12.75,12.85,12.58,12.63,12.69,-0.06,-0.47,51192.22,65046.392,6504.6392,65.046392,0.65046392
600637.SH,600637,东方明珠,20030402,12.63,13.0,12.61,12.97,12.63,0.34,2.69,60513.95,77794.305,7779.430499999999,77.794305,0.77794305
600637.SH,600637,东方明珠,20030403,13.0,13.15,12.89,12.94,12.97,-0.03,-0.23,55701.46,72556.433,7255.643300000001,72.55643300000001,0.7255643300000001
600637.SH,600637,东方明珠,20030404,12.93,13.05,12.82,12.98,12.94,0.04,0.31,30218.66,39086.817,3908.6817,39.086817,0.39086817
600637.SH,600637,东方明珠,20030407,13.0,13.09,12.79,12.83,12.98,-0.15,-1.16,38700.81,49917.635,4991.7635,49.917635,0.49917635
600637.SH,600637,东方明珠,20030408,12.83,13.39,12.83,13.19,12.83,0.36,2.81,72549.72,95829.524,9582.9524,95.829524,0.95829524
600637.SH,600637,东方明珠,20030409,13.19,13.44,13.06,13.38,13.19,0.19,1.44,51687.65,68545.953,6854.595299999999,68.545953,0.6854595299999999
600637.SH,600637,东方明珠,20030410,13.4,13.88,13.25,13.59,13.38,0.21,1.57,74264.39,100654.604,10065.4604,100.654604,1.00654604
600637.SH,600637,东方明珠,20030411,13.58,13.7,13.5,13.65,13.59,0.06,0.44,43116.63,58697.331,5869.7331,58.69733099999999,0.5869733099999999
600637.SH,600637,东方明珠,20030414,13.62,13.75,13.51,13.64,13.65,-0.01,-0.07,76770.44,104439.326,10443.9326,104.439326,1.04439326
600637.SH,600637,东方明珠,20030415,13.64,13.67,12.92,13.01,13.64,-0.63,-4.62,130228.6,170650.606,17065.0606,170.650606,1.7065060600000002
600637.SH,600637,东方明珠,20030416,12.96,13.29,12.65,12.91,13.01,-0.1,-0.77,103064.78,133107.582,13310.7582,133.107582,1.33107582
600637.SH,600637,东方明珠,20030417,13.0,13.76,13.0,13.58,12.91,0.67,5.19,141622.65,190225.859,19022.5859,190.225859,1.90225859
600637.SH,600637,东方明珠,20030418,13.58,13.67,13.21,13.24,13.58,-0.34,-2.5,47788.97,63868.62,6386.862,63.86862,0.6386862
600637.SH,600637,东方明珠,20030421,13.21,13.3,12.91,13.12,13.24,-0.12,-0.91,37801.61,49384.188,4938.4188,49.384188,0.49384188
600637.SH,600637,东方明珠,20030422,13.06,13.2,13.0,13.04,13.12,-0.08,-0.61,15396.16,20153.733,2015.3733,20.153733,0.20153733
600637.SH,600637,东方明珠,20030423,13.04,13.15,12.6,12.61,13.04,-0.43,-3.3,33895.79,43370.436,4337.0436,43.370436,0.4337043599999999
600637.SH,600637,东方明珠,20030424,12.6,12.75,12.02,12.17,12.61,-0.44,-3.49,34043.29,41968.925,4196.8925,41.968925,0.41968925
600637.SH,600637,东方明珠,20030425,12.17,12.34,12.15,12.2,12.17,0.03,0.25,20649.25,25250.372,2525.0372,25.250372,0.25250372
600637.SH,600637,东方明珠,20030428,12.15,12.52,11.86,12.5,12.2,0.3,2.46,31392.32,38200.473,3820.0473,38.200473,0.3820047299999999
600637.SH,600637,东方明珠,20030429,12.41,12.45,11.9,11.93,12.5,-0.57,-4.56,30507.45,36739.193,3673.9193,36.739193,0.36739193
600637.SH,600637,东方明珠,20030430,12.0,12.2,11.96,12.07,11.93,0.14,1.17,21738.66,26260.203,2626.0203,26.260203,0.26260203
600637.SH,600637,东方明珠,20030512,12.2,12.24,11.62,11.7,12.07,-0.37,-3.07,20910.62,24874.503,2487.4503,24.874503,0.24874503
600637.SH,600637,东方明珠,20030513,11.67,11.68,10.94,11.09,11.7,-0.61,-5.21,44639.17,49570.139,4957.0139,49.570139,0.4957013899999999
600637.SH,600637,东方明珠,20030514,11.1,11.32,11.01,11.26,11.09,0.17,1.53,21293.09,23822.014,2382.2014,23.822014,0.23822014
600637.SH,600637,东方明珠,20030515,11.26,12.25,11.25,12.13,11.26,0.87,7.73,73490.44,87751.388,8775.1388,87.751388,0.8775138800000001
600637.SH,600637,东方明珠,20030516,12.13,12.13,11.7,11.86,12.13,-0.27,-2.23,31389.1,37251.803,3725.1803,37.251803,0.37251803
600637.SH,600637,东方明珠,20030520,11.98,12.04,11.68,11.7,11.86,-0.16,-1.35,17998.98,21305.012,2130.5012,21.305012,0.2130501199999999
600637.SH,600637,东方明珠,20030521,11.68,12.14,11.68,11.81,11.7,0.11,0.94,16021.09,19103.676,1910.3676,19.103676,0.19103676
600637.SH,600637,东方明珠,20030522,11.75,11.8,11.58,11.73,11.81,-0.08,-0.68,10425.45,12166.904,1216.6904,12.166904,0.1216690399999999
600637.SH,600637,东方明珠,20030523,11.75,12.18,11.68,11.88,11.73,0.15,1.28,32211.61,38604.43,3860.443,38.60443,0.3860443
600637.SH,600637,东方明珠,20030526,12.0,12.17,11.95,12.05,11.88,0.17,1.43,16276.5,19620.353,1962.0353,19.620353,0.19620353
600637.SH,600637,东方明珠,20030527,12.05,12.45,12.05,12.2,12.05,0.15,1.24,35067.54,42990.017,4299.0017,42.990017,0.4299001699999999
600637.SH,600637,东方明珠,20030528,12.22,12.5,12.2,12.29,12.2,0.09,0.74,40097.02,49589.003,4958.900299999999,49.58900299999999,0.4958900299999999
600637.SH,600637,东方明珠,20030529,12.3,13.4,12.3,13.37,12.29,1.08,8.79,167159.87,217895.041,21789.5041,217.895041,2.17895041
600637.SH,600637,东方明珠,20030530,13.18,13.68,13.05,13.1,13.37,-0.27,-2.02,127212.45,170332.646,17033.264600000002,170.332646,1.7033264600000002
600637.SH,600637,东方明珠,20030602,13.11,13.31,12.98,13.02,13.1,-0.08,-0.61,42256.03,55426.14,5542.614,55.42614,0.5542614
600637.SH,600637,东方明珠,20030603,13.02,13.5,12.82,13.21,13.02,0.19,1.46,85035.27,112668.599,11266.8599,112.668599,1.12668599
600637.SH,600637,东方明珠,20030604,13.18,13.3,12.88,13.23,13.21,0.02,0.15,36306.96,47538.96,4753.896,47.53896,0.4753895999999999
600637.SH,600637,东方明珠,20030605,13.17,13.25,12.86,12.87,13.23,-0.36,-2.72,27846.2,36142.244,3614.2244,36.142244,0.3614224399999999
600637.SH,600637,东方明珠,20030606,12.85,13.13,12.78,12.86,12.87,-0.01,-0.08,30598.27,39567.249,3956.7249,39.567249,0.39567249
600637.SH,600637,东方明珠,20030609,12.79,12.86,12.22,12.35,12.86,-0.51,-3.97,30331.06,37863.595,3786.3595,37.863595,0.37863595
600637.SH,600637,东方明珠,20030610,12.3,12.5,12.2,12.3,12.35,-0.05,-0.4,14336.16,17651.854,1765.1853999999998,17.651854,0.17651854
600637.SH,600637,东方明珠,20030611,12.3,12.54,12.28,12.45,12.3,0.15,1.22,15689.52,19510.456,1951.0456,19.510456,0.1951045599999999
600637.SH,600637,东方明珠,20030612,12.49,12.75,12.47,12.52,12.45,0.07,0.56,19359.47,24434.474,2443.4474,24.434474,0.24434474
600637.SH,600637,东方明珠,20030613,12.6,12.73,12.45,12.58,12.52,0.06,0.48,9547.59,11987.737,1198.7737,11.987737,0.11987737
600637.SH,600637,东方明珠,20030616,12.58,12.71,12.49,12.7,12.58,0.12,0.95,13949.69,17649.234,1764.9234,17.649234,0.17649234
600637.SH,600637,东方明珠,20030617,12.7,12.98,12.7,12.84,12.7,0.14,1.1,16925.22,21745.485,2174.5485,21.745485,0.2174548499999999
600637.SH,600637,东方明珠,20030618,12.89,12.96,12.68,12.69,12.84,-0.15,-1.17,10860.89,13923.317,1392.3317,13.923317,0.13923317
600637.SH,600637,东方明珠,20030619,12.7,12.8,12.3,12.39,12.69,-0.3,-2.36,17465.51,21720.112,2172.0112,21.720112,0.21720112
600637.SH,600637,东方明珠,20030620,12.39,12.45,12.15,12.16,12.39,-0.23,-1.86,10730.9,13211.602,1321.1602,13.211602,0.13211602
600637.SH,600637,东方明珠,20030623,12.1,12.24,12.05,12.09,12.16,-0.07,-0.58,10896.88,13202.995,1320.2995,13.202995,0.13202995
600637.SH,600637,东方明珠,20030624,12.09,12.16,11.9,12.0,12.09,-0.09,-0.74,11883.84,14270.805,1427.0805,14.270805,0.14270805
600637.SH,600637,东方明珠,20030625,11.98,12.14,11.88,11.89,12.0,-0.11,-0.92,6861.7,8232.113,823.2112999999999,8.232113,0.08232113
600637.SH,600637,东方明珠,20030626,11.86,12.75,11.8,12.5,11.89,0.61,5.13,32547.09,40331.75,4033.175,40.33175,0.4033175
600637.SH,600637,东方明珠,20030627,12.48,12.48,12.1,12.11,12.5,-0.39,-3.12,15868.51,19501.8,1950.18,19.5018,0.195018
600637.SH,600637,东方明珠,20030630,12.1,12.46,12.0,12.11,12.11,0.0,0.0,13085.51,15961.961,1596.1961,15.961961,0.15961961
600637.SH,600637,东方明珠,20030701,12.2,12.52,12.2,12.29,12.11,0.18,1.49,26439.54,32729.429,3272.9429,32.729429,0.32729429
600637.SH,600637,东方明珠,20030702,12.3,12.4,12.01,12.3,12.29,0.01,0.08,8028.68,9792.869,979.2869,9.792869,0.09792869
600637.SH,600637,东方明珠,20030703,12.3,12.35,12.16,12.23,12.2,0.03,0.25,10168.76,12482.133,1248.2133,12.482133,0.12482133
600637.SH,600637,东方明珠,20030704,12.31,12.34,12.03,12.1,12.23,-0.13,-1.06,7399.25,8974.984,897.4984000000001,8.974984000000001,0.08974984
600637.SH,600637,东方明珠,20030707,12.1,12.48,12.06,12.3,12.1,0.2,1.65,11778.33,14501.022,1450.1022,14.501022,0.14501022
600637.SH,600637,东方明珠,20030708,12.34,12.68,12.31,12.54,12.3,0.24,1.95,21943.45,27482.932,2748.2932,27.482932,0.27482932
600637.SH,600637,东方明珠,20030709,12.56,12.68,12.42,12.57,12.54,0.03,0.24,16650.84,20937.472,2093.7472,20.937472000000003,0.20937472
600637.SH,600637,东方明珠,20030710,12.59,12.92,12.55,12.89,12.57,0.32,2.55,44077.87,56502.586,5650.2586,56.502586,0.56502586
600637.SH,600637,东方明珠,20030711,12.83,12.95,12.71,12.81,12.89,-0.08,-0.62,18131.73,23243.734,2324.3734,23.243734,0.23243734
600637.SH,600637,东方明珠,20030714,12.83,12.89,12.67,12.72,12.81,-0.09,-0.7,9688.12,12356.177,1235.6177,12.356177,0.12356177
600637.SH,600637,东方明珠,20030715,12.78,12.96,12.5,12.63,12.72,-0.09,-0.71,13026.02,16493.931,1649.3931,16.493931,0.16493931
600637.SH,600637,东方明珠,20030716,12.58,12.69,12.45,12.66,12.63,0.03,0.24,21780.22,27349.452,2734.9452,27.349452,0.27349452
600637.SH,600637,东方明珠,20030717,12.7,12.95,12.61,12.83,12.66,0.17,1.34,57205.46,73665.241,7366.5241,73.665241,0.7366524099999999
600637.SH,600637,东方明珠,20030718,12.83,13.05,12.6,12.66,12.83,-0.17,-1.33,58644.58,75335.375,7533.5375,75.335375,0.75335375
600637.SH,600637,东方明珠,20030721,12.61,13.05,12.5,13.03,12.66,0.37,2.92,56036.75,71875.952,7187.595200000001,71.87595200000001,0.7187595200000001
600637.SH,600637,东方明珠,20030722,13.05,13.38,12.96,13.26,13.03,0.23,1.77,97975.91,129301.15,12930.115,129.30115,1.2930115
600637.SH,600637,东方明珠,20030723,13.34,13.38,13.13,13.26,13.26,0.0,0.0,54134.22,71945.921,7194.5921,71.945921,0.71945921
600637.SH,600637,东方明珠,20030724,13.26,13.3,12.95,12.96,13.26,-0.3,-2.26,27347.29,35839.508,3583.9508,35.839508,0.35839508
600637.SH,600637,东方明珠,20030725,12.96,13.29,12.83,12.97,12.96,0.01,0.08,46485.99,60790.893,6079.0893,60.790893,0.60790893
600637.SH,600637,东方明珠,20030728,12.86,13.08,12.85,12.92,12.97,-0.05,-0.39,20813.04,26988.815,2698.8815,26.988815,0.26988815
600637.SH,600637,东方明珠,20030729,13.0,13.15,12.96,13.01,12.92,0.09,0.7,18019.0,23555.961,2355.5961,23.555961,0.2355596099999999
600637.SH,600637,东方明珠,20030730,13.1,13.19,12.8,12.89,13.01,-0.12,-0.92,14093.51,18267.515,1826.7515,18.267515,0.18267515
600637.SH,600637,东方明珠,20030731,12.89,13.18,12.85,13.04,12.89,0.15,1.16,21786.84,28456.367,2845.6367,28.456367,0.28456367
600637.SH,600637,东方明珠,20030801,13.1,13.38,13.01,13.3,13.04,0.26,1.99,45336.88,60004.628,6000.462799999999,60.004628,0.6000462799999999
600637.SH,600637,东方明珠,20030804,13.32,13.51,13.25,13.33,13.3,0.03,0.23,49338.96,65987.781,6598.7781,65.987781,0.65987781
600637.SH,600637,东方明珠,20030805,13.31,13.36,13.18,13.3,13.33,-0.03,-0.23,18637.99,24744.261,2474.4261,24.744261,0.2474426099999999
600637.SH,600637,东方明珠,20030806,13.26,13.45,13.18,13.18,13.3,-0.12,-0.9,23316.33,31059.033,3105.9033,31.059033,0.3105903299999999
600637.SH,600637,东方明珠,20030807,13.19,13.28,13.04,13.1,13.18,-0.08,-0.61,15196.97,19964.068,1996.4068,19.964068,0.19964068
600637.SH,600637,东方明珠,20030808,13.08,13.15,12.83,12.88,13.1,-0.22,-1.68,21207.98,27462.541,2746.2541,27.462541,0.27462541
600637.SH,600637,东方明珠,20030811,12.88,13.05,12.83,13.03,12.88,0.15,1.16,9108.5,11788.108,1178.8108,11.788108,0.11788108
600637.SH,600637,东方明珠,20030812,13.06,13.08,12.9,12.95,13.03,-0.08,-0.61,7119.75,9237.01,923.701,9.23701,0.0923701
600637.SH,600637,东方明珠,20030813,12.95,13.08,12.65,12.66,12.95,-0.29,-2.24,23639.94,30214.032,3021.4032,30.214032,0.3021403199999999
600637.SH,600637,东方明珠,20030814,12.65,13.01,12.52,12.67,12.66,0.01,0.08,25010.43,32005.332,3200.5332,32.005332,0.32005332
600637.SH,600637,东方明珠,20030815,12.67,12.93,12.6,12.71,12.67,0.04,0.32,12283.39,15655.272,1565.5272,15.655272,0.15655272
600637.SH,600637,东方明珠,20030818,12.75,12.82,12.65,12.74,12.71,0.03,0.24,5121.38,6524.936,652.4936,6.524936,0.06524936
600637.SH,600637,东方明珠,20030819,12.72,12.85,12.7,12.77,12.74,0.03,0.24,5983.67,7651.796,765.1796,7.651796000000001,0.07651796
600637.SH,600637,东方明珠,20030820,12.73,12.87,12.53,12.77,12.77,0.0,0.0,10501.99,13274.206,1327.4206,13.274206,0.13274206
600637.SH,600637,东方明珠,20030821,12.8,12.87,12.68,12.78,12.77,0.01,0.08,8248.17,10558.009,1055.8009,10.558009,0.10558009
600637.SH,600637,东方明珠,20030822,12.7,12.85,12.69,12.75,12.78,-0.03,-0.23,11143.81,14197.093,1419.7093,14.197093,0.14197093
600637.SH,600637,东方明珠,20030825,12.7,12.7,12.26,12.27,12.75,-0.48,-3.76,20409.48,25363.915,2536.3915,25.363915,0.25363915
600637.SH,600637,东方明珠,20030826,12.27,12.38,12.14,12.16,12.27,-0.11,-0.9,12627.45,15431.689,1543.1689,15.431689,0.15431689
600637.SH,600637,东方明珠,20030827,12.25,12.33,12.15,12.19,12.16,0.03,0.25,5221.5,6379.702,637.9702,6.379702,0.06379702
600637.SH,600637,东方明珠,20030828,12.19,12.26,11.8,11.86,12.19,-0.33,-2.71,18812.31,22660.522,2266.0522,22.660522,0.22660522
600637.SH,600637,东方明珠,20030829,11.9,11.98,11.7,11.97,11.86,0.11,0.93,10628.19,12577.131,1257.7131,12.577131,0.12577131
600637.SH,600637,东方明珠,20030901,12.03,12.28,11.97,12.26,11.97,0.29,2.42,11140.9,13524.402,1352.4402,13.524402,0.13524402
600637.SH,600637,东方明珠,20030902,12.28,12.65,12.19,12.32,12.26,0.06,0.49,19465.17,24212.834,2421.2834,24.212834,0.2421283399999999
600637.SH,600637,东方明珠,20030903,12.3,12.41,12.13,12.36,12.32,0.04,0.32,9545.3,11705.369,1170.5369,11.705369,0.11705369
600637.SH,600637,东方明珠,20030904,12.25,12.38,12.11,12.16,12.36,-0.2,-1.62,6336.16,7743.187,774.3187,7.743187000000001,0.07743187
600637.SH,600637,东方明珠,20030905,12.2,12.24,11.8,11.96,12.16,-0.2,-1.64,12205.26,14632.553,1463.2553,14.632553,0.14632553
600637.SH,600637,东方明珠,20030908,11.9,12.05,11.82,11.86,11.96,-0.1,-0.84,6000.44,7144.9,714.49,7.1449,0.071449
600637.SH,600637,东方明珠,20030909,11.83,11.94,11.72,11.75,11.86,-0.11,-0.93,5581.78,6595.65,659.5649999999999,6.595649999999999,0.0659564999999999
600637.SH,600637,东方明珠,20030910,11.74,11.98,11.7,11.89,11.75,0.14,1.19,6575.23,7792.856,779.2855999999999,7.792856,0.07792856
600637.SH,600637,东方明珠,20030911,11.95,11.95,11.66,11.69,11.89,-0.2,-1.68,10199.14,12003.675,1200.3674999999998,12.003674999999998,0.1200367499999999
600637.SH,600637,东方明珠,20030912,11.65,11.75,11.38,11.4,11.69,-0.29,-2.48,11444.63,13185.963,1318.5963,13.185963,0.13185963
600637.SH,600637,东方明珠,20030915,11.4,11.67,11.4,11.52,11.4,0.12,1.05,13821.82,15898.483,1589.8483,15.898483,0.15898483
600637.SH,600637,东方明珠,20030916,11.55,11.74,11.39,11.7,11.52,0.18,1.56,7028.0,8156.258,815.6258,8.156258000000001,0.08156258
600637.SH,600637,东方明珠,20030917,11.7,11.74,11.42,11.48,11.7,-0.22,-1.88,4434.19,5114.505,511.4505,5.114505,0.05114505
600637.SH,600637,东方明珠,20030918,11.45,11.66,11.41,11.49,11.48,0.01,0.09,4796.78,5535.479,553.5479,5.5354790000000005,0.05535479
600637.SH,600637,东方明珠,20030919,11.53,11.65,11.19,11.26,11.49,-0.23,-2.0,14833.02,16796.236,1679.6236,16.796236,0.16796236
600637.SH,600637,东方明珠,20030922,11.28,11.35,11.01,11.12,11.26,-0.14,-1.24,12442.0,13878.35,1387.835,13.87835,0.1387835
600637.SH,600637,东方明珠,20030923,11.13,11.2,11.05,11.19,11.12,0.07,0.63,4386.12,4879.502,487.95020000000005,4.8795020000000005,0.04879502
600637.SH,600637,东方明珠,20030924,11.29,11.31,11.18,11.28,11.19,0.09,0.8,5046.2,5673.376,567.3376000000001,5.673376000000001,0.05673376
600637.SH,600637,东方明珠,20030925,11.35,11.35,11.0,11.06,11.28,-0.22,-1.95,4768.5,5289.852,528.9852,5.289852,0.05289852
600637.SH,600637,东方明珠,20030926,11.08,11.09,10.86,10.89,11.06,-0.17,-1.54,5828.6,6392.766,639.2765999999999,6.392765999999999,0.06392766
600637.SH,600637,东方明珠,20030929,10.88,11.02,10.46,10.57,10.89,-0.32,-2.94,9207.28,9819.543,981.9543,9.819543,0.09819543
600637.SH,600637,东方明珠,20030930,10.57,10.95,10.49,10.78,10.57,0.21,1.99,7760.19,8268.327,826.8326999999999,8.268327,0.0826832699999999
600637.SH,600637,东方明珠,20031008,10.76,10.77,10.69,10.7,10.78,-0.08,-0.74,3606.2,3868.108,386.8108,3.868108,0.03868108
600637.SH,600637,东方明珠,20031009,10.75,10.98,10.64,10.71,10.7,0.01,0.09,6148.3,6634.394,663.4394,6.634394,0.0663439399999999
600637.SH,600637,东方明珠,20031010,11.65,11.65,10.86,11.25,10.71,0.54,5.04,23210.43,25872.835,2587.2835,25.872835,0.25872835
600637.SH,600637,东方明珠,20031013,11.32,11.32,11.11,11.13,11.25,-0.12,-1.07,8338.3,9339.394,933.9394,9.339394,0.09339394
600637.SH,600637,东方明珠,20031014,11.12,11.2,10.93,10.96,11.13,-0.17,-1.53,7018.65,7727.981,772.7981,7.727981,0.07727981
600637.SH,600637,东方明珠,20031015,10.95,11.28,10.93,10.94,10.96,-0.02,-0.18,4593.53,5085.157,508.5157,5.085157000000001,0.05085157
600637.SH,600637,东方明珠,20031016,10.91,10.97,10.4,10.71,10.94,-0.23,-2.1,11839.2,12609.049,1260.9049,12.609049,0.12609049
600637.SH,600637,东方明珠,20031017,10.65,10.75,10.6,10.65,10.71,-0.06,-0.56,5632.0,6022.206,602.2206,6.022206,0.0602220599999999
600637.SH,600637,东方明珠,20031020,10.66,10.68,10.45,10.46,10.65,-0.19,-1.78,5180.5,5447.274,544.7274,5.447274,0.05447274
600637.SH,600637,东方明珠,20031021,10.48,10.62,10.39,10.54,10.46,0.08,0.76,6198.38,6480.32,648.0319999999999,6.480319999999999,0.0648031999999999
600637.SH,600637,东方明珠,20031022,10.66,10.94,10.48,10.92,10.54,0.38,3.61,25184.61,27045.034,2704.5034,27.045034,0.27045034
600637.SH,600637,东方明珠,20031023,10.85,10.97,10.62,10.65,10.92,-0.27,-2.47,13728.54,14896.684,1489.6684,14.896684,0.14896684
600637.SH,600637,东方明珠,20031024,10.65,10.69,10.5,10.57,10.65,-0.08,-0.75,7638.59,8077.693,807.7693,8.077693,0.08077693
600637.SH,600637,东方明珠,20031027,10.5,10.6,10.07,10.1,10.57,-0.47,-4.45,20236.73,20714.781,2071.4781,20.714781,0.20714781
600637.SH,600637,东方明珠,20031028,10.08,10.24,9.8,9.9,10.1,-0.2,-1.98,14038.35,13998.116,1399.8116,13.998116,0.13998116
600637.SH,600637,东方明珠,20031029,9.9,10.1,9.48,9.53,9.9,-0.37,-3.74,21355.22,20534.728,2053.4728,20.534728,0.20534728
600637.SH,600637,东方明珠,20031030,9.55,9.81,9.5,9.61,9.53,0.08,0.84,8897.12,8597.147,859.7147000000001,8.597147000000001,0.08597147
600637.SH,600637,东方明珠,20031031,9.63,9.99,9.59,9.7,9.61,0.09,0.94,7979.61,7807.582,780.7582,7.807582,0.07807582
600637.SH,600637,东方明珠,20031103,9.73,9.85,9.65,9.75,9.7,0.05,0.52,6548.86,6395.186,639.5186,6.395186,0.06395186
600637.SH,600637,东方明珠,20031104,9.77,10.11,9.77,9.98,9.75,0.23,2.36,15326.92,15315.78,1531.578,15.31578,0.1531578
600637.SH,600637,东方明珠,20031105,10.0,10.09,9.52,9.57,9.98,-0.41,-4.11,30557.37,29632.404,2963.2404,29.632404,0.2963240399999999
600637.SH,600637,东方明珠,20031106,9.52,9.53,8.7,8.83,9.57,-0.74,-7.73,38820.49,34920.824,3492.0824,34.920824,0.34920824
600637.SH,600637,东方明珠,20031107,8.8,9.23,8.78,9.03,8.83,0.2,2.27,23477.98,21145.62,2114.562,21.14562,0.2114561999999999
600637.SH,600637,东方明珠,20031110,8.98,8.98,8.66,8.76,9.03,-0.27,-2.99,11436.07,10040.088,1004.0088,10.040088,0.1004008799999999
600637.SH,600637,东方明珠,20031111,8.8,8.94,8.51,8.85,8.76,0.09,1.03,7449.45,6568.694,656.8694,6.568694000000001,0.06568694
600637.SH,600637,东方明珠,20031112,8.85,8.96,8.71,8.73,8.85,-0.12,-1.36,5530.83,4874.022,487.4022,4.874022,0.04874022
600637.SH,600637,东方明珠,20031113,8.73,9.16,8.7,8.93,8.73,0.2,2.29,12195.67,10930.992,1093.0992,10.930992000000002,0.10930992
600637.SH,600637,东方明珠,20031114,8.93,9.05,8.81,8.98,8.93,0.05,0.56,4646.2,4159.262,415.9262,4.159262,0.04159262
600637.SH,600637,东方明珠,20031117,8.98,9.1,8.96,9.05,8.98,0.07,0.78,6551.81,5922.292,592.2292,5.922292,0.05922292
600637.SH,600637,东方明珠,20031118,9.05,9.05,8.83,8.86,9.05,-0.19,-2.1,5731.74,5091.648,509.1648,5.091648,0.05091648
600637.SH,600637,东方明珠,20031119,8.88,9.5,8.88,9.35,8.86,0.49,5.53,37042.11,34474.075,3447.4075,34.474075,0.34474075
600637.SH,600637,东方明珠,20031120,9.35,10.15,9.32,10.13,9.35,0.78,8.34,74350.89,73311.352,7331.1352,73.311352,0.73311352
600637.SH,600637,东方明珠,20031121,10.09,10.35,9.66,9.73,10.13,-0.4,-3.95,54873.61,54694.928,5469.4928,54.694928,0.54694928
600637.SH,600637,东方明珠,20031124,9.7,10.66,9.68,10.61,9.73,0.88,9.04,77557.69,79614.79,7961.478999999999,79.61479,0.7961479
600637.SH,600637,东方明珠,20031125,10.58,11.0,10.22,10.31,10.61,-0.3,-2.83,92383.07,97913.803,9791.3803,97.913803,0.97913803
600637.SH,600637,东方明珠,20031126,10.23,10.36,10.05,10.22,10.31,-0.09,-0.87,30777.29,31390.542,3139.0542,31.390542,0.31390542
600637.SH,600637,东方明珠,20031127,10.17,10.27,9.9,9.91,10.22,-0.31,-3.03,24743.35,24864.182,2486.4182,24.864182,0.2486418199999999
600637.SH,600637,东方明珠,20031128,9.91,10.2,9.79,10.08,9.91,0.17,1.72,18572.55,18555.697,1855.5697,18.555697,0.18555697
600637.SH,600637,东方明珠,20031201,10.14,10.56,10.14,10.45,10.08,0.37,3.67,35051.52,36266.592,3626.6592,36.266592,0.36266592
600637.SH,600637,东方明珠,20031203,10.38,10.38,10.1,10.21,10.45,-0.24,-2.3,24659.2,25182.29,2518.2290000000003,25.18229,0.2518229
600637.SH,600637,东方明珠,20031204,10.22,10.39,10.11,10.23,10.21,0.02,0.2,18254.78,18622.041,1862.2041,18.622041000000003,0.18622041
600637.SH,600637,东方明珠,20031205,10.23,10.28,10.01,10.06,10.23,-0.17,-1.66,18449.44,18652.189,1865.2189,18.652189,0.18652189
600637.SH,600637,东方明珠,20031208,10.1,10.23,9.99,10.02,10.06,-0.04,-0.4,9481.6,9559.76,955.976,9.55976,0.0955976
600637.SH,600637,东方明珠,20031209,10.02,10.27,10.01,10.23,10.02,0.21,2.1,13316.62,13557.354,1355.7354,13.557354,0.13557354
600637.SH,600637,东方明珠,20031210,10.25,10.32,10.17,10.32,10.23,0.09,0.88,16215.24,16638.66,1663.866,16.63866,0.1663866
600637.SH,600637,东方明珠,20031211,10.35,10.39,10.11,10.22,10.32,-0.1,-0.97,12137.35,12425.791,1242.5791,12.425790999999998,0.1242579099999999
600637.SH,600637,东方明珠,20031212,10.19,10.22,10.05,10.19,10.22,-0.03,-0.29,8338.6,8437.935,843.7935,8.437935,0.0843793499999999
600637.SH,600637,东方明珠,20031215,10.22,10.41,10.21,10.27,10.19,0.08,0.79,16176.11,16692.274,1669.2274000000002,16.692274,0.16692274
600637.SH,600637,东方明珠,20031216,10.19,10.38,9.99,10.13,10.27,-0.14,-1.36,13722.59,13883.04,1388.304,13.88304,0.1388304
600637.SH,600637,东方明珠,20031217,10.13,10.35,10.05,10.1,10.13,-0.03,-0.3,15674.36,15984.226,1598.4226,15.984226,0.15984226
600637.SH,600637,东方明珠,20031218,10.06,10.15,9.88,10.03,10.1,-0.07,-0.69,21972.59,21954.503,2195.4503,21.954503,0.21954503
600637.SH,600637,东方明珠,20031219,10.0,10.93,9.23,9.52,10.03,-0.51,-5.08,31202.83,30758.263,3075.8263,30.758263,0.3075826299999999
600637.SH,600637,东方明珠,20031222,9.42,10.29,9.1,10.15,9.52,0.63,6.62,62474.45,60083.26,6008.326,60.08326,0.6008326
600637.SH,600637,东方明珠,20031223,10.15,10.48,9.93,10.16,10.15,0.01,0.1,49010.36,50039.048,5003.9048,50.039048,0.50039048
600637.SH,600637,东方明珠,20031224,10.14,10.18,9.98,10.03,10.16,-0.13,-1.28,29046.14,29177.968,2917.7968,29.177968,0.29177968
600637.SH,600637,东方明珠,20031225,10.08,10.53,10.02,10.36,10.03,0.33,3.29,61614.98,63696.732,6369.6732,63.696732,0.63696732
600637.SH,600637,东方明珠,20031226,10.37,10.88,10.36,10.76,10.36,0.4,3.86,76977.13,82014.032,8201.4032,82.014032,0.82014032
600637.SH,600637,东方明珠,20031229,10.85,10.87,10.5,10.57,10.76,-0.19,-1.77,43292.4,46417.927,4641.7927,46.417927,0.46417927
600637.SH,600637,东方明珠,20031230,10.57,10.68,10.47,10.64,10.57,0.07,0.66,24972.64,26347.618,2634.7618,26.347618,0.2634761799999999
600637.SH,600637,东方明珠,20031231,10.68,10.78,10.32,10.36,10.64,-0.28,-2.63,23145.34,24371.015,2437.1015,24.371015,0.2437101499999999
600637.SH,600637,东方明珠,20040102,10.31,10.82,10.31,10.51,10.36,0.15,1.45,22830.25,24306.383,2430.6383,24.306383,0.24306383
600637.SH,600637,东方明珠,20040105,10.51,11.12,10.48,11.09,10.51,0.58,5.52,72297.72,78746.566,7874.6566,78.746566,0.7874656600000001
600637.SH,600637,东方明珠,20040106,11.13,11.37,11.1,11.26,11.09,0.17,1.53,71841.85,80731.864,8073.1864,80.731864,0.80731864
600637.SH,600637,东方明珠,20040107,11.3,11.44,11.18,11.38,11.26,0.12,1.07,44931.42,50732.165,5073.2165,50.732165,0.5073216500000001
600637.SH,600637,东方明珠,20040108,11.38,11.95,11.21,11.76,11.38,0.38,3.34,78387.61,91043.099,9104.3099,91.043099,0.91043099
600637.SH,600637,东方明珠,20040109,11.85,12.25,11.48,11.5,11.76,-0.26,-2.21,92337.69,109998.337,10999.8337,109.998337,1.09998337
600637.SH,600637,东方明珠,20040112,11.55,11.95,11.54,11.92,11.5,0.42,3.65,49474.07,58185.817,5818.581700000001,58.18581700000001,0.5818581700000001
600637.SH,600637,东方明珠,20040113,11.97,12.25,11.67,11.82,11.92,-0.1,-0.84,42396.28,50696.976,5069.6976,50.69697600000001,0.50696976
600637.SH,600637,东方明珠,20040114,11.75,11.86,11.45,11.46,11.82,-0.36,-3.05,30120.14,34982.038,3498.2038,34.982038,0.34982038
600637.SH,600637,东方明珠,20040115,11.48,11.75,11.4,11.45,11.46,-0.01,-0.09,20234.84,23326.551,2332.6551,23.326551,0.2332655099999999
600637.SH,600637,东方明珠,20040116,11.45,11.99,11.21,11.9,11.45,0.45,3.93,65803.38,77026.96,7702.696000000001,77.02696,0.7702696
600637.SH,600637,东方明珠,20040129,11.88,12.5,11.81,12.46,11.9,0.56,4.71,47924.7,58601.815,5860.181500000001,58.60181500000001,0.5860181500000001
600637.SH,600637,东方明珠,20040130,12.43,12.43,11.8,11.85,12.46,-0.61,-4.9,47620.0,57495.5,5749.55,57.4955,0.574955
600637.SH,600637,东方明珠,20040202,11.92,12.29,11.74,11.92,11.85,0.07,0.59,32921.53,39467.654,3946.7654,39.467654,0.39467654
600637.SH,600637,东方明珠,20040203,11.92,11.99,11.74,11.8,11.92,-0.12,-1.01,25947.8,30689.159,3068.9159,30.689159,0.30689159
600637.SH,600637,东方明珠,20040204,11.8,12.13,11.78,12.12,11.8,0.32,2.71,52272.79,62707.243,6270.7243,62.707243,0.62707243
600637.SH,600637,东方明珠,20040205,12.1,12.23,11.95,12.06,12.12,-0.06,-0.5,32196.06,38877.949,3887.7949,38.877949,0.38877949
600637.SH,600637,东方明珠,20040206,12.0,12.25,11.75,11.76,12.06,-0.3,-2.49,36742.76,43811.802,4381.180200000001,43.81180200000001,0.43811802
600637.SH,600637,东方明珠,20040209,11.81,12.06,11.71,11.99,11.76,0.23,1.96,27216.56,32463.724,3246.3724,32.463724,0.32463724
600637.SH,600637,东方明珠,20040210,12.06,12.08,11.8,11.82,11.99,-0.17,-1.42,23349.76,27849.745,2784.9745,27.849745,0.27849745
600637.SH,600637,东方明珠,20040211,11.82,12.0,11.75,11.96,11.82,0.14,1.18,18142.07,21531.092,2153.1092,21.531092,0.2153109199999999
600637.SH,600637,东方明珠,20040212,11.94,12.21,11.88,11.9,11.96,-0.06,-0.5,28466.33,34329.613,3432.9613,34.329613,0.34329613
600637.SH,600637,东方明珠,20040213,11.93,12.34,11.86,12.24,11.9,0.34,2.86,75239.26,91824.738,9182.4738,91.824738,0.91824738
600637.SH,600637,东方明珠,20040216,12.29,12.5,12.19,12.4,12.24,0.16,1.31,51176.68,63358.98,6335.898,63.35898,0.6335898
600637.SH,600637,东方明珠,20040217,12.43,12.55,12.29,12.39,12.4,-0.01,-0.08,45653.41,56715.465,5671.5465,56.715465,0.56715465
600637.SH,600637,东方明珠,20040218,12.63,13.13,12.63,12.74,12.39,0.35,2.82,102144.06,131283.642,13128.3642,131.283642,1.3128364199999998
600637.SH,600637,东方明珠,20040219,12.75,12.85,12.52,12.64,12.74,-0.1,-0.78,39493.97,49964.715,4996.4715,49.964715,0.49964715
600637.SH,600637,东方明珠,20040220,12.64,12.64,12.24,12.37,12.64,-0.27,-2.14,35589.53,43845.781,4384.578100000001,43.84578100000001,0.4384578100000001
600637.SH,600637,东方明珠,20040223,12.38,12.4,11.91,12.0,12.37,-0.37,-2.99,35030.46,42537.143,4253.7143,42.53714299999999,0.4253714299999999
600637.SH,600637,东方明珠,20040224,11.91,12.02,11.73,11.93,12.0,-0.07,-0.58,28519.61,33850.297,3385.0297,33.850297,0.3385029699999999
600637.SH,600637,东方明珠,20040225,11.96,12.1,11.42,11.52,11.93,-0.41,-3.44,30412.78,35906.81,3590.681,35.90680999999999,0.3590680999999999
600637.SH,600637,东方明珠,20040226,11.48,11.5,11.25,11.36,11.52,-0.16,-1.39,28034.94,31871.478,3187.1478,31.871478,0.31871478
600637.SH,600637,东方明珠,20040227,11.4,11.55,11.27,11.44,11.36,0.08,0.7,16239.76,18516.691,1851.6691,18.516691,0.18516691
600637.SH,600637,东方明珠,20040301,11.44,11.7,11.15,11.7,11.44,0.26,2.27,27722.41,31878.871,3187.8871,31.878871,0.31878871
600637.SH,600637,东方明珠,20040302,11.87,12.12,11.7,11.7,11.7,0.0,0.0,43045.07,51377.06,5137.706,51.37706,0.5137706
600637.SH,600637,东方明珠,20040303,11.64,11.78,11.22,11.33,11.7,-0.37,-3.16,25732.13,29577.036,2957.7036,29.577036,0.29577036
600637.SH,600637,东方明珠,20040304,11.28,11.55,11.28,11.5,11.33,0.17,1.5,10972.91,12500.015,1250.0015,12.500014999999998,0.1250001499999999
600637.SH,600637,东方明珠,20040305,11.51,11.63,11.43,11.49,11.5,-0.01,-0.09,15489.28,17876.551,1787.6551,17.876551,0.17876551
600637.SH,600637,东方明珠,20040308,11.51,11.55,10.95,10.97,11.49,-0.52,-4.53,21742.01,24236.228,2423.6228,24.236228,0.24236228
600637.SH,600637,东方明珠,20040309,10.95,11.1,10.78,10.93,10.97,-0.04,-0.36,25370.97,27681.529,2768.1529,27.681529,0.27681529
600637.SH,600637,东方明珠,20040310,10.94,11.26,10.94,11.19,10.93,0.26,2.38,22125.87,24524.082,2452.4082,24.524082,0.24524082
600637.SH,600637,东方明珠,20040311,11.22,11.27,11.03,11.12,11.19,-0.07,-0.63,18209.37,20344.657,2034.4657,20.344657,0.20344657
600637.SH,600637,东方明珠,20040312,11.18,11.34,11.1,11.12,11.12,0.0,0.0,12363.25,13855.605,1385.5605,13.855605,0.13855605
600637.SH,600637,东方明珠,20040315,11.11,11.55,11.1,11.43,11.12,0.31,2.79,25944.13,29537.438,2953.7438,29.537438,0.29537438
600637.SH,600637,东方明珠,20040316,11.5,11.56,11.37,11.45,11.43,0.02,0.18,17071.07,19597.432,1959.7432,19.597432,0.19597432
600637.SH,600637,东方明珠,20040317,11.45,11.45,11.25,11.38,11.45,-0.07,-0.61,16553.77,18770.877,1877.0877,18.770877,0.18770877
600637.SH,600637,东方明珠,20040318,11.48,11.6,11.18,11.21,11.38,-0.17,-1.49,18291.4,20842.329,2084.2329,20.842329,0.2084232899999999
600637.SH,600637,东方明珠,20040319,11.2,11.37,11.15,11.36,11.21,0.15,1.34,10122.27,11407.206,1140.7206,11.407206,0.11407206
600637.SH,600637,东方明珠,20040322,11.36,11.55,11.29,11.39,11.36,0.03,0.26,11584.6,13227.643,1322.7643,13.227643,0.13227643
600637.SH,600637,东方明珠,20040323,11.38,11.48,11.21,11.41,11.39,0.02,0.18,16383.63,18604.553,1860.4553,18.604553,0.18604553
600637.SH,600637,东方明珠,20040324,11.43,11.59,11.4,11.45,11.41,0.04,0.35,20863.22,23985.93,2398.593,23.98593,0.2398593
600637.SH,600637,东方明珠,20040325,11.4,11.6,11.37,11.55,11.45,0.1,0.87,22363.67,25774.895,2577.4895,25.774895,0.25774895
600637.SH,600637,东方明珠,20040326,11.56,11.88,11.56,11.81,11.55,0.26,2.25,41970.71,49317.701,4931.7701,49.317701,0.4931770099999999
600637.SH,600637,东方明珠,20040329,11.92,12.05,11.8,11.82,11.81,0.01,0.08,40731.26,48639.03,4863.903,48.639030000000005,0.4863903
600637.SH,600637,东方明珠,20040330,11.78,12.1,11.77,11.96,11.82,0.14,1.18,48662.3,58332.91,5833.291,58.33291,0.5833290999999999
600637.SH,600637,东方明珠,20040331,12.16,12.34,12.03,12.18,11.96,0.22,1.84,63844.85,77842.554,7784.2554,77.842554,0.7784255400000001
600637.SH,600637,东方明珠,20040401,12.2,12.28,12.02,12.1,12.18,-0.08,-0.66,19625.41,23745.525,2374.5525,23.745525,0.23745525
600637.SH,600637,东方明珠,20040402,12.12,12.2,11.9,11.91,12.1,-0.19,-1.57,30384.4,36496.459,3649.6459,36.496459,0.36496459
600637.SH,600637,东方明珠,20040405,11.93,12.45,11.92,12.43,11.91,0.52,4.37,62522.24,76933.633,7693.3633,76.933633,0.76933633
600637.SH,600637,东方明珠,20040406,12.58,12.6,12.3,12.38,12.43,-0.05,-0.4,30235.96,37546.515,3754.6515,37.546515,0.3754651499999999
600637.SH,600637,东方明珠,20040407,12.33,12.44,12.12,12.14,12.38,-0.24,-1.94,19513.24,23905.251,2390.5251,23.905251,0.23905251
600637.SH,600637,东方明珠,20040408,12.17,12.24,11.88,11.9,12.14,-0.24,-1.98,25315.94,30392.281,3039.2281,30.392281,0.30392281
600637.SH,600637,东方明珠,20040409,12.0,12.05,11.68,11.7,11.9,-0.2,-1.68,18980.82,22458.768,2245.8768,22.458768,0.2245876799999999
600637.SH,600637,东方明珠,20040412,11.68,11.85,11.6,11.7,11.7,0.0,0.0,12431.68,14584.008,1458.4008,14.584008,0.1458400799999999
600637.SH,600637,东方明珠,20040413,11.71,11.98,11.6,11.69,11.7,-0.01,-0.09,12578.09,14846.684,1484.6684,14.846684,0.14846684
600637.SH,600637,东方明珠,20040414,11.7,11.79,11.28,11.4,11.69,-0.29,-2.48,17684.13,20331.649,2033.1649,20.331649,0.20331649
600637.SH,600637,东方明珠,20040415,11.4,11.5,11.19,11.2,11.4,-0.2,-1.75,10803.3,12206.769,1220.6769,12.206769,0.1220676899999999
600637.SH,600637,东方明珠,20040416,11.18,11.35,10.96,11.3,11.2,0.1,0.89,13252.82,14776.53,1477.653,14.77653,0.1477653
600637.SH,600637,东方明珠,20040419,11.31,11.38,10.97,10.99,11.3,-0.31,-2.74,10599.93,11756.721,1175.6721,11.756721,0.11756721
600637.SH,600637,东方明珠,20040420,10.98,11.19,10.96,11.06,10.99,0.07,0.64,7265.7,8033.433,803.3433,8.033433,0.08033433
600637.SH,600637,东方明珠,20040421,11.08,11.45,11.08,11.19,11.06,0.13,1.18,10301.36,11582.665,1158.2665000000002,11.582665000000002,0.11582665
600637.SH,600637,东方明珠,20040422,11.2,11.4,11.2,11.39,11.19,0.2,1.79,9848.67,11155.121,1115.5121,11.155121,0.11155121
600637.SH,600637,东方明珠,20040423,11.21,11.3,10.95,11.04,11.39,-0.35,-3.07,14319.32,15874.391,1587.4391,15.874391,0.15874391
600637.SH,600637,东方明珠,20040426,11.01,11.3,11.01,11.22,11.04,0.18,1.63,5466.53,6112.454,611.2454,6.1124540000000005,0.06112454
600637.SH,600637,东方明珠,20040427,11.29,11.48,11.23,11.4,11.22,0.18,1.6,14997.45,17036.891,1703.6891,17.036891,0.17036891
600637.SH,600637,东方明珠,20040428,11.4,11.48,11.1,11.3,11.4,-0.1,-0.88,8119.01,9177.398,917.7398,9.177398,0.09177398
600637.SH,600637,东方明珠,20040429,11.28,11.45,10.96,11.08,11.3,-0.22,-1.95,10180.66,11334.225,1133.4225,11.334225000000002,0.11334225
600637.SH,600637,东方明珠,20040430,11.0,11.24,10.59,10.69,11.08,-0.39,-3.52,16273.36,17573.969,1757.3969000000002,17.573969,0.17573969
600637.SH,600637,东方明珠,20040510,10.7,10.75,10.42,10.5,10.69,-0.19,-1.78,7835.39,8241.398,824.1397999999999,8.241397999999998,0.0824139799999999
600637.SH,600637,东方明珠,20040511,10.5,10.72,10.48,10.62,10.5,0.12,1.14,3921.41,4152.122,415.21220000000005,4.152122,0.04152122
600637.SH,600637,东方明珠,20040512,10.62,11.0,10.6,10.99,10.62,0.37,3.48,9862.46,10751.401,1075.1401,10.751401,0.10751401
600637.SH,600637,东方明珠,20040513,10.97,11.06,10.82,10.96,10.99,-0.03,-0.27,8327.52,9127.695,912.7695,9.127695,0.09127695
600637.SH,600637,东方明珠,20040514,10.96,10.99,10.6,10.74,10.96,-0.22,-2.01,7007.5,7551.355,755.1355,7.551355,0.07551355
600637.SH,600637,东方明珠,20040517,10.74,11.2,10.67,11.06,10.74,0.32,2.98,18936.22,20921.273,2092.1273,20.921273,0.2092127299999999
600637.SH,600637,东方明珠,20040518,11.09,11.29,10.95,11.27,11.06,0.21,1.9,11567.28,12880.161,1288.0161,12.880161,0.12880161
600637.SH,600637,东方明珠,20040519,11.25,11.28,11.12,11.12,11.27,-0.15,-1.33,6027.89,6739.185,673.9185,6.739185,0.06739185
600637.SH,600637,东方明珠,20040520,11.12,11.18,10.9,10.92,11.12,-0.2,-1.8,5040.7,5576.529,557.6529,5.576529000000001,0.05576529
600637.SH,600637,东方明珠,20040521,10.92,11.23,10.9,11.16,10.92,0.24,2.2,11414.79,12712.262,1271.2262,12.712262,0.12712262
600637.SH,600637,东方明珠,20040524,11.15,11.16,10.9,10.99,11.16,-0.17,-1.52,5218.39,5733.07,573.307,5.7330700000000006,0.0573307
600637.SH,600637,东方明珠,20040525,10.99,11.02,10.75,10.8,10.99,-0.19,-1.73,6496.63,7053.371,705.3371,7.053370999999999,0.07053371
600637.SH,600637,东方明珠,20040526,10.8,10.95,10.7,10.88,10.8,0.08,0.74,4408.32,4762.083,476.2083,4.762083,0.0476208299999999
600637.SH,600637,东方明珠,20040527,10.88,11.18,10.72,11.07,10.88,0.19,1.75,6620.97,7294.315,729.4314999999999,7.294314999999999,0.07294315
600637.SH,600637,东方明珠,20040531,11.05,11.1,10.85,10.99,11.07,-0.08,-0.72,4190.49,4598.614,459.8614,4.598614,0.0459861399999999
600637.SH,600637,东方明珠,20040601,11.0,11.23,10.99,11.19,10.99,0.2,1.82,8684.04,9671.217,967.1217,9.671217,0.09671217
600637.SH,600637,东方明珠,20040602,11.25,11.29,11.16,11.21,11.19,0.02,0.18,10776.65,12088.813,1208.8813,12.088813,0.12088813
600637.SH,600637,东方明珠,20040603,11.2,11.2,10.81,10.9,11.21,-0.31,-2.77,7107.17,7756.538,775.6537999999999,7.756537999999999,0.0775653799999999
600637.SH,600637,东方明珠,20040604,10.9,11.1,10.75,10.91,10.9,0.01,0.09,4890.75,5328.662,532.8662,5.3286620000000005,0.05328662
600637.SH,600637,东方明珠,20040607,10.88,10.88,10.65,10.73,10.91,-0.18,-1.65,6442.32,6904.528,690.4528,6.904528,0.06904528
600637.SH,600637,东方明珠,20040608,10.66,10.8,10.55,10.57,10.73,-0.16,-1.49,5133.2,5455.907,545.5907,5.455907,0.05455907
600637.SH,600637,东方明珠,20040609,10.57,10.7,10.01,10.08,10.57,-0.49,-4.64,13079.59,13436.793,1343.6793,13.436793,0.13436793
600637.SH,600637,东方明珠,20040610,10.13,10.16,9.89,9.96,10.08,-0.12,-1.19,8485.21,8487.662,848.7662,8.487662,0.08487662
600637.SH,600637,东方明珠,20040611,10.0,10.28,9.95,9.96,9.96,0.0,0.0,4928.77,4978.856,497.8856,4.978856,0.0497885599999999
600637.SH,600637,东方明珠,20040614,9.96,9.96,9.45,9.56,9.96,-0.4,-4.02,5906.83,5682.35,568.235,5.6823500000000005,0.0568235
600637.SH,600637,东方明珠,20040615,9.5,9.7,9.21,9.54,9.56,-0.02,-0.21,8503.92,8016.699,801.6699,8.016699,0.08016699
600637.SH,600637,东方明珠,20040616,9.6,9.6,9.36,9.41,9.54,-0.13,-1.36,8801.44,8304.132,830.4132,8.304132,0.0830413199999999
600637.SH,600637,东方明珠,20040617,9.43,9.51,9.3,9.3,9.41,-0.11,-1.17,4319.19,4048.166,404.8166,4.048166,0.04048166
600637.SH,600637,东方明珠,20040618,9.31,9.56,9.24,9.35,9.3,0.05,0.54,4565.9,4281.633,428.1633,4.281633,0.04281633
600637.SH,600637,东方明珠,20040621,9.29,9.49,9.27,9.49,9.35,0.14,1.5,2943.52,2766.859,276.6859,2.766859,0.02766859
600637.SH,600637,东方明珠,20040622,9.54,9.79,9.4,9.66,9.49,0.17,1.79,8592.0,8278.893,827.8893,8.278893,0.08278893
600637.SH,600637,东方明珠,20040623,9.61,9.61,9.45,9.57,9.66,-0.09,-0.93,3299.06,3133.57,313.357,3.13357,0.0313357
600637.SH,600637,东方明珠,20040624,9.55,9.65,9.31,9.31,9.57,-0.26,-2.72,3006.2,2854.262,285.4262,2.854262,0.0285426199999999
600637.SH,600637,东方明珠,20040625,9.3,9.34,8.94,8.97,9.31,-0.34,-3.65,7127.9,6484.937,648.4937,6.484937,0.0648493699999999
600637.SH,600637,东方明珠,20040628,8.87,9.04,8.8,8.85,8.97,-0.12,-1.34,5039.42,4486.81,448.681,4.48681,0.0448681
600637.SH,600637,东方明珠,20040629,8.85,9.04,8.65,8.98,8.85,0.13,1.47,4240.82,3748.128,374.8128,3.748128,0.03748128
600637.SH,600637,东方明珠,20040630,8.95,9.0,8.81,8.84,8.98,-0.14,-1.56,2375.55,2115.184,211.5184,2.115184,0.02115184
600637.SH,600637,东方明珠,20040701,8.86,9.24,8.86,9.18,8.84,0.34,3.85,6319.54,5748.621,574.8621,5.748621000000001,0.05748621
600637.SH,600637,东方明珠,20040702,9.22,9.22,9.07,9.1,9.18,-0.08,-0.87,3972.7,3630.738,363.0738,3.630738,0.03630738
600637.SH,600637,东方明珠,20040705,9.1,9.21,9.01,9.15,9.1,0.05,0.55,2270.18,2067.031,206.7031,2.067031,0.02067031
600637.SH,600637,东方明珠,20040706,9.18,9.35,9.12,9.13,9.15,-0.02,-0.22,6429.01,5932.954,593.2954,5.932954,0.0593295399999999
600637.SH,600637,东方明珠,20040707,9.13,9.13,8.93,8.95,9.13,-0.18,-1.97,3374.5,3041.127,304.1127,3.0411270000000004,0.03041127
600637.SH,600637,东方明珠,20040708,8.98,9.0,8.87,8.93,8.95,-0.02,-0.22,2131.05,1902.871,190.2871,1.902871,0.01902871
600637.SH,600637,东方明珠,20040709,8.92,9.09,8.92,8.96,8.93,0.03,0.34,2234.45,2010.256,201.0256,2.010256,0.02010256
600637.SH,600637,东方明珠,20040712,8.83,8.83,8.66,8.69,8.96,-0.27,-3.01,3499.18,3049.757,304.9757,3.049757,0.03049757
600637.SH,600637,东方明珠,20040713,8.69,8.76,8.67,8.73,8.69,0.04,0.46,2209.42,1923.302,192.3302,1.923302,0.01923302
600637.SH,600637,东方明珠,20040714,8.8,8.85,8.56,8.72,8.73,-0.01,-0.11,3893.78,3392.281,339.2281,3.392281,0.03392281
600637.SH,600637,东方明珠,20040715,8.85,8.92,8.73,8.75,8.72,0.03,0.34,4757.2,4180.499,418.0499,4.180499,0.04180499
600637.SH,600637,东方明珠,20040716,8.8,9.17,8.8,9.09,8.75,0.34,3.89,14166.81,12789.072,1278.9072,12.789072,0.12789072
600637.SH,600637,东方明珠,20040719,9.06,9.07,8.91,8.99,8.99,0.0,0.0,6868.47,6172.391,617.2391,6.172391,0.06172391
600637.SH,600637,东方明珠,20040720,9.0,9.01,8.82,8.93,8.99,-0.06,-0.67,5496.1,4895.22,489.5220000000001,4.89522,0.0489522
600637.SH,600637,东方明珠,20040721,8.93,9.11,8.87,9.11,8.93,0.18,2.02,5786.44,5221.921,522.1921,5.221921,0.05221921
600637.SH,600637,东方明珠,20040722,9.16,9.38,9.04,9.11,9.11,0.0,0.0,21361.66,19721.21,1972.121,19.72121,0.1972121
600637.SH,600637,东方明珠,20040723,9.08,9.25,8.92,9.24,9.11,0.13,1.43,7139.69,6497.702,649.7702,6.497702,0.06497702
600637.SH,600637,东方明珠,20040726,9.15,9.18,8.97,9.06,9.24,-0.18,-1.95,6576.2,5951.209,595.1209,5.951209,0.05951209
600637.SH,600637,东方明珠,20040727,9.05,9.4,8.97,9.2,9.06,0.14,1.55,11239.57,10326.807,1032.6807,10.326807,0.10326807
600637.SH,600637,东方明珠,20040728,9.18,9.36,9.16,9.3,9.2,0.1,1.09,12728.92,11818.347,1181.8347,11.818347,0.11818347
600637.SH,600637,东方明珠,20040729,9.3,9.44,9.22,9.43,9.3,0.13,1.4,15222.34,14249.251,1424.9251,14.249251,0.14249251
600637.SH,600637,东方明珠,20040730,9.44,9.48,9.15,9.18,9.43,-0.25,-2.65,7341.3,6824.499,682.4499,6.824498999999999,0.0682449899999999
600637.SH,600637,东方明珠,20040802,9.16,9.35,9.05,9.32,9.18,0.14,1.53,6518.29,6029.316,602.9316,6.029316,0.06029316
600637.SH,600637,东方明珠,20040803,9.36,9.55,9.29,9.46,9.32,0.14,1.5,22726.78,21488.844,2148.8844,21.488844,0.21488844
600637.SH,600637,东方明珠,20040804,9.5,9.74,9.45,9.64,9.46,0.18,1.9,25087.3,24119.304,2411.9304,24.119304000000003,0.24119304
600637.SH,600637,东方明珠,20040805,9.64,9.67,9.46,9.49,9.64,-0.15,-1.56,11110.06,10617.057,1061.7057,10.617057,0.1061705699999999
600637.SH,600637,东方明珠,20040806,9.51,9.76,9.36,9.45,9.49,-0.04,-0.42,11503.67,10990.242,1099.0242,10.990242,0.10990242
600637.SH,600637,东方明珠,20040809,9.4,9.61,9.4,9.57,9.45,0.12,1.27,7700.4,7351.299,735.1299,7.351299,0.07351299
600637.SH,600637,东方明珠,20040810,9.66,9.72,9.52,9.59,9.57,0.02,0.21,5061.41,4867.375,486.7375,4.867375,0.04867375
600637.SH,600637,东方明珠,20040811,9.55,9.55,9.3,9.4,9.59,-0.19,-1.98,7210.56,6766.973,676.6973,6.766973,0.06766973
600637.SH,600637,东方明珠,20040812,9.27,9.38,9.16,9.27,9.4,-0.13,-1.38,6949.07,6411.165,641.1165,6.411165,0.0641116499999999
600637.SH,600637,东方明珠,20040813,9.25,9.38,9.22,9.3,9.27,0.03,0.32,3588.8,3336.913,333.6913,3.336913,0.03336913
600637.SH,600637,东方明珠,20040816,9.28,9.34,9.15,9.18,9.3,-0.12,-1.29,4950.76,4564.748,456.4748,4.564748,0.04564748
600637.SH,600637,东方明珠,20040817,9.14,9.29,9.1,9.16,9.18,-0.02,-0.22,4385.19,4021.61,402.161,4.02161,0.0402161
600637.SH,600637,东方明珠,20040818,9.14,9.3,9.1,9.11,9.16,-0.05,-0.55,4493.3,4129.894,412.9894000000001,4.129894,0.04129894
600637.SH,600637,东方明珠,20040819,9.11,9.11,8.4,8.52,9.11,-0.59,-6.48,16416.61,14145.639,1414.5639,14.145639,0.14145639
600637.SH,600637,东方明珠,20040820,8.01,8.05,7.67,7.75,8.52,-0.77,-9.04,21621.52,16923.623,1692.3623,16.923623,0.16923623
600637.SH,600637,东方明珠,20040823,7.7,7.78,7.57,7.65,7.75,-0.1,-1.29,8956.07,6854.626,685.4626000000001,6.8546260000000006,0.06854626
600637.SH,600637,东方明珠,20040824,7.65,7.94,7.6,7.79,7.65,0.14,1.83,6640.69,5181.831,518.1831,5.181831,0.05181831
600637.SH,600637,东方明珠,20040825,7.72,7.82,7.7,7.75,7.79,-0.04,-0.51,4625.48,3585.767,358.5767,3.585767,0.0358576699999999
600637.SH,600637,东方明珠,20040826,7.71,7.72,7.4,7.43,7.75,-0.32,-4.13,7902.78,5916.44,591.644,5.91644,0.0591644
600637.SH,600637,东方明珠,20040827,7.41,7.53,7.4,7.42,7.43,-0.01,-0.13,3516.3,2619.341,261.9341,2.619341,0.02619341
600637.SH,600637,东方明珠,20040830,7.4,7.57,7.36,7.55,7.42,0.13,1.75,2379.45,1781.208,178.1208,1.781208,0.01781208
600637.SH,600637,东方明珠,20040831,7.7,7.86,7.65,7.7,7.55,0.15,1.99,5162.23,3994.285,399.4285,3.994285,0.0399428499999999
600637.SH,600637,东方明珠,20040901,7.61,7.62,7.56,7.56,7.7,-0.14,-1.82,2088.9,1584.892,158.4892,1.5848920000000002,0.01584892
600637.SH,600637,东方明珠,20040902,7.51,7.68,7.42,7.6,7.56,0.04,0.53,2924.47,2199.287,219.9287,2.199287,0.02199287
600637.SH,600637,东方明珠,20040903,7.61,7.61,7.46,7.5,7.6,-0.1,-1.32,3692.01,2782.406,278.2406,2.782406,0.0278240599999999
600637.SH,600637,东方明珠,20040906,7.46,7.61,7.46,7.52,7.5,0.02,0.27,1978.07,1484.378,148.43779999999998,1.4843779999999998,0.0148437799999999
600637.SH,600637,东方明珠,20040907,7.5,7.57,7.43,7.54,7.52,0.02,0.27,1556.2,1166.089,116.6089,1.166089,0.01166089
600637.SH,600637,东方明珠,20040908,7.51,7.58,7.46,7.58,7.54,0.04,0.53,2833.16,2130.903,213.0903,2.130903,0.02130903
600637.SH,600637,东方明珠,20040909,7.58,7.58,7.4,7.42,7.58,-0.16,-2.11,2942.2,2196.125,219.6125,2.1961250000000003,0.02196125
600637.SH,600637,东方明珠,20040910,7.4,7.4,7.1,7.3,7.42,-0.12,-1.62,8078.27,5812.383,581.2383,5.812383,0.0581238299999999
600637.SH,600637,东方明珠,20040913,7.3,7.3,6.88,7.0,7.3,-0.3,-4.11,7981.97,5594.115,559.4114999999999,5.594115,0.0559411499999999
600637.SH,600637,东方明珠,20040914,7.01,7.48,7.01,7.17,7.0,0.17,2.43,8336.43,6023.792,602.3792000000001,6.023792000000001,0.06023792
600637.SH,600637,东方明珠,20040915,7.21,7.75,7.17,7.61,7.17,0.44,6.14,19610.8,14790.101,1479.0101,14.790101,0.14790101
600637.SH,600637,东方明珠,20040916,7.65,7.7,7.5,7.63,7.61,0.02,0.26,17438.64,13255.311,1325.5311,13.255311,0.13255311
600637.SH,600637,东方明珠,20040917,7.63,7.97,7.61,7.95,7.63,0.32,4.19,30846.21,24156.139,2415.6139,24.156139,0.24156139
600637.SH,600637,东方明珠,20040920,8.08,8.42,8.08,8.42,7.95,0.47,5.91,54383.17,44888.222,4488.8222000000005,44.888222000000006,0.44888222
600637.SH,600637,东方明珠,20040921,8.42,8.56,8.2,8.3,8.42,-0.12,-1.43,37745.58,31639.253,3163.9253,31.639253,0.31639253
600637.SH,600637,东方明珠,20040922,8.23,8.32,7.97,7.98,8.3,-0.32,-3.86,21747.6,17695.992,1769.5992,17.695992,0.17695992
600637.SH,600637,东方明珠,20040923,7.98,8.2,7.91,8.2,7.98,0.22,2.76,20274.96,16310.359,1631.0359,16.310359000000002,0.16310359
600637.SH,600637,东方明珠,20040924,8.22,8.52,7.98,7.99,8.2,-0.21,-2.56,43320.95,36083.888,3608.3888,36.083888,0.36083888
600637.SH,600637,东方明珠,20040927,8.05,8.3,7.65,7.74,7.99,-0.25,-3.13,22063.17,17384.42,1738.4419999999998,17.38442,0.1738441999999999
600637.SH,600637,东方明珠,20040928,7.73,7.84,7.65,7.71,7.74,-0.03,-0.39,9692.2,7492.263,749.2263,7.492263,0.07492263
600637.SH,600637,东方明珠,20040929,7.75,7.9,7.65,7.67,7.71,-0.04,-0.52,6768.74,5245.347,524.5346999999999,5.245346999999999,0.0524534699999999
600637.SH,600637,东方明珠,20040930,7.68,7.75,7.31,7.38,7.67,-0.29,-3.78,13355.91,9969.177,996.9177,9.969177,0.09969177
600637.SH,600637,东方明珠,20041008,7.4,7.65,7.3,7.63,7.38,0.25,3.39,7128.95,5291.561,529.1560999999999,5.291560999999999,0.0529156099999999
600637.SH,600637,东方明珠,20041011,7.63,8.07,7.56,7.79,7.63,0.16,2.1,31696.17,24786.643,2478.6643,24.786643,0.2478664299999999
600637.SH,600637,东方明珠,20041012,7.75,7.88,7.73,7.77,7.79,-0.02,-0.26,10886.88,8485.693,848.5692999999999,8.485693,0.08485693
600637.SH,600637,东方明珠,20041013,7.75,8.18,7.75,8.11,7.77,0.34,4.38,35408.8,28331.896,2833.1896,28.331896,0.28331896
600637.SH,600637,东方明珠,20041014,8.11,8.15,7.4,7.41,8.11,-0.7,-8.63,18742.61,14519.651,1451.9651,14.519651,0.14519651
600637.SH,600637,东方明珠,20041015,7.45,7.78,7.26,7.59,7.41,0.18,2.43,20148.92,15205.405,1520.5405,15.205405,0.15205405
600637.SH,600637,东方明珠,20041018,7.59,7.9,7.39,7.89,7.59,0.3,3.95,32060.58,24826.676,2482.6676,24.826676,0.24826676
600637.SH,600637,东方明珠,20041019,8.01,8.09,7.8,7.81,7.89,-0.08,-1.01,26191.13,20853.299,2085.3299,20.853299,0.2085329899999999
600637.SH,600637,东方明珠,20041020,7.8,8.13,7.6,8.12,7.81,0.31,3.97,63489.16,50629.625,5062.9625,50.629625,0.50629625
600637.SH,600637,东方明珠,20041021,8.13,8.35,8.02,8.08,8.12,-0.04,-0.49,64403.81,52793.771,5279.3771,52.793771,0.52793771
600637.SH,600637,东方明珠,20041022,8.09,8.42,7.94,8.29,8.08,0.21,2.6,50618.77,41739.329,4173.9329,41.739329,0.41739329
600637.SH,600637,东方明珠,20041025,8.31,8.37,8.02,8.04,8.29,-0.25,-3.02,23952.14,19566.509,1956.6509,19.566509,0.1956650899999999
600637.SH,600637,东方明珠,20041026,8.0,8.01,7.32,7.63,8.04,-0.41,-5.1,33466.0,25550.761,2555.0761,25.550761,0.25550761
600637.SH,600637,东方明珠,20041027,7.63,7.73,7.37,7.71,7.63,0.08,1.05,16580.09,12549.155,1254.9155,12.549155,0.12549155
600637.SH,600637,东方明珠,20041028,7.7,7.91,7.61,7.73,7.71,0.02,0.26,15426.7,12020.786,1202.0786,12.020786,0.12020786
600637.SH,600637,东方明珠,20041029,7.62,7.85,7.43,7.58,7.73,-0.15,-1.94,11530.89,8813.339,881.3339,8.813339,0.0881333899999999
600637.SH,600637,东方明珠,20041101,7.58,7.65,7.35,7.36,7.58,-0.22,-2.9,8745.98,6515.508,651.5508,6.515508,0.0651550799999999
600637.SH,600637,东方明珠,20041102,7.35,7.76,7.33,7.56,7.36,0.2,2.72,11169.94,8481.044,848.1043999999999,8.481043999999999,0.0848104399999999
600637.SH,600637,东方明珠,20041103,7.58,7.78,7.55,7.72,7.56,0.16,2.12,8645.1,6633.017,663.3017,6.633017,0.06633017
600637.SH,600637,东方明珠,20041104,7.73,7.77,7.4,7.58,7.72,-0.14,-1.81,6992.5,5316.052,531.6052,5.316052,0.05316052
600637.SH,600637,东方明珠,20041105,7.57,7.68,7.48,7.55,7.58,-0.03,-0.4,4004.94,3035.215,303.5215,3.035215,0.03035215
600637.SH,600637,东方明珠,20041108,7.55,7.55,7.4,7.49,7.55,-0.06,-0.79,3775.32,2820.786,282.0786,2.820786,0.02820786
600637.SH,600637,东方明珠,20041109,7.49,7.6,7.45,7.52,7.49,0.03,0.4,2431.24,1826.472,182.6472,1.826472,0.0182647199999999
600637.SH,600637,东方明珠,20041110,7.58,7.91,7.52,7.71,7.52,0.19,2.53,50761.06,39480.602,3948.0602,39.480602,0.39480602
600637.SH,600637,东方明珠,20041111,7.83,8.48,7.79,8.47,7.71,0.76,9.86,190185.17,159033.293,15903.3293,159.033293,1.5903329300000002
600637.SH,600637,东方明珠,20041112,8.36,8.43,8.2,8.23,8.47,-0.24,-2.83,108337.06,90086.976,9008.6976,90.086976,0.90086976
600637.SH,600637,东方明珠,20041115,8.23,8.6,8.23,8.45,8.23,0.22,2.67,77255.9,64949.487,6494.9487,64.949487,0.6494948700000001
600637.SH,600637,东方明珠,20041116,8.5,8.54,8.27,8.38,8.45,-0.07,-0.83,38168.97,31878.611,3187.8611,31.878611,0.31878611
600637.SH,600637,东方明珠,20041117,8.37,8.49,8.32,8.39,8.38,0.01,0.12,32743.07,27449.282,2744.9282,27.449282,0.2744928199999999
600637.SH,600637,东方明珠,20041118,8.39,8.54,8.35,8.49,8.39,0.1,1.19,28929.05,24442.424,2444.2424,24.442424000000003,0.24442424
600637.SH,600637,东方明珠,20041119,8.56,8.59,8.3,8.5,8.49,0.01,0.12,47644.73,40385.449,4038.5449,40.385449,0.40385449
600637.SH,600637,东方明珠,20041122,8.55,8.72,8.51,8.58,8.5,0.08,0.94,60378.45,52059.999,5205.999900000001,52.059999000000005,0.52059999
600637.SH,600637,东方明珠,20041123,8.62,8.82,8.58,8.63,8.58,0.05,0.58,59823.66,52005.237,5200.5237,52.005237,0.5200523699999999
600637.SH,600637,东方明珠,20041124,8.63,8.68,8.25,8.26,8.63,-0.37,-4.29,42685.51,35887.157,3588.7157,35.887156999999995,0.35887157
600637.SH,600637,东方明珠,20041125,8.27,8.34,8.18,8.2,8.26,-0.06,-0.73,23870.38,19694.498,1969.4498,19.694498,0.19694498
600637.SH,600637,东方明珠,20041126,8.23,8.33,8.2,8.22,8.2,0.02,0.24,9856.51,8143.691,814.3691,8.143691,0.08143691
600637.SH,600637,东方明珠,20041129,8.22,8.25,8.06,8.09,8.22,-0.13,-1.58,10832.91,8826.988,882.6987999999999,8.826987999999998,0.0882698799999999
600637.SH,600637,东方明珠,20041130,8.18,8.38,8.15,8.3,8.09,0.21,2.6,14651.78,12145.72,1214.572,12.14572,0.1214571999999999
600637.SH,600637,东方明珠,20041201,8.32,8.54,8.23,8.35,8.3,0.05,0.6,33563.29,28324.577,2832.4577,28.324577,0.2832457699999999
600637.SH,600637,东方明珠,20041202,8.35,8.67,8.25,8.64,8.35,0.29,3.47,40603.22,34611.799,3461.1799,34.611799,0.34611799
600637.SH,600637,东方明珠,20041203,8.65,8.69,8.42,8.45,8.64,-0.19,-2.2,33226.53,28432.311,2843.2311,28.432311,0.28432311
600637.SH,600637,东方明珠,20041206,8.48,8.64,8.46,8.52,8.45,0.07,0.83,15881.33,13596.548,1359.6548,13.596548,0.13596548
600637.SH,600637,东方明珠,20041207,8.53,8.6,8.15,8.16,8.52,-0.36,-4.23,22759.03,18845.846,1884.5846,18.845846,0.18845846
600637.SH,600637,东方明珠,20041208,8.22,8.32,8.13,8.19,8.16,0.03,0.37,8998.94,7404.555,740.4555,7.404555,0.07404555
600637.SH,600637,东方明珠,20041209,8.22,8.36,8.11,8.24,8.19,0.05,0.61,13828.4,11374.157,1137.4157,11.374157,0.11374157
600637.SH,600637,东方明珠,20041210,8.2,8.25,7.73,7.74,8.24,-0.5,-6.07,29887.23,23519.011,2351.9011,23.519011,0.2351901099999999
600637.SH,600637,东方明珠,20041213,7.74,7.84,7.63,7.7,7.74,-0.04,-0.52,8900.42,6870.781,687.0781,6.870780999999999,0.06870781
600637.SH,600637,东方明珠,20041214,7.66,7.68,7.35,7.45,7.7,-0.25,-3.25,35927.99,26757.827,2675.7827,26.757827,0.26757827
600637.SH,600637,东方明珠,20041215,7.45,7.5,7.24,7.37,7.45,-0.08,-1.07,14482.32,10620.151,1062.0151,10.620151,0.10620151
600637.SH,600637,东方明珠,20041216,7.4,7.48,7.29,7.3,7.37,-0.07,-0.95,6898.63,5083.361,508.3361,5.083361,0.05083361
600637.SH,600637,东方明珠,20041217,7.29,7.39,7.28,7.3,7.3,0.0,0.0,5876.76,4299.079,429.9079,4.299079,0.04299079
600637.SH,600637,东方明珠,20041220,7.28,7.28,7.08,7.13,7.3,-0.17,-2.33,7801.6,5577.74,557.774,5.57774,0.0557774
600637.SH,600637,东方明珠,20041221,7.15,7.26,7.14,7.2,7.13,0.07,0.98,4781.4,3435.515,343.5515,3.435515,0.0343551499999999
600637.SH,600637,东方明珠,20041222,7.26,7.54,7.2,7.53,7.2,0.33,4.58,15191.85,11303.994,1130.3994,11.303994,0.1130399399999999
600637.SH,600637,东方明珠,20041223,7.55,7.55,7.26,7.28,7.53,-0.25,-3.32,6390.07,4715.405,471.5405,4.715405,0.0471540499999999
600637.SH,600637,东方明珠,20041224,7.27,7.53,7.27,7.35,7.28,0.07,0.96,7004.48,5198.944,519.8944,5.198944,0.05198944
600637.SH,600637,东方明珠,20041227,7.32,7.32,7.09,7.16,7.35,-0.19,-2.59,6137.6,4407.732,440.7732,4.407731999999999,0.0440773199999999
600637.SH,600637,东方明珠,20041228,7.12,7.27,7.08,7.16,7.16,0.0,0.0,6274.21,4490.393,449.0393,4.490393,0.04490393
600637.SH,600637,东方明珠,20041229,7.16,7.26,7.1,7.12,7.16,-0.04,-0.56,5876.69,4207.346,420.7346,4.207345999999999,0.0420734599999999
600637.SH,600637,东方明珠,20041230,7.15,7.2,7.06,7.11,7.12,-0.01,-0.14,5835.45,4151.523,415.1523,4.151523,0.04151523
600637.SH,600637,东方明珠,20041231,7.15,7.2,6.89,6.91,7.11,-0.2,-2.81,11479.24,8037.615,803.7615,8.037614999999999,0.08037615
600637.SH,600637,东方明珠,20050104,6.9,6.91,6.72,6.76,6.91,-0.15,-2.17,6656.73,4531.595,453.1595,4.531595,0.04531595
600637.SH,600637,东方明珠,20050105,6.78,7.12,6.77,7.0,6.76,0.24,3.55,8407.77,5871.052,587.1052,5.871052,0.0587105199999999
600637.SH,600637,东方明珠,20050106,7.05,7.08,6.92,6.94,7.0,-0.06,-0.86,4358.1,3040.345,304.0345,3.040345,0.03040345
600637.SH,600637,东方明珠,20050107,6.94,7.2,6.88,7.05,6.94,0.11,1.59,8385.77,5915.382,591.5382,5.915381999999999,0.0591538199999999
600637.SH,600637,东方明珠,20050110,7.05,7.24,7.05,7.23,7.05,0.18,2.55,13087.39,9415.841,941.5841,9.415841,0.09415841
600637.SH,600637,东方明珠,20050111,7.22,7.27,7.09,7.19,7.23,-0.04,-0.55,5810.4,4169.449,416.9449,4.169448999999999,0.0416944899999999
600637.SH,600637,东方明珠,20050112,7.17,7.17,6.95,7.04,7.19,-0.15,-2.09,9576.1,6745.319,674.5319000000001,6.745319,0.06745319
600637.SH,600637,东方明珠,20050113,7.05,7.21,7.0,7.15,7.04,0.11,1.56,12751.61,9099.474,909.9474,9.099474,0.09099474
600637.SH,600637,东方明珠,20050114,7.21,7.26,6.97,6.99,7.15,-0.16,-2.24,10127.0,7230.795,723.0795,7.230795,0.07230795
600637.SH,600637,东方明珠,20050117,6.86,6.9,6.7,6.74,6.99,-0.25,-3.58,10287.21,6990.732,699.0732,6.990732,0.06990732
600637.SH,600637,东方明珠,20050118,6.74,6.91,6.74,6.89,6.74,0.15,2.23,8738.1,5973.47,597.347,5.97347,0.0597347
600637.SH,600637,东方明珠,20050119,6.89,6.89,6.75,6.79,6.89,-0.1,-1.45,4986.27,3393.018,339.3018,3.393018,0.03393018
600637.SH,600637,东方明珠,20050120,6.7,6.99,6.65,6.88,6.79,0.09,1.33,14571.22,10043.053,1004.3053,10.043053,0.10043053
600637.SH,600637,东方明珠,20050121,6.77,6.9,6.33,6.8,6.88,-0.08,-1.16,15805.35,10601.581,1060.1581,10.601581,0.10601581
600637.SH,600637,东方明珠,20050124,7.0,7.1,6.83,6.91,6.8,0.11,1.62,15225.88,10546.045,1054.6045,10.546045,0.10546045
600637.SH,600637,东方明珠,20050125,6.9,6.93,6.75,6.79,6.91,-0.12,-1.74,7971.29,5419.864,541.9864,5.4198640000000005,0.05419864
600637.SH,600637,东方明珠,20050126,6.76,6.82,6.52,6.55,6.79,-0.24,-3.53,13113.91,8692.885,869.2885,8.692885,0.08692885
600637.SH,600637,东方明珠,20050127,6.52,6.53,6.36,6.37,6.55,-0.18,-2.75,10426.07,6701.083,670.1083,6.701083,0.06701083
600637.SH,600637,东方明珠,20050128,6.33,6.43,6.22,6.24,6.37,-0.13,-2.04,8452.69,5333.728,533.3728,5.333728,0.05333728
600637.SH,600637,东方明珠,20050131,6.23,6.23,5.82,5.84,6.24,-0.4,-6.41,16424.54,9703.814,970.3814,9.703814,0.09703814
600637.SH,600637,东方明珠,20050201,5.85,5.95,5.78,5.81,5.84,-0.03,-0.51,9604.48,5625.167,562.5167,5.625167,0.05625167
600637.SH,600637,东方明珠,20050202,5.81,6.3,5.81,6.24,5.81,0.43,7.4,22774.77,13797.453,1379.7453,13.797453,0.13797453
600637.SH,600637,东方明珠,20050203,6.21,6.24,6.0,6.01,6.24,-0.23,-3.69,13985.96,8585.929,858.5929,8.585929,0.08585929
600637.SH,600637,东方明珠,20050204,6.01,6.18,5.96,6.11,6.01,0.1,1.66,12464.42,7571.063,757.1063,7.571063,0.07571063
600637.SH,600637,东方明珠,20050216,6.18,6.26,6.11,6.15,6.11,0.04,0.65,14685.71,9074.03,907.403,9.07403,0.0907403
600637.SH,600637,东方明珠,20050217,6.14,6.37,6.08,6.37,6.15,0.22,3.58,19290.97,12052.651,1205.2651,12.052651,0.12052651
600637.SH,600637,东方明珠,20050218,6.33,6.35,6.18,6.19,6.37,-0.18,-2.83,8675.52,5415.858,541.5858000000001,5.415858000000001,0.05415858
600637.SH,600637,东方明珠,20050221,6.19,6.29,6.16,6.29,6.19,0.1,1.62,7227.03,4513.386,451.3386,4.513386000000001,0.04513386
600637.SH,600637,东方明珠,20050222,6.29,6.5,6.28,6.44,6.29,0.15,2.38,22258.71,14258.521,1425.8521,14.258521,0.14258521
600637.SH,600637,东方明珠,20050223,6.46,6.58,6.38,6.51,6.44,0.07,1.09,21200.25,13748.66,1374.866,13.74866,0.1374866
600637.SH,600637,东方明珠,20050224,6.66,6.84,6.53,6.7,6.51,0.19,2.92,43865.22,29373.758,2937.3758000000003,29.373758,0.29373758
600637.SH,600637,东方明珠,20050225,6.75,7.08,6.75,6.9,6.7,0.2,2.99,67758.49,47178.976,4717.8976,47.178976000000006,0.47178976
600637.SH,600637,东方明珠,20050228,6.86,6.88,6.72,6.77,6.9,-0.13,-1.88,21142.31,14337.084,1433.7084,14.337084,0.14337084
600637.SH,600637,东方明珠,20050301,6.79,6.87,6.7,6.71,6.77,-0.06,-0.89,14320.41,9679.117,967.9117,9.679117,0.09679117
600637.SH,600637,东方明珠,20050302,6.71,6.79,6.58,6.6,6.71,-0.11,-1.64,12380.01,8252.598,825.2598,8.252598,0.08252598
600637.SH,600637,东方明珠,20050303,6.6,6.86,6.6,6.85,6.6,0.25,3.79,20118.64,13573.506,1357.3506,13.573506,0.13573506
600637.SH,600637,东方明珠,20050304,6.86,6.91,6.67,6.74,6.85,-0.11,-1.61,11261.78,7619.208,761.9208,7.619207999999999,0.07619208
600637.SH,600637,东方明珠,20050307,6.74,6.78,6.6,6.74,6.74,0.0,0.0,7301.64,4881.208,488.1208,4.881208,0.04881208
600637.SH,600637,东方明珠,20050308,6.77,6.86,6.73,6.86,6.74,0.12,1.78,16805.07,11447.016,1144.7016,11.447015999999998,0.1144701599999999
600637.SH,600637,东方明珠,20050309,6.92,6.96,6.77,6.85,6.86,-0.01,-0.15,12922.2,8855.23,885.5229999999999,8.855229999999999,0.0885522999999999
600637.SH,600637,东方明珠,20050310,6.88,6.88,6.61,6.66,6.85,-0.19,-2.77,12871.0,8631.573,863.1573000000001,8.631573000000001,0.08631573
600637.SH,600637,东方明珠,20050311,6.6,6.88,6.6,6.8,6.66,0.14,2.1,15194.08,10271.49,1027.149,10.271489999999998,0.1027148999999999
600637.SH,600637,东方明珠,20050314,6.88,6.97,6.75,6.91,6.8,0.11,1.62,31003.03,21363.198,2136.3198,21.363198,0.21363198
600637.SH,600637,东方明珠,20050315,6.91,6.91,6.66,6.67,6.91,-0.24,-3.47,12993.41,8795.194,879.5193999999999,8.795193999999999,0.0879519399999999
600637.SH,600637,东方明珠,20050316,6.65,6.82,6.49,6.5,6.67,-0.17,-2.55,12749.83,8467.545,846.7545,8.467545,0.08467545
600637.SH,600637,东方明珠,20050317,6.47,6.59,6.13,6.17,6.5,-0.33,-5.08,19831.29,12586.036,1258.6036,12.586036,0.12586036
600637.SH,600637,东方明珠,20050318,6.18,6.25,5.98,6.03,6.17,-0.14,-2.27,13752.04,8369.043,836.9042999999999,8.369043,0.08369043
600637.SH,600637,东方明珠,20050321,6.0,6.1,5.95,6.0,6.03,-0.03,-0.5,7971.85,4812.187,481.2187,4.812187,0.04812187
600637.SH,600637,东方明珠,20050322,5.9,5.99,5.8,5.87,6.0,-0.13,-2.17,9885.49,5825.768,582.5768,5.825768,0.05825768
600637.SH,600637,东方明珠,20050323,5.87,5.99,5.68,5.85,5.87,-0.02,-0.34,11801.63,6911.572,691.1572,6.911572,0.0691157199999999
600637.SH,600637,东方明珠,20050324,5.85,6.13,5.82,6.12,5.85,0.27,4.62,14670.5,8796.216,879.6216000000001,8.796216000000001,0.08796216
600637.SH,600637,东方明珠,20050325,6.1,6.12,5.98,6.03,6.12,-0.09,-1.47,10241.28,6193.313,619.3313,6.193313000000001,0.06193313
600637.SH,600637,东方明珠,20050328,5.96,6.0,5.7,5.83,6.03,-0.2,-3.32,11480.08,6658.103,665.8103,6.658103,0.06658103
600637.SH,600637,东方明珠,20050329,5.86,5.9,5.76,5.78,5.83,-0.05,-0.86,5338.28,3111.909,311.1909,3.111909,0.03111909
600637.SH,600637,东方明珠,20050330,5.7,5.81,5.7,5.72,5.78,-0.06,-1.04,5937.65,3411.916,341.1916,3.411916,0.0341191599999999
600637.SH,600637,东方明珠,20050331,5.6,5.76,5.6,5.74,5.72,0.02,0.35,4528.83,2579.753,257.9753,2.579753,0.02579753
600637.SH,600637,东方明珠,20050401,5.76,6.05,5.66,5.99,5.74,0.25,4.36,11156.33,6562.313,656.2313,6.5623130000000005,0.06562313
600637.SH,600637,东方明珠,20050404,5.92,5.93,5.79,5.79,5.99,-0.2,-3.34,7285.77,4273.56,427.3560000000001,4.273560000000001,0.0427356
600637.SH,600637,东方明珠,20050405,5.79,5.85,5.48,5.49,5.79,-0.3,-5.18,10023.96,5655.19,565.519,5.65519,0.0565519
600637.SH,600637,东方明珠,20050406,5.54,5.54,5.13,5.38,5.49,-0.11,-2.0,27045.14,14327.809,1432.7809,14.327809,0.14327809
600637.SH,600637,东方明珠,20050407,5.34,5.68,5.32,5.48,5.38,0.1,1.86,21578.83,11915.162,1191.5162,11.915162,0.11915162
600637.SH,600637,东方明珠,20050408,5.5,5.68,5.44,5.65,5.48,0.17,3.1,13399.15,7477.91,747.7909999999999,7.47791,0.0747791
600637.SH,600637,东方明珠,20050411,5.65,5.9,5.6,5.77,5.65,0.12,2.12,19695.01,11393.53,1139.353,11.39353,0.1139353
600637.SH,600637,东方明珠,20050412,5.8,5.89,5.58,5.58,5.77,-0.19,-3.29,13828.7,7903.274,790.3274,7.903274,0.0790327399999999
600637.SH,600637,东方明珠,20050413,5.63,5.86,5.63,5.8,5.58,0.22,3.94,16695.92,9635.035,963.5035,9.635035,0.09635035
600637.SH,600637,东方明珠,20050414,5.88,6.06,5.76,5.77,5.8,-0.03,-0.52,24077.57,14206.655,1420.6655,14.206655,0.14206655
600637.SH,600637,东方明珠,20050415,5.7,5.7,5.48,5.54,5.77,-0.23,-3.99,12580.2,7014.515,701.4515,7.014515,0.07014515
600637.SH,600637,东方明珠,20050418,5.5,5.5,5.27,5.31,5.54,-0.23,-4.15,11779.17,6276.892,627.6892,6.276892,0.06276892
600637.SH,600637,东方明珠,20050419,5.3,5.42,5.3,5.38,5.31,0.07,1.32,7362.83,3948.521,394.8521,3.948521,0.03948521
600637.SH,600637,东方明珠,20050420,5.38,5.38,5.03,5.13,5.38,-0.25,-4.65,12891.64,6691.687,669.1687,6.691686999999999,0.0669168699999999
600637.SH,600637,东方明珠,20050421,5.13,5.17,4.96,4.97,5.13,-0.16,-3.12,12893.55,6501.845,650.1845000000001,6.501845,0.06501845
600637.SH,600637,东方明珠,20050422,4.98,5.13,4.98,5.06,4.97,0.09,1.81,11815.85,5951.265,595.1265000000001,5.951265000000001,0.05951265
600637.SH,600637,东方明珠,20050425,5.12,5.12,4.9,4.99,5.06,-0.07,-1.38,10893.95,5417.388,541.7388,5.417388,0.05417388
600637.SH,600637,东方明珠,20050426,4.99,5.19,4.96,5.18,4.99,0.19,3.81,10986.01,5625.509,562.5509,5.625508999999999,0.0562550899999999
600637.SH,600637,东方明珠,20050427,5.18,5.25,4.9,4.91,5.18,-0.27,-5.21,10676.61,5372.912,537.2912,5.372912,0.05372912
600637.SH,600637,东方明珠,20050429,5.03,5.17,4.7,4.82,4.91,-0.09,-1.83,18012.86,9011.003,901.1003,9.011003,0.09011003
600637.SH,600637,东方明珠,20050509,5.3,5.3,4.75,4.78,4.82,-0.04,-0.83,8433.41,4156.068,415.6068,4.156068,0.04156068
600637.SH,600637,东方明珠,20050510,4.7,4.92,4.62,4.84,4.78,0.06,1.26,9526.58,4521.059,452.1059,4.521059,0.04521059
600637.SH,600637,东方明珠,20050511,4.8,4.89,4.75,4.85,4.84,0.01,0.21,5691.36,2742.27,274.227,2.7422699999999995,0.0274226999999999
600637.SH,600637,东方明珠,20050512,4.86,4.93,4.72,4.86,4.85,0.01,0.21,6049.65,2921.696,292.1696,2.921696,0.02921696
600637.SH,600637,东方明珠,20050513,4.83,5.01,4.82,4.94,4.86,0.08,1.65,10756.36,5290.847,529.0847,5.290847,0.05290847
600637.SH,600637,东方明珠,20050516,5.05,5.05,4.86,4.93,4.94,-0.01,-0.2,5883.0,2884.182,288.4182,2.884182,0.0288418199999999
600637.SH,600637,东方明珠,20050517,4.95,5.04,4.91,4.99,4.93,0.06,1.22,12019.72,5995.799,599.5799,5.995799,0.0599579899999999
600637.SH,600637,东方明珠,20050518,4.99,5.22,4.96,5.12,4.99,0.13,2.61,23960.87,12205.263,1220.5263,12.205263,0.12205263
600637.SH,600637,东方明珠,20050519,5.1,5.12,4.99,5.05,5.12,-0.07,-1.37,10869.84,5478.7,547.87,5.4787,0.054787
600637.SH,600637,东方明珠,20050520,5.0,5.06,4.85,4.88,5.05,-0.17,-3.37,11504.5,5694.988,569.4988000000001,5.694988,0.05694988
600637.SH,600637,东方明珠,20050523,4.87,4.87,4.55,4.58,4.88,-0.3,-6.15,15945.48,7416.073,741.6073,7.416073,0.07416073
600637.SH,600637,东方明珠,20050524,4.6,4.87,4.6,4.76,4.58,0.18,3.93,11779.68,5592.481,559.2481,5.592481,0.05592481
600637.SH,600637,东方明珠,20050525,4.76,4.84,4.7,4.74,4.76,-0.02,-0.42,6809.54,3240.643,324.0643,3.240643,0.03240643
600637.SH,600637,东方明珠,20050526,4.73,4.79,4.7,4.72,4.74,-0.02,-0.42,5581.79,2641.244,264.12440000000004,2.6412440000000004,0.02641244
600637.SH,600637,东方明珠,20050527,4.71,4.85,4.71,4.75,4.72,0.03,0.64,11732.69,5640.044,564.0044,5.6400440000000005,0.05640044
600637.SH,600637,东方明珠,20050530,4.75,4.84,4.72,4.83,4.75,0.08,1.68,4883.86,2342.601,234.2601,2.342601,0.02342601
600637.SH,600637,东方明珠,20050531,4.84,4.86,4.76,4.78,4.83,-0.05,-1.04,6280.57,3025.676,302.5676,3.025676,0.0302567599999999
600637.SH,600637,东方明珠,20050601,4.78,4.81,4.65,4.69,4.78,-0.09,-1.88,6405.46,3016.298,301.6298,3.016298,0.03016298
600637.SH,600637,东方明珠,20050602,4.66,4.77,4.66,4.71,4.69,0.02,0.43,4215.18,1985.609,198.5609,1.985609,0.01985609
600637.SH,600637,东方明珠,20050603,4.72,4.77,4.51,4.63,4.71,-0.08,-1.7,6080.79,2830.121,283.01210000000003,2.830121,0.02830121
600637.SH,600637,东方明珠,20050606,4.65,4.68,4.55,4.67,4.63,0.04,0.86,5767.91,2660.938,266.0938,2.660938,0.02660938
600637.SH,600637,东方明珠,20050607,4.24,4.45,4.24,4.29,4.25,0.04,0.94,9357.81,4064.757,406.4757,4.064757,0.04064757
600637.SH,600637,东方明珠,20050608,4.29,4.66,4.27,4.62,4.29,0.33,7.69,38476.16,17400.737,1740.0737,17.400737000000003,0.17400737
600637.SH,600637,东方明珠,20050609,4.62,4.82,4.58,4.78,4.62,0.16,3.46,46757.25,22077.748,2207.7748,22.077748,0.22077748
600637.SH,600637,东方明珠,20050610,4.78,5.02,4.62,4.89,4.78,0.11,2.3,60893.8,29628.617,2962.8617,29.628617,0.2962861699999999
600637.SH,600637,东方明珠,20050613,4.83,4.88,4.71,4.77,4.89,-0.12,-2.45,22794.31,10929.037,1092.9037,10.929037,0.10929037
600637.SH,600637,东方明珠,20050614,4.77,4.85,4.61,4.62,4.77,-0.15,-3.14,18221.65,8650.759,865.0759,8.650759,0.08650759
600637.SH,600637,东方明珠,20050615,4.61,4.64,4.46,4.48,4.62,-0.14,-3.03,11325.04,5151.251,515.1251,5.151250999999999,0.0515125099999999
600637.SH,600637,东方明珠,20050616,4.48,4.65,4.48,4.61,4.48,0.13,2.9,14104.36,6430.98,643.098,6.43098,0.0643098
600637.SH,600637,东方明珠,20050617,4.65,4.66,4.53,4.57,4.61,-0.04,-0.87,10059.05,4610.867,461.0867,4.610867,0.04610867
600637.SH,600637,东方明珠,20050620,4.53,4.72,4.36,4.71,4.57,0.14,3.06,19119.67,8727.585,872.7584999999999,8.727585,0.0872758499999999
600637.SH,600637,东方明珠,20050621,4.68,4.74,4.56,4.6,4.71,-0.11,-2.34,14172.18,6584.871,658.4871,6.584871000000001,0.06584871
600637.SH,600637,东方明珠,20050622,4.55,4.66,4.53,4.64,4.6,0.04,0.87,7831.6,3617.693,361.7693,3.617693000000001,0.03617693
600637.SH,600637,东方明珠,20050623,4.64,4.66,4.49,4.51,4.64,-0.13,-2.8,8963.56,4096.49,409.649,4.09649,0.0409649
600637.SH,600637,东方明珠,20050624,4.49,4.54,4.44,4.53,4.51,0.02,0.44,6124.01,2749.945,274.9945,2.7499450000000003,0.02749945
600637.SH,600637,东方明珠,20050627,4.6,4.73,4.58,4.65,4.53,0.12,2.65,19635.32,9171.69,917.169,9.171690000000002,0.0917169
600637.SH,600637,东方明珠,20050628,4.61,4.63,4.54,4.56,4.65,-0.09,-1.94,12055.98,5515.025,551.5024999999999,5.515025,0.05515025
600637.SH,600637,东方明珠,20050629,4.6,4.63,4.54,4.54,4.56,-0.02,-0.44,7825.3,3593.309,359.33090000000004,3.5933090000000005,0.03593309
600637.SH,600637,东方明珠,20050630,4.53,4.55,4.28,4.35,4.54,-0.19,-4.19,16747.69,7387.024,738.7024,7.387024,0.07387024
600637.SH,600637,东方明珠,20050701,4.35,4.35,4.08,4.13,4.35,-0.22,-5.06,14665.83,6192.206,619.2206,6.192206,0.0619220599999999
600637.SH,600637,东方明珠,20050704,4.08,4.08,3.8,3.93,4.13,-0.2,-4.84,15040.97,5875.592,587.5591999999999,5.875591999999999,0.0587559199999999
600637.SH,600637,东方明珠,20050705,3.93,3.98,3.89,3.91,3.93,-0.02,-0.51,5224.61,2053.744,205.3744,2.053744,0.02053744
600637.SH,600637,东方明珠,20050706,3.91,3.96,3.85,3.9,3.91,-0.01,-0.26,4567.98,1783.444,178.3444,1.783444,0.01783444
600637.SH,600637,东方明珠,20050707,3.88,3.95,3.87,3.89,3.9,-0.01,-0.26,3556.5,1387.16,138.716,1.3871600000000002,0.0138716
600637.SH,600637,东方明珠,20050708,3.89,3.89,3.56,3.66,3.89,-0.23,-5.91,13569.34,4974.331,497.4331,4.974331,0.04974331
600637.SH,600637,东方明珠,20050711,3.65,3.8,3.54,3.57,3.66,-0.09,-2.46,8863.24,3291.584,329.1584,3.291584,0.03291584
600637.SH,600637,东方明珠,20050712,3.55,3.81,3.51,3.74,3.57,0.17,4.76,9393.57,3480.572,348.0572,3.4805720000000004,0.03480572
600637.SH,600637,东方明珠,20050713,3.74,3.8,3.67,3.71,3.74,-0.03,-0.8,8003.52,2987.259,298.7259,2.9872590000000003,0.02987259
600637.SH,600637,东方明珠,20050714,3.71,3.84,3.71,3.74,3.71,0.03,0.81,9741.97,3685.031,368.5031,3.685031,0.03685031
600637.SH,600637,东方明珠,20050715,3.73,3.73,3.42,3.53,3.74,-0.21,-5.62,31452.16,11095.94,1109.594,11.09594,0.1109594
600637.SH,600637,东方明珠,20050718,3.56,3.57,3.38,3.41,3.53,-0.12,-3.4,24031.1,8363.648,836.3648,8.363648,0.08363648
600637.SH,600637,东方明珠,20050719,3.42,3.5,3.38,3.45,3.41,0.04,1.17,12326.24,4233.045,423.3045,4.233045000000001,0.04233045
600637.SH,600637,东方明珠,20050720,3.44,3.59,3.43,3.56,3.45,0.11,3.19,19333.74,6761.774,676.1774,6.761774,0.06761774
600637.SH,600637,东方明珠,20050721,3.59,3.71,3.43,3.66,3.56,0.1,2.81,42198.74,15059.133,1505.9133,15.059133,0.15059133
600637.SH,600637,东方明珠,20050722,3.65,3.83,3.59,3.74,3.66,0.08,2.19,41166.89,15355.12,1535.5120000000002,15.35512,0.1535512
600637.SH,600637,东方明珠,20050725,3.74,3.74,3.63,3.66,3.74,-0.08,-2.14,11425.26,4194.789,419.4789,4.194788999999999,0.0419478899999999
600637.SH,600637,东方明珠,20050726,3.63,3.76,3.63,3.72,3.66,0.06,1.64,22415.72,8334.684,833.4684,8.334684,0.0833468399999999
600637.SH,600637,东方明珠,20050727,3.72,3.91,3.72,3.9,3.72,0.18,4.84,31753.08,12094.955,1209.4955,12.094955,0.12094955
600637.SH,600637,东方明珠,20050728,3.84,3.9,3.78,3.79,3.9,-0.11,-2.82,26204.08,10022.61,1002.261,10.02261,0.1002261
600637.SH,600637,东方明珠,20050729,3.78,4.1,3.77,3.85,3.79,0.06,1.58,48183.47,18928.118,1892.8118,18.928118,0.1892811799999999
600637.SH,600637,东方明珠,20050801,3.85,3.89,3.78,3.83,3.85,-0.02,-0.52,15189.68,5823.672,582.3671999999999,5.823671999999999,0.0582367199999999
600637.SH,600637,东方明珠,20050802,3.85,3.91,3.78,3.9,3.83,0.07,1.83,19706.19,7581.847,758.1847,7.581847,0.07581847
600637.SH,600637,东方明珠,20050803,3.9,4.09,3.89,3.98,3.9,0.08,2.05,48883.76,19545.502,1954.5502,19.545502000000003,0.19545502
600637.SH,600637,东方明珠,20050804,3.98,4.1,3.95,4.08,3.98,0.1,2.51,44450.56,17944.335,1794.4335,17.944335,0.17944335
600637.SH,600637,东方明珠,20050805,4.12,4.16,4.05,4.16,4.08,0.08,1.96,36324.62,14942.692,1494.2692,14.942692,0.14942692
600637.SH,600637,东方明珠,20050808,4.2,4.29,4.15,4.17,4.16,0.01,0.24,48331.41,20304.818,2030.4818,20.304818,0.20304818
600637.SH,600637,东方明珠,20050809,4.17,4.28,4.11,4.27,4.17,0.1,2.4,36860.45,15473.384,1547.3384,15.473384,0.15473384
600637.SH,600637,东方明珠,20050810,4.28,4.35,4.18,4.3,4.27,0.03,0.7,34422.5,14662.194,1466.2194,14.662194,0.14662194
600637.SH,600637,东方明珠,20050811,4.31,4.4,4.23,4.36,4.3,0.06,1.4,56216.2,24220.764,2422.0764,24.220764,0.24220764
600637.SH,600637,东方明珠,20050812,4.38,4.65,4.3,4.35,4.36,-0.01,-0.23,80252.74,35811.278,3581.1278,35.811277999999994,0.3581127799999999
600637.SH,600637,东方明珠,20050815,4.32,4.46,4.26,4.45,4.35,0.1,2.3,36186.47,15869.725,1586.9725,15.869725,0.15869725
600637.SH,600637,东方明珠,20050816,4.45,4.8,4.4,4.71,4.45,0.26,5.84,105807.42,49019.246,4901.9246,49.019246,0.49019246
600637.SH,600637,东方明珠,20050817,4.81,5.1,4.74,5.05,4.71,0.34,7.22,176770.89,86679.469,8667.946899999999,86.67946899999998,0.8667946899999999
600637.SH,600637,东方明珠,20050818,5.05,5.24,4.55,4.65,5.05,-0.4,-7.92,120643.4,60684.988,6068.498799999999,60.684988,0.60684988
600637.SH,600637,东方明珠,20050819,4.65,4.76,4.41,4.54,4.65,-0.11,-2.37,64193.86,29287.53,2928.753,29.28753,0.2928752999999999
600637.SH,600637,东方明珠,20050822,4.5,4.63,4.46,4.54,4.54,0.0,0.0,22200.04,10145.9,1014.59,10.1459,0.101459
600637.SH,600637,东方明珠,20050823,4.51,4.58,4.28,4.33,4.54,-0.21,-4.63,32884.4,14414.28,1441.428,14.414280000000002,0.1441428
600637.SH,600637,东方明珠,20050824,4.35,4.5,4.33,4.44,4.33,0.11,2.54,21202.44,9361.748,936.1748,9.361748,0.09361748
600637.SH,600637,东方明珠,20050825,4.45,4.6,4.42,4.59,4.44,0.15,3.38,30426.0,13745.033,1374.5033,13.745033,0.1374503299999999
600637.SH,600637,东方明珠,20050826,4.6,4.67,4.5,4.59,4.59,0.0,0.0,32460.98,14853.8,1485.38,14.8538,0.148538
600637.SH,600637,东方明珠,20050829,4.58,4.58,4.36,4.37,4.59,-0.22,-4.79,24869.62,11002.062,1100.2062,11.002062,0.11002062
600637.SH,600637,东方明珠,20050830,4.37,4.51,4.32,4.4,4.37,0.03,0.69,22601.53,10029.027,1002.9027,10.029027,0.1002902699999999
600637.SH,600637,东方明珠,20050831,4.41,4.48,4.34,4.48,4.4,0.08,1.82,17654.68,7808.873,780.8873,7.808873,0.07808873
600637.SH,600637,东方明珠,20050901,4.48,4.7,4.47,4.62,4.48,0.14,3.13,39224.73,18056.734,1805.6734,18.056734,0.18056734
600637.SH,600637,东方明珠,20050902,4.64,4.76,4.61,4.66,4.62,0.04,0.87,46856.59,21930.804,2193.0804,21.930804,0.2193080399999999
600637.SH,600637,东方明珠,20050905,4.66,4.78,4.65,4.78,4.66,0.12,2.58,28228.0,13323.849,1332.3849,13.323849,0.13323849
600637.SH,600637,东方明珠,20050906,4.78,4.81,4.51,4.53,4.78,-0.25,-5.23,32078.6,15031.784,1503.1784,15.031784,0.15031784
600637.SH,600637,东方明珠,20050907,4.54,4.67,4.45,4.67,4.53,0.14,3.09,25411.09,11581.281,1158.1281,11.581281,0.11581281
600637.SH,600637,东方明珠,20050908,4.67,4.69,4.54,4.61,4.67,-0.06,-1.28,20569.5,9509.56,950.956,9.50956,0.0950955999999999
600637.SH,600637,东方明珠,20050909,4.6,4.66,4.53,4.6,4.61,-0.01,-0.22,15224.79,6988.396,698.8396,6.988396,0.06988396
600637.SH,600637,东方明珠,20050912,4.75,4.81,4.66,4.69,4.6,0.09,1.96,50930.72,24067.179,2406.7179,24.067179,0.24067179
600637.SH,600637,东方明珠,20050913,4.68,4.78,4.64,4.78,4.69,0.09,1.92,30331.39,14311.494,1431.1494,14.311494,0.14311494
600637.SH,600637,东方明珠,20050914,4.78,4.81,4.7,4.8,4.78,0.02,0.42,36388.58,17364.709,1736.4708999999998,17.364708999999998,0.1736470899999999
600637.SH,600637,东方明珠,20050915,4.8,4.88,4.75,4.85,4.8,0.05,1.04,32493.86,15653.45,1565.345,15.65345,0.1565345
600637.SH,600637,东方明珠,20050916,4.88,4.89,4.72,4.82,4.85,-0.03,-0.62,28527.5,13672.032,1367.2032,13.672032,0.13672032
600637.SH,600637,东方明珠,20050919,4.82,4.89,4.8,4.85,4.82,0.03,0.62,36234.3,17574.528,1757.4527999999998,17.574527999999997,0.1757452799999999
600637.SH,600637,东方明珠,20050920,4.85,4.85,4.64,4.74,4.85,-0.11,-2.27,36517.8,17313.263,1731.3263,17.313263,0.1731326299999999
600637.SH,600637,东方明珠,20050921,4.74,4.74,4.53,4.55,4.74,-0.19,-4.01,34950.21,16100.131,1610.0131,16.100130999999998,0.1610013099999999
600637.SH,600637,东方明珠,20050922,4.56,4.6,4.29,4.39,4.55,-0.16,-3.52,30139.99,13362.171,1336.2171,13.362171,0.13362171
600637.SH,600637,东方明珠,20050923,4.39,4.42,4.27,4.28,4.39,-0.11,-2.51,24513.75,10621.669,1062.1669,10.621669,0.1062166899999999
600637.SH,600637,东方明珠,20050926,4.25,4.43,4.25,4.37,4.28,0.09,2.1,11301.1,4897.177,489.7177,4.897177,0.04897177
600637.SH,600637,东方明珠,20050927,4.37,4.49,4.12,4.13,4.37,-0.24,-5.49,17513.19,7431.251,743.1251,7.431251,0.07431251
600637.SH,600637,东方明珠,20050928,4.16,4.24,4.07,4.08,4.13,-0.05,-1.21,15239.05,6290.268,629.0268,6.290268,0.06290268
600637.SH,600637,东方明珠,20050929,4.12,4.21,4.12,4.19,4.08,0.11,2.7,11053.45,4623.087,462.3087,4.623087000000001,0.04623087
600637.SH,600637,东方明珠,20050930,3.9,4.03,3.9,3.98,4.19,-0.21,-5.01,35861.83,14283.769,1428.3769,14.283769,0.14283769
600637.SH,600637,东方明珠,20051010,3.96,4.03,3.8,3.83,3.98,-0.15,-3.77,13418.39,5213.5,521.35,5.2135,0.052135
600637.SH,600637,东方明珠,20051011,3.85,4.21,3.79,4.21,3.83,0.38,9.92,55155.88,22786.09,2278.609,22.78609,0.2278608999999999
600637.SH,600637,东方明珠,20051012,4.19,4.23,4.1,4.17,4.21,-0.04,-0.95,26527.8,11056.075,1105.6075,11.056075,0.11056075
600637.SH,600637,东方明珠,20051013,4.15,4.18,4.05,4.1,4.17,-0.07,-1.68,23088.03,9495.097,949.5097,9.495097,0.09495097
600637.SH,600637,东方明珠,20051014,4.06,4.11,3.9,3.99,4.1,-0.11,-2.68,22741.56,9102.521,910.2521,9.102521,0.09102521
600637.SH,600637,东方明珠,20051017,3.99,4.13,3.96,4.07,3.99,0.08,2.01,17551.18,7100.479,710.0479,7.100479,0.07100479
600637.SH,600637,东方明珠,20051018,4.06,4.13,4.0,4.12,4.07,0.05,1.23,22420.62,9104.698,910.4698,9.104698,0.09104698
600637.SH,600637,东方明珠,20051019,4.15,4.18,4.03,4.06,4.12,-0.06,-1.46,33913.0,13956.849,1395.6849,13.956849,0.13956849
600637.SH,600637,东方明珠,20051020,4.05,4.13,3.84,3.9,4.06,-0.16,-3.94,23124.44,9083.978,908.3978,9.083978,0.09083978
600637.SH,600637,东方明珠,20051021,3.9,3.99,3.9,3.96,3.9,0.06,1.54,15421.28,6092.757,609.2756999999999,6.092756999999999,0.0609275699999999
600637.SH,600637,东方明珠,20051024,3.93,4.03,3.89,3.98,3.96,0.02,0.51,15122.21,5976.057,597.6057,5.976057,0.05976057
600637.SH,600637,东方明珠,20051025,3.96,4.01,3.91,3.92,3.98,-0.06,-1.51,14847.5,5874.716,587.4716000000001,5.874716000000001,0.05874716
600637.SH,600637,东方明珠,20051026,3.91,4.04,3.85,3.88,3.92,-0.04,-1.02,22901.78,9006.008,900.6007999999999,9.006008,0.09006008
600637.SH,600637,东方明珠,20051027,3.86,3.94,3.7,3.76,3.88,-0.12,-3.09,20712.47,7825.187,782.5187,7.825187,0.07825187
600637.SH,600637,东方明珠,20051028,3.8,3.81,3.55,3.62,3.76,-0.14,-3.72,15521.08,5731.224,573.1224,5.731224,0.05731224
600637.SH,600637,东方明珠,20051031,3.5,3.69,3.5,3.6,3.62,-0.02,-0.55,13260.39,4814.622,481.46220000000005,4.814622000000001,0.04814622
600637.SH,600637,东方明珠,20051101,3.57,3.68,3.47,3.68,3.6,0.08,2.22,18015.01,6436.224,643.6224,6.436223999999999,0.0643622399999999
600637.SH,600637,东方明珠,20051102,3.68,3.96,3.65,3.86,3.68,0.18,4.89,48814.73,18746.131,1874.6131,18.746131,0.18746131
600637.SH,600637,东方明珠,20051103,3.86,3.89,3.73,3.76,3.86,-0.1,-2.59,31165.77,11874.724,1187.4724,11.874724,0.11874724
600637.SH,600637,东方明珠,20051104,3.73,3.91,3.72,3.86,3.76,0.1,2.66,25291.15,9700.976,970.0976,9.700976,0.09700976
600637.SH,600637,东方明珠,20051107,3.88,3.88,3.78,3.87,3.86,0.01,0.26,12139.64,4652.159,465.2159,4.652159,0.04652159
600637.SH,600637,东方明珠,20051108,3.83,3.86,3.73,3.82,3.87,-0.05,-1.29,12918.15,4919.722,491.9722,4.919722,0.04919722
600637.SH,600637,东方明珠,20051109,3.85,3.97,3.81,3.94,3.82,0.12,3.14,47356.31,18556.87,1855.687,18.55687,0.1855687
600637.SH,600637,东方明珠,20051110,3.91,4.05,3.8,4.01,3.94,0.07,1.78,75436.18,29795.768,2979.5768,29.795768,0.29795768
600637.SH,600637,东方明珠,20051111,3.93,4.03,3.88,3.96,4.01,-0.05,-1.25,31853.86,12618.071,1261.8071,12.618071,0.12618071
600637.SH,600637,东方明珠,20051114,3.9,3.95,3.8,3.87,3.96,-0.09,-2.27,17070.78,6584.877,658.4877,6.5848770000000005,0.06584877
600637.SH,600637,东方明珠,20051115,3.86,3.91,3.7,3.72,3.87,-0.15,-3.88,17586.37,6664.293,666.4293,6.664293,0.06664293
600637.SH,600637,东方明珠,20051116,3.72,3.8,3.7,3.79,3.72,0.07,1.88,12085.93,4528.319,452.8319,4.528319,0.04528319
600637.SH,600637,东方明珠,20051117,3.79,3.9,3.75,3.85,3.79,0.06,1.58,22684.02,8691.968,869.1968,8.691968000000001,0.08691968
600637.SH,600637,东方明珠,20051118,3.82,3.98,3.81,3.98,3.85,0.13,3.38,36467.27,14341.663,1434.1663,14.341663,0.14341663
600637.SH,600637,东方明珠,20051121,3.98,4.02,3.89,3.95,3.98,-0.03,-0.75,53311.2,21026.853,2102.6853,21.026853000000003,0.21026853
600637.SH,600637,东方明珠,20051122,3.96,3.98,3.87,3.88,3.95,-0.07,-1.77,52201.29,20441.993,2044.1993,20.441993,0.2044199299999999
600637.SH,600637,东方明珠,20051123,3.84,3.9,3.8,3.85,3.88,-0.03,-0.77,34928.1,13439.146,1343.9146,13.439146,0.13439146
600637.SH,600637,东方明珠,20051124,3.87,4.01,3.86,3.96,3.85,0.11,2.86,73024.63,28803.376,2880.3376,28.803376,0.28803376
600637.SH,600637,东方明珠,20051125,3.97,3.97,3.89,3.95,3.96,-0.01,-0.25,24366.77,9578.551,957.8551,9.578551,0.0957855099999999
600637.SH,600637,东方明珠,20051128,3.95,3.98,3.9,3.95,3.95,0.0,0.0,20638.88,8133.539,813.3539,8.133538999999999,0.08133539
600637.SH,600637,东方明珠,20051129,3.95,4.01,3.91,3.95,3.95,0.0,0.0,44461.7,17654.488,1765.4488,17.654488,0.17654488
600637.SH,600637,东方明珠,20051130,3.92,4.01,3.91,3.93,3.95,-0.02,-0.51,24993.49,9892.837,989.2837,9.892837,0.09892837
600637.SH,600637,东方明珠,20051201,3.94,3.96,3.8,3.81,3.93,-0.12,-3.05,31991.84,12372.574,1237.2574,12.372574,0.12372574
600637.SH,600637,东方明珠,20051202,3.81,3.84,3.7,3.7,3.81,-0.11,-2.89,27931.36,10477.08,1047.708,10.47708,0.1047708
600637.SH,600637,东方明珠,20051205,3.7,3.73,3.65,3.73,3.7,0.03,0.81,19318.97,7123.616,712.3616,7.123615999999999,0.0712361599999999
600637.SH,600637,东方明珠,20051206,3.72,3.74,3.65,3.69,3.73,-0.04,-1.07,14410.72,5321.012,532.1012,5.321012,0.05321012
600637.SH,600637,东方明珠,20051207,3.7,3.74,3.69,3.73,3.69,0.04,1.08,8405.53,3122.112,312.2112,3.122112,0.03122112
600637.SH,600637,东方明珠,20051208,3.73,3.74,3.66,3.69,3.73,-0.04,-1.07,8085.19,3001.488,300.1488,3.001488,0.03001488
600637.SH,600637,东方明珠,20051209,3.7,3.82,3.7,3.8,3.69,0.11,2.98,14715.83,5551.908,555.1908000000001,5.551908000000001,0.05551908
600637.SH,600637,东方明珠,20051212,3.86,3.88,3.79,3.81,3.8,0.01,0.26,13978.56,5344.884,534.4884,5.344884,0.05344884
600637.SH,600637,东方明珠,20051213,3.78,3.84,3.76,3.81,3.81,0.0,0.0,19801.25,7521.894,752.1894,7.521894,0.07521894
600637.SH,600637,东方明珠,20051214,3.82,3.85,3.74,3.84,3.81,0.03,0.79,27010.93,10251.462,1025.1462,10.251461999999998,0.1025146199999999
600637.SH,600637,东方明珠,20051215,3.84,3.88,3.78,3.8,3.84,-0.04,-1.04,20916.71,8012.474,801.2474,8.012474,0.0801247399999999
600637.SH,600637,东方明珠,20051216,3.81,3.85,3.79,3.82,3.8,0.02,0.53,10514.49,4017.103,401.7103,4.0171030000000005,0.04017103
600637.SH,600637,东方明珠,20051219,3.83,3.91,3.83,3.91,3.82,0.09,2.36,33919.39,13157.121,1315.7121,13.157121,0.13157121
600637.SH,600637,东方明珠,20051220,3.91,3.96,3.88,3.95,3.91,0.04,1.02,41842.14,16448.901,1644.8901,16.448901,0.16448901
600637.SH,600637,东方明珠,20051221,3.95,3.98,3.9,3.95,3.95,0.0,0.0,27273.07,10732.493,1073.2493,10.732493,0.10732493
600637.SH,600637,东方明珠,20051222,3.9,4.05,3.88,3.99,3.95,0.04,1.01,49402.99,19662.26,1966.226,19.66226,0.1966226
600637.SH,600637,东方明珠,20051223,3.99,4.01,3.89,3.95,3.99,-0.04,-1.0,37807.61,14871.26,1487.126,14.87126,0.1487126
600637.SH,600637,东方明珠,20051226,3.95,3.98,3.92,3.96,3.95,0.01,0.25,25087.76,9911.058,991.1058,9.911058,0.09911058
600637.SH,600637,东方明珠,20051227,3.96,3.99,3.91,3.98,3.96,0.02,0.51,19932.72,7887.008,788.7008,7.887008,0.07887008
600637.SH,600637,东方明珠,20051228,3.98,4.05,3.98,4.02,3.98,0.04,1.01,49893.92,20095.633,2009.5633000000005,20.095633000000003,0.20095633
600637.SH,600637,东方明珠,20051229,4.02,4.06,4.0,4.06,4.02,0.04,1.0,27912.14,11262.532,1126.2532,11.262531999999998,0.1126253199999999
600637.SH,600637,东方明珠,20051230,4.06,4.06,3.95,3.97,4.06,-0.09,-2.22,25180.0,10160.011,1016.0011,10.160011,0.10160011
600637.SH,600637,东方明珠,20060104,3.95,4.06,3.95,4.05,3.97,0.08,2.02,24420.41,9853.931,985.3931,9.853931,0.0985393099999999
600637.SH,600637,东方明珠,20060105,4.07,4.11,4.03,4.1,4.05,0.05,1.23,36319.97,14751.891,1475.1891,14.751891,0.14751891
600637.SH,600637,东方明珠,20060106,4.08,4.14,4.03,4.11,4.1,0.01,0.24,47198.85,19307.614,1930.7614,19.307614,0.19307614
600637.SH,600637,东方明珠,20060109,4.12,4.2,4.11,4.18,4.11,0.07,1.7,31905.64,13276.171,1327.6171,13.276171,0.13276171
600637.SH,600637,东方明珠,20060110,4.19,4.24,4.14,4.22,4.18,0.04,0.96,24769.79,10383.861,1038.3861000000002,10.383861,0.10383861
600637.SH,600637,东方明珠,20060111,4.22,4.24,4.16,4.24,4.22,0.02,0.47,32678.8,13685.931,1368.5931,13.685931,0.13685931
600637.SH,600637,东方明珠,20060112,4.24,4.45,4.19,4.42,4.24,0.18,4.25,58420.15,25498.753,2549.8753,25.498753,0.25498753
600637.SH,600637,东方明珠,20060113,4.42,4.59,4.42,4.56,4.42,0.14,3.17,94782.26,42843.563,4284.3563,42.843563,0.42843563
600637.SH,600637,东方明珠,20060207,4.83,4.86,4.55,4.69,4.56,0.13,2.85,94824.7,44250.413,4425.0413,44.250413,0.44250413
600637.SH,600637,东方明珠,20060208,4.68,4.95,4.67,4.94,4.69,0.25,5.33,62274.0,30078.85,3007.885,30.07885,0.3007885
600637.SH,600637,东方明珠,20060209,4.9,5.1,4.84,4.85,4.94,-0.09,-1.82,78568.36,39188.869,3918.8869,39.188869,0.39188869
600637.SH,600637,东方明珠,20060210,4.85,4.92,4.66,4.84,4.85,-0.01,-0.21,68476.11,32769.642,3276.9642,32.769642,0.32769642
600637.SH,600637,东方明珠,20060307,3.68,3.68,3.37,3.39,4.84,-1.45,-29.96,42978.75,14786.082,1478.6082,14.786082,0.14786082
600637.SH,600637,东方明珠,20060308,3.39,3.41,3.3,3.4,3.39,0.01,0.3,17285.85,5810.998,581.0998,5.810998,0.05810998
600637.SH,600637,东方明珠,20060309,3.4,3.4,3.32,3.33,3.4,-0.07,-2.06,10870.43,3648.471,364.8471,3.648471,0.03648471
600637.SH,600637,东方明珠,20060310,3.3,3.37,3.28,3.33,3.33,0.0,0.0,8851.65,2935.245,293.5245,2.935245,0.02935245
600637.SH,600637,东方明珠,20060313,3.33,3.33,3.26,3.31,3.33,-0.02,-0.6,12724.66,4185.613,418.5613,4.185613,0.04185613
600637.SH,600637,东方明珠,20060314,3.31,3.35,3.27,3.34,3.31,0.03,0.91,11297.12,3726.826,372.6826,3.726826,0.03726826
600637.SH,600637,东方明珠,20060315,3.34,3.39,3.29,3.39,3.34,0.05,1.5,11403.29,3814.103,381.4103,3.814103,0.03814103
600637.SH,600637,东方明珠,20060316,3.39,3.4,3.32,3.36,3.39,-0.03,-0.89,10210.43,3431.247,343.1247,3.4312469999999995,0.03431247
600637.SH,600637,东方明珠,20060317,3.36,3.36,3.27,3.3,3.36,-0.06,-1.79,13950.73,4602.41,460.241,4.60241,0.0460241
600637.SH,600637,东方明珠,20060320,3.29,3.44,3.28,3.44,3.3,0.14,4.24,25908.51,8731.118,873.1118,8.731118,0.08731118
600637.SH,600637,东方明珠,20060321,3.44,3.55,3.44,3.52,3.44,0.08,2.33,43289.91,15168.16,1516.816,15.16816,0.1516816
600637.SH,600637,东方明珠,20060322,3.53,3.67,3.53,3.67,3.52,0.15,4.26,51832.33,18672.7,1867.27,18.6727,0.1867269999999999
600637.SH,600637,东方明珠,20060323,3.68,3.72,3.57,3.59,3.67,-0.08,-2.18,31345.08,11361.837,1136.1837,11.361837,0.11361837
600637.SH,600637,东方明珠,20060324,3.58,3.64,3.53,3.56,3.59,-0.03,-0.84,23292.9,8329.211,832.9210999999999,8.329210999999999,0.0832921099999999
600637.SH,600637,东方明珠,20060327,3.56,3.63,3.5,3.62,3.56,0.06,1.69,12272.01,4353.138,435.3138,4.353138,0.04353138
600637.SH,600637,东方明珠,20060328,3.62,3.62,3.53,3.56,3.62,-0.06,-1.66,14716.42,5238.217,523.8217,5.238217,0.05238217
600637.SH,600637,东方明珠,20060329,3.56,3.59,3.51,3.54,3.56,-0.02,-0.56,27250.87,9680.968,968.0968,9.680968,0.09680968
600637.SH,600637,东方明珠,20060330,3.55,3.62,3.46,3.48,3.54,-0.06,-1.69,20079.12,7128.556,712.8556,7.128556,0.07128556
600637.SH,600637,东方明珠,20060331,3.48,3.48,3.38,3.42,3.48,-0.06,-1.72,14786.05,5060.578,506.0578,5.0605780000000005,0.05060578
600637.SH,600637,东方明珠,20060403,3.42,3.47,3.38,3.46,3.42,0.04,1.17,22172.14,7573.788,757.3788,7.573787999999999,0.07573788
600637.SH,600637,东方明珠,20060404,3.46,3.62,3.39,3.61,3.46,0.15,4.34,34001.98,11859.674,1185.9674,11.859674,0.11859674
600637.SH,600637,东方明珠,20060405,3.6,3.61,3.53,3.57,3.61,-0.04,-1.11,26339.03,9394.928,939.4928,9.394928,0.09394928
600637.SH,600637,东方明珠,20060406,3.57,3.59,3.49,3.51,3.57,-0.06,-1.68,27432.02,9673.406,967.3406,9.673406000000002,0.09673406
600637.SH,600637,东方明珠,20060407,3.5,3.58,3.49,3.57,3.51,0.06,1.71,31472.57,11137.126,1113.7126,11.137126,0.11137126
600637.SH,600637,东方明珠,20060410,3.58,3.74,3.53,3.69,3.57,0.12,3.36,53217.04,19295.291,1929.5291,19.295291,0.19295291
600637.SH,600637,东方明珠,20060411,3.69,3.7,3.56,3.62,3.69,-0.07,-1.9,42591.51,15440.464,1544.0464,15.440464,0.1544046399999999
600637.SH,600637,东方明珠,20060412,3.6,3.62,3.54,3.58,3.62,-0.04,-1.11,23418.78,8377.168,837.7167999999999,8.377168,0.0837716799999999
600637.SH,600637,东方明珠,20060413,3.58,3.61,3.38,3.38,3.58,-0.2,-5.59,36059.41,12611.106,1261.1106,12.611106,0.12611106
600637.SH,600637,东方明珠,20060414,3.38,3.54,3.37,3.5,3.38,0.12,3.55,31172.07,10767.152,1076.7152,10.767152,0.10767152
600637.SH,600637,东方明珠,20060417,3.5,3.65,3.44,3.55,3.5,0.05,1.43,32733.44,11689.277,1168.9277,11.689277,0.11689277
600637.SH,600637,东方明珠,20060419,3.55,3.59,3.37,3.43,3.55,-0.12,-3.38,35268.03,12082.541,1208.2541,12.082541,0.12082541
600637.SH,600637,东方明珠,20060420,3.42,3.42,3.25,3.27,3.43,-0.16,-4.66,44292.36,14656.176,1465.6176,14.656176,0.14656176
600637.SH,600637,东方明珠,20060421,3.25,3.31,3.18,3.21,3.27,-0.06,-1.83,41869.51,13474.571,1347.4571,13.474571,0.13474571
600637.SH,600637,东方明珠,20060424,3.18,3.24,2.95,3.01,3.21,-0.2,-6.23,47398.27,14471.206,1447.1206,14.471206,0.14471206
600637.SH,600637,东方明珠,20060425,3.01,3.05,2.96,3.01,3.01,0.0,0.0,25036.0,7518.553,751.8552999999999,7.518553,0.07518553
600637.SH,600637,东方明珠,20060426,3.01,3.1,2.99,3.06,3.01,0.05,1.66,27081.03,8229.584,822.9584000000001,8.229584000000001,0.08229584
600637.SH,600637,东方明珠,20060427,3.07,3.08,3.0,3.05,3.06,-0.01,-0.33,24945.22,7580.291,758.0291,7.580291,0.07580291
600637.SH,600637,东方明珠,20060428,3.02,3.11,2.98,3.05,3.05,0.0,0.0,28453.55,8689.592,868.9592,8.689592,0.0868959199999999
600637.SH,600637,东方明珠,20060508,3.06,3.21,3.02,3.19,3.05,0.14,4.59,44993.37,14028.013,1402.8013,14.028013,0.14028013
600637.SH,600637,东方明珠,20060509,3.2,3.37,3.16,3.37,3.19,0.18,5.64,73670.7,24301.347,2430.1347,24.301347,0.24301347
600637.SH,600637,东方明珠,20060510,3.39,3.51,3.35,3.37,3.37,0.0,0.0,53181.87,18236.964,1823.6964,18.236964,0.18236964
600637.SH,600637,东方明珠,20060511,3.36,3.6,3.31,3.36,3.37,-0.01,-0.3,88559.82,30405.74,3040.574,30.40574,0.3040574
600637.SH,600637,东方明珠,20060515,3.7,3.7,3.7,3.7,3.36,0.34,10.12,35953.95,13302.962,1330.2962,13.302962,0.13302962
600637.SH,600637,东方明珠,20060516,4.07,4.07,3.76,3.79,3.7,0.09,2.43,256795.37,99691.242,9969.1242,99.691242,0.99691242
600637.SH,600637,东方明珠,20060517,3.78,3.88,3.61,3.76,3.79,-0.03,-0.79,97688.85,36463.181,3646.3181,36.46318099999999,0.3646318099999999
600637.SH,600637,东方明珠,20060518,3.72,3.87,3.6,3.82,3.76,0.06,1.6,109021.13,41233.135,4123.3135,41.233135,0.41233135
600637.SH,600637,东方明珠,20060519,3.82,3.85,3.75,3.81,3.82,-0.01,-0.26,136334.56,51874.29,5187.429,51.87429,0.5187429
600637.SH,600637,东方明珠,20060522,3.81,4.03,3.75,3.93,3.81,0.12,3.15,238063.49,92626.131,9262.6131,92.626131,0.92626131
600637.SH,600637,东方明珠,20060523,3.91,3.91,3.64,3.65,3.93,-0.28,-7.12,110903.88,41877.801,4187.7801,41.877801,0.41877801
600637.SH,600637,东方明珠,20060524,3.75,3.75,3.4,3.55,3.65,-0.1,-2.74,97922.98,35180.269,3518.0269,35.180269,0.35180269
600637.SH,600637,东方明珠,20060525,3.59,3.69,3.47,3.66,3.55,0.11,3.1,69627.92,24884.887,2488.4887,24.884887,0.24884887
600637.SH,600637,东方明珠,20060526,3.72,3.9,3.61,3.89,3.66,0.23,6.28,161913.48,60622.724,6062.2724,60.622724,0.60622724
600637.SH,600637,东方明珠,20060529,3.93,3.98,3.78,3.96,3.89,0.07,1.8,188829.46,73517.68,7351.767999999999,73.51767999999998,0.7351767999999999
600637.SH,600637,东方明珠,20060530,3.96,3.97,3.82,3.91,3.96,-0.05,-1.26,98316.42,38258.306,3825.8306,38.258306,0.38258306
600637.SH,600637,东方明珠,20060531,3.9,4.05,3.87,3.95,3.91,0.04,1.02,121774.46,48317.171,4831.7171,48.317171,0.48317171
600637.SH,600637,东方明珠,20060601,3.96,4.28,3.94,4.18,3.95,0.23,5.82,187840.67,77947.142,7794.7142,77.947142,0.77947142
600637.SH,600637,东方明珠,20060602,4.18,4.38,4.05,4.25,4.18,0.07,1.67,208832.64,88392.222,8839.2222,88.392222,0.8839222200000001
600637.SH,600637,东方明珠,20060605,4.25,4.4,4.05,4.38,4.25,0.13,3.06,183186.59,77769.835,7776.9835,77.769835,0.77769835
600637.SH,600637,东方明珠,20060606,4.39,4.45,4.23,4.29,4.38,-0.09,-2.05,140495.86,60907.972,6090.7972,60.907972,0.60907972
600637.SH,600637,东方明珠,20060607,4.29,4.33,3.86,3.86,4.29,-0.43,-10.02,143903.41,58174.133,5817.4133,58.174133000000005,0.5817413300000001
600637.SH,600637,东方明珠,20060608,3.82,4.03,3.8,3.96,3.86,0.1,2.59,95831.42,37719.718,3771.9718,37.719718,0.37719718
600637.SH,600637,东方明珠,20060609,3.96,4.04,3.74,3.77,3.96,-0.19,-4.8,83259.26,32425.784,3242.5784,32.425784,0.32425784
600637.SH,600637,东方明珠,20060612,3.75,3.84,3.7,3.8,3.77,0.03,0.8,34196.56,12939.389,1293.9389,12.939388999999998,0.1293938899999999
600637.SH,600637,东方明珠,20060613,3.81,3.92,3.75,3.85,3.8,0.05,1.32,47836.12,18347.155,1834.7155,18.347155,0.1834715499999999
600637.SH,600637,东方明珠,20060614,3.88,3.88,3.68,3.79,3.85,-0.06,-1.56,36768.53,13881.879,1388.1879,13.881879,0.13881879
600637.SH,600637,东方明珠,20060615,3.8,3.86,3.75,3.79,3.79,0.0,0.0,27903.51,10618.89,1061.889,10.61889,0.1061888999999999
600637.SH,600637,东方明珠,20060616,3.8,3.88,3.79,3.88,3.79,0.09,2.37,35741.6,13751.734,1375.1734,13.751734,0.13751734
600637.SH,600637,东方明珠,20060619,3.82,4.01,3.8,3.95,3.88,0.07,1.8,63122.12,24670.968,2467.0968000000003,24.670968,0.24670968
600637.SH,600637,东方明珠,20060620,3.95,4.02,3.9,3.99,3.95,0.04,1.01,62870.69,24932.673,2493.2673,24.932673,0.24932673
600637.SH,600637,东方明珠,20060621,3.96,4.14,3.92,4.1,3.99,0.11,2.76,125003.28,50839.838,5083.9838,50.839838,0.50839838
600637.SH,600637,东方明珠,20060622,4.13,4.14,4.0,4.04,4.1,-0.06,-1.46,78223.93,31681.153,3168.1153,31.681153,0.31681153
600637.SH,600637,东方明珠,20060623,4.06,4.44,4.04,4.44,4.04,0.4,9.9,160527.4,68794.984,6879.4984,68.794984,0.68794984
600637.SH,600637,东方明珠,20060626,4.59,4.77,4.47,4.52,4.44,0.08,1.8,281501.69,129256.585,12925.6585,129.256585,1.29256585
600637.SH,600637,东方明珠,20060627,4.52,4.94,4.46,4.79,4.52,0.27,5.97,252024.92,118319.558,11831.9558,118.319558,1.18319558
600637.SH,600637,东方明珠,20060628,4.7,4.76,4.58,4.61,4.79,-0.18,-3.76,126133.71,58798.077,5879.807699999999,58.79807699999999,0.5879807699999999
600637.SH,600637,东方明珠,20060629,4.62,4.77,4.55,4.63,4.61,0.02,0.43,127465.47,59198.488,5919.8488,59.198488,0.5919848799999999
600637.SH,600637,东方明珠,20060630,4.63,4.65,4.44,4.47,4.63,-0.16,-3.46,140038.5,63191.597,6319.1597,63.191597,0.63191597
600637.SH,600637,东方明珠,20060703,4.43,4.69,4.43,4.62,4.47,0.15,3.36,106837.92,49143.323,4914.3323,49.143323,0.49143323
600637.SH,600637,东方明珠,20060704,4.6,4.78,4.53,4.68,4.62,0.06,1.3,122966.23,57335.451,5733.5451,57.335451000000006,0.57335451
600637.SH,600637,东方明珠,20060705,4.71,4.94,4.6,4.84,4.68,0.16,3.42,200960.13,96067.224,9606.7224,96.067224,0.96067224
600637.SH,600637,东方明珠,20060706,4.9,4.96,4.8,4.86,4.84,0.02,0.41,148525.02,72355.803,7235.5803,72.355803,0.72355803
600637.SH,600637,东方明珠,20060707,4.85,4.9,4.69,4.76,4.86,-0.1,-2.06,92998.12,44651.503,4465.150299999999,44.65150299999999,0.4465150299999999
600637.SH,600637,东方明珠,20060710,4.76,4.8,4.61,4.76,4.76,0.0,0.0,65701.5,30891.424,3089.1424,30.891424,0.3089142399999999
600637.SH,600637,东方明珠,20060711,4.75,4.77,4.65,4.71,4.76,-0.05,-1.05,47648.8,22383.522,2238.3522000000003,22.383522000000003,0.22383522
600637.SH,600637,东方明珠,20060712,4.71,4.71,4.54,4.58,4.71,-0.13,-2.76,87612.96,40263.351,4026.3351,40.263351,0.40263351
600637.SH,600637,东方明珠,20060713,4.56,4.58,4.12,4.12,4.58,-0.46,-10.04,140235.84,59910.754,5991.0754,59.910754,0.59910754
600637.SH,600637,东方明珠,20060714,4.06,4.2,4.01,4.2,4.12,0.08,1.94,89708.9,36937.192,3693.719200000001,36.937192,0.36937192
600637.SH,600637,东方明珠,20060717,4.19,4.3,4.12,4.22,4.2,0.02,0.48,56945.26,24066.622,2406.6622,24.066622,0.24066622
600637.SH,600637,东方明珠,20060718,4.22,4.3,4.14,4.26,4.22,0.04,0.95,62471.26,26344.198,2634.4198,26.344198,0.26344198
600637.SH,600637,东方明珠,20060719,4.24,4.26,4.04,4.08,4.26,-0.18,-4.23,52322.46,21552.209,2155.2209,21.552209,0.2155220899999999
600637.SH,600637,东方明珠,20060720,4.08,4.15,4.04,4.11,4.08,0.03,0.74,34417.38,14111.616,1411.1616,14.111616,0.14111616
600637.SH,600637,东方明珠,20060721,4.11,4.18,4.1,4.16,4.11,0.05,1.22,32835.29,13604.203,1360.4203,13.604203,0.13604203
600637.SH,600637,东方明珠,20060724,4.1,4.13,4.0,4.08,4.16,-0.08,-1.92,38325.64,15544.743,1554.4743,15.544743,0.15544743
600637.SH,600637,东方明珠,20060725,4.08,4.22,4.08,4.21,4.08,0.13,3.19,49806.62,20704.751,2070.4751,20.704751,0.20704751
600637.SH,600637,东方明珠,20060726,4.21,4.27,4.18,4.21,4.21,0.0,0.0,47319.49,20031.761,2003.1761,20.031761,0.20031761
600637.SH,600637,东方明珠,20060727,4.18,4.24,4.07,4.1,4.21,-0.11,-2.61,42298.33,17506.443,1750.6443,17.506443,0.17506443
600637.SH,600637,东方明珠,20060728,4.05,4.12,3.98,4.03,4.1,-0.07,-1.71,52047.96,20979.885,2097.9885,20.979885,0.2097988499999999
600637.SH,600637,东方明珠,20060731,4.03,4.03,3.77,3.78,4.03,-0.25,-6.2,50037.73,19340.519,1934.0519,19.340519,0.19340519
600637.SH,600637,东方明珠,20060801,3.78,3.84,3.74,3.76,3.78,-0.02,-0.53,28298.06,10711.215,1071.1215,10.711215,0.1071121499999999
600637.SH,600637,东方明珠,20060802,3.77,3.82,3.66,3.77,3.76,0.01,0.27,30860.72,11537.953,1153.7953,11.537953,0.11537953
600637.SH,600637,东方明珠,20060803,3.78,3.84,3.73,3.8,3.77,0.03,0.8,17221.87,6523.051,652.3051,6.523051000000001,0.06523051
600637.SH,600637,东方明珠,20060804,3.82,3.83,3.67,3.68,3.8,-0.12,-3.16,28616.0,10706.373,1070.6373,10.706373,0.10706373
600637.SH,600637,东方明珠,20060807,3.65,3.7,3.51,3.52,3.68,-0.16,-4.35,30430.64,10940.795,1094.0795,10.940795,0.10940795
600637.SH,600637,东方明珠,20060808,3.53,3.68,3.53,3.66,3.52,0.14,3.98,27673.51,9954.148,995.4148,9.954147999999998,0.0995414799999999
600637.SH,600637,东方明珠,20060809,3.66,3.67,3.56,3.63,3.66,-0.03,-0.82,22951.04,8317.899,831.7899,8.317899,0.08317899
600637.SH,600637,东方明珠,20060810,3.63,3.74,3.6,3.71,3.63,0.08,2.2,28436.58,10484.142,1048.4142,10.484142,0.1048414199999999
600637.SH,600637,东方明珠,20060811,3.7,3.75,3.64,3.72,3.71,0.01,0.27,22321.38,8256.79,825.6790000000001,8.25679,0.0825679
600637.SH,600637,东方明珠,20060814,3.72,3.76,3.55,3.57,3.72,-0.15,-4.03,31329.93,11438.83,1143.883,11.43883,0.1143883
600637.SH,600637,东方明珠,20060815,3.58,3.74,3.55,3.68,3.57,0.11,3.08,27237.1,9959.485,995.9485,9.959485,0.09959485
600637.SH,600637,东方明珠,20060816,3.66,3.76,3.64,3.74,3.68,0.06,1.63,28314.29,10549.815,1054.9815,10.549815,0.10549815
600637.SH,600637,东方明珠,20060817,3.74,3.79,3.65,3.76,3.74,0.02,0.53,41625.57,15486.676,1548.6676,15.486676,0.15486676
600637.SH,600637,东方明珠,20060818,3.75,3.87,3.73,3.83,3.76,0.07,1.86,65892.29,25138.913,2513.8913,25.138913,0.25138913
600637.SH,600637,东方明珠,20060821,3.65,3.86,3.62,3.85,3.83,0.02,0.52,55931.65,20999.747,2099.9747,20.999747,0.20999747
600637.SH,600637,东方明珠,20060822,3.82,3.91,3.77,3.86,3.85,0.01,0.26,55667.28,21434.68,2143.468,21.43468,0.2143468
600637.SH,600637,东方明珠,20060823,3.85,3.96,3.81,3.85,3.86,-0.01,-0.26,40432.46,15625.593,1562.5593,15.625593000000002,0.15625593
600637.SH,600637,东方明珠,20060824,3.84,3.87,3.76,3.86,3.85,0.01,0.26,32288.44,12291.799,1229.1799,12.291799,0.12291799
600637.SH,600637,东方明珠,20060825,3.86,3.95,3.82,3.86,3.86,0.0,0.0,44782.02,17388.94,1738.8939999999998,17.388939999999998,0.1738893999999999
600637.SH,600637,东方明珠,20060828,3.85,3.94,3.83,3.92,3.86,0.06,1.55,57211.23,22295.873,2229.5873,22.295873,0.22295873
600637.SH,600637,东方明珠,20060829,3.94,4.09,3.91,4.05,3.92,0.13,3.32,107631.88,43259.612,4325.9612,43.259612,0.43259612
600637.SH,600637,东方明珠,20060830,4.01,4.1,3.96,4.1,4.05,0.05,1.23,53235.74,21430.882,2143.0882,21.430882,0.21430882
600637.SH,600637,东方明珠,20060831,4.1,4.15,4.04,4.11,4.1,0.01,0.24,52084.34,21275.895,2127.5895,21.275895,0.21275895
600637.SH,600637,东方明珠,20060901,4.11,4.11,3.91,3.92,4.11,-0.19,-4.62,50319.2,20022.236,2002.2236,20.022236,0.20022236
600637.SH,600637,东方明珠,20060904,3.91,4.03,3.89,3.99,3.92,0.07,1.79,32832.61,13090.242,1309.0242,13.090242,0.13090242
600637.SH,600637,东方明珠,20060905,3.96,4.14,3.93,4.1,3.99,0.11,2.76,72064.67,29140.882,2914.0882,29.140882,0.29140882
600637.SH,600637,东方明珠,20060906,4.07,4.1,4.01,4.06,4.1,-0.04,-0.98,32128.4,12980.185,1298.0185,12.980185,0.12980185
600637.SH,600637,东方明珠,20060907,4.08,4.1,3.91,3.93,4.06,-0.13,-3.2,37622.25,14970.081,1497.0081,14.970081,0.14970081
600637.SH,600637,东方明珠,20060908,3.93,3.99,3.89,3.91,3.93,-0.02,-0.51,26378.81,10372.705,1037.2705,10.372705000000002,0.10372705
600637.SH,600637,东方明珠,20060911,3.91,4.0,3.91,3.98,3.91,0.07,1.79,26727.4,10582.692,1058.2692,10.582692,0.1058269199999999
600637.SH,600637,东方明珠,20060912,3.99,4.03,3.95,3.99,3.98,0.01,0.25,28472.83,11372.027,1137.2027,11.372027,0.11372027
600637.SH,600637,东方明珠,20060913,4.0,4.0,3.86,3.87,3.99,-0.12,-3.01,43074.85,16887.98,1688.798,16.88798,0.1688798
600637.SH,600637,东方明珠,20060914,3.87,3.97,3.86,3.95,3.87,0.08,2.07,34343.86,13459.013,1345.9013,13.459013,0.13459013
600637.SH,600637,东方明珠,20060915,3.95,3.99,3.92,3.96,3.95,0.01,0.25,32918.92,13023.676,1302.3676,13.023676,0.13023676
600637.SH,600637,东方明珠,20060918,3.97,4.07,3.94,4.02,3.96,0.06,1.52,46154.26,18498.22,1849.822,18.49822,0.1849821999999999
600637.SH,600637,东方明珠,20060919,4.05,4.06,3.97,3.99,4.02,-0.03,-0.75,33360.32,13355.681,1335.5681,13.355681,0.13355681
600637.SH,600637,东方明珠,20060920,3.99,3.99,3.92,3.95,3.99,-0.04,-1.0,23677.72,9344.968,934.4968,9.344968,0.09344968
600637.SH,600637,东方明珠,20060921,3.95,3.99,3.92,3.98,3.95,0.03,0.76,29079.19,11505.245,1150.5245,11.505245,0.11505245
600637.SH,600637,东方明珠,20060922,3.96,3.98,3.89,3.92,3.98,-0.06,-1.51,29716.34,11692.759,1169.2759,11.692759,0.11692759
600637.SH,600637,东方明珠,20060925,3.92,4.0,3.88,3.9,3.92,-0.02,-0.51,40888.87,16096.048,1609.6048,16.096048,0.16096048
600637.SH,600637,东方明珠,20060926,3.87,3.91,3.72,3.76,3.9,-0.14,-3.59,59347.08,22396.539,2239.6539,22.396539000000004,0.22396539
600637.SH,600637,东方明珠,20060927,3.76,3.8,3.73,3.79,3.76,0.03,0.8,25812.13,9732.469,973.2469,9.732468999999998,0.0973246899999999
600637.SH,600637,东方明珠,20060928,3.79,3.82,3.74,3.76,3.79,-0.03,-0.79,33591.77,12700.262,1270.0262,12.700262,0.12700262
600637.SH,600637,东方明珠,20060929,3.76,3.83,3.76,3.82,3.76,0.06,1.6,34185.54,13017.465,1301.7465,13.017465,0.13017465
600637.SH,600637,东方明珠,20061009,3.87,3.91,3.83,3.9,3.82,0.08,2.09,46539.07,18027.183,1802.7183,18.027183,0.18027183
600637.SH,600637,东方明珠,20061010,3.92,4.02,3.9,3.98,3.9,0.08,2.05,83522.23,33198.919,3319.8919,33.198919000000004,0.33198919
600637.SH,600637,东方明珠,20061012,4.0,4.0,3.88,3.92,3.98,-0.06,-1.51,45382.64,17806.74,1780.6740000000002,17.80674,0.1780674
600637.SH,600637,东方明珠,20061013,3.92,3.96,3.88,3.95,3.92,0.03,0.77,27773.55,10886.421,1088.6421,10.886421,0.10886421
600637.SH,600637,东方明珠,20061016,3.93,3.98,3.9,3.92,3.95,-0.03,-0.76,32875.45,12928.507,1292.8507,12.928507,0.12928507
600637.SH,600637,东方明珠,20061017,3.91,4.02,3.89,4.02,3.92,0.1,2.55,72510.27,28761.729,2876.1729,28.761729,0.2876172899999999
600637.SH,600637,东方明珠,20061018,4.01,4.06,3.97,4.01,4.02,-0.01,-0.25,66083.22,26564.398,2656.4398,26.564398,0.26564398
600637.SH,600637,东方明珠,20061019,4.04,4.08,3.99,4.07,4.01,0.06,1.5,69945.04,28247.129,2824.7129,28.247129,0.28247129
600637.SH,600637,东方明珠,20061020,4.06,4.08,3.95,3.96,4.07,-0.11,-2.7,32394.68,12983.314,1298.3314,12.983314,0.12983314
600637.SH,600637,东方明珠,20061023,3.94,3.99,3.73,3.77,3.96,-0.19,-4.8,38198.34,14756.943,1475.6943,14.756943,0.14756943
600637.SH,600637,东方明珠,20061024,3.75,3.87,3.75,3.84,3.77,0.07,1.86,29765.06,11382.771,1138.2771,11.382771,0.11382771
600637.SH,600637,东方明珠,20061025,3.84,3.86,3.73,3.79,3.84,-0.05,-1.3,33238.76,12603.301,1260.3301,12.603300999999998,0.1260330099999999
600637.SH,600637,东方明珠,20061026,3.8,3.86,3.74,3.8,3.79,0.01,0.26,25306.61,9608.74,960.874,9.60874,0.0960874
600637.SH,600637,东方明珠,20061027,3.8,3.84,3.72,3.72,3.8,-0.08,-2.11,24055.84,9064.489,906.4489,9.064489,0.09064489
600637.SH,600637,东方明珠,20061030,3.7,3.76,3.65,3.71,3.72,-0.01,-0.27,32384.55,11954.084,1195.4084,11.954084,0.11954084
600637.SH,600637,东方明珠,20061031,3.72,3.8,3.71,3.8,3.71,0.09,2.43,21971.18,8273.808,827.3808000000001,8.273808,0.08273808
600637.SH,600637,东方明珠,20061101,3.8,3.8,3.71,3.75,3.8,-0.05,-1.32,22546.82,8431.158,843.1157999999999,8.431158,0.08431158
600637.SH,600637,东方明珠,20061102,3.76,3.83,3.72,3.79,3.75,0.04,1.07,30494.49,11519.364,1151.9364,11.519364,0.11519364
600637.SH,600637,东方明珠,20061103,3.8,3.96,3.79,3.87,3.79,0.08,2.11,60858.54,23698.961,2369.8961,23.698961,0.23698961
600637.SH,600637,东方明珠,20061106,3.82,3.92,3.81,3.84,3.87,-0.03,-0.78,32943.11,12725.057,1272.5057000000002,12.725057,0.12725057
600637.SH,600637,东方明珠,20061107,3.84,3.85,3.69,3.76,3.84,-0.08,-2.08,44501.9,16691.413,1669.1413,16.691413,0.16691413
600637.SH,600637,东方明珠,20061108,3.75,3.8,3.72,3.77,3.76,0.01,0.27,23601.71,8889.879,888.9879000000001,8.889879,0.08889879
600637.SH,600637,东方明珠,20061109,3.75,3.8,3.73,3.79,3.77,0.02,0.53,21197.66,8005.421,800.5421,8.005421,0.08005421
600637.SH,600637,东方明珠,20061110,3.79,3.8,3.61,3.62,3.79,-0.17,-4.49,47826.62,17676.393,1767.6393,17.676393,0.17676393
600637.SH,600637,东方明珠,20061113,3.65,3.67,3.42,3.47,3.62,-0.15,-4.14,34179.71,12105.207,1210.5207,12.105207,0.12105207
600637.SH,600637,东方明珠,20061114,3.45,3.59,3.44,3.57,3.47,0.1,2.88,26952.52,9453.027,945.3027,9.453027,0.0945302699999999
600637.SH,600637,东方明珠,20061115,3.58,3.62,3.55,3.61,3.57,0.04,1.12,21637.63,7760.043,776.0043,7.760043,0.07760043
600637.SH,600637,东方明珠,20061116,3.61,3.63,3.5,3.51,3.61,-0.1,-2.77,29988.85,10630.567,1063.0567,10.630567,0.1063056699999999
600637.SH,600637,东方明珠,20061117,3.5,3.6,3.47,3.57,3.51,0.06,1.71,22687.01,8049.496,804.9496,8.049496,0.0804949599999999
600637.SH,600637,东方明珠,20061120,3.57,3.59,3.5,3.56,3.57,-0.01,-0.28,18144.95,6422.165,642.2165,6.422165,0.0642216499999999
600637.SH,600637,东方明珠,20061121,3.55,3.56,3.46,3.53,3.56,-0.03,-0.84,26916.48,9457.614,945.7614,9.457614,0.0945761399999999
600637.SH,600637,东方明珠,20061122,3.53,3.62,3.48,3.59,3.53,0.06,1.7,36172.49,12932.107,1293.2107,12.932107,0.12932107
600637.SH,600637,东方明珠,20061123,3.59,3.63,3.56,3.63,3.59,0.04,1.11,29259.81,10547.742,1054.7742,10.547742,0.10547742
600637.SH,600637,东方明珠,20061124,3.63,3.72,3.59,3.66,3.63,0.03,0.83,44487.91,16264.944,1626.4944,16.264944,0.16264944
600637.SH,600637,东方明珠,20061127,3.66,3.74,3.63,3.7,3.66,0.04,1.09,33197.24,12258.573,1225.8573,12.258573000000002,0.12258573
600637.SH,600637,东方明珠,20061128,3.7,3.73,3.64,3.68,3.7,-0.02,-0.54,34919.42,12810.571,1281.0571,12.810571,0.1281057099999999
600637.SH,600637,东方明珠,20061129,3.65,3.75,3.62,3.74,3.68,0.06,1.63,37303.57,13775.934,1377.5934,13.775934,0.13775934
600637.SH,600637,东方明珠,20061130,3.73,3.77,3.7,3.74,3.74,0.0,0.0,46211.19,17277.018,1727.7018,17.277018,0.17277018
600637.SH,600637,东方明珠,20061201,3.75,3.76,3.67,3.7,3.74,-0.04,-1.07,53143.89,19664.675,1966.4675,19.664675,0.1966467499999999
600637.SH,600637,东方明珠,20061204,3.69,3.85,3.67,3.81,3.7,0.11,2.97,89892.41,33736.943,3373.6943,33.736943000000004,0.33736943
600637.SH,600637,东方明珠,20061205,3.81,3.91,3.76,3.9,3.81,0.09,2.36,113552.85,43556.76,4355.676,43.55676,0.4355676
600637.SH,600637,东方明珠,20061206,3.9,4.13,3.82,4.1,3.9,0.2,5.13,258050.38,103430.392,10343.0392,103.430392,1.0343039200000002
600637.SH,600637,东方明珠,20061207,4.18,4.51,4.18,4.37,4.1,0.27,6.59,425966.24,186628.685,18662.8685,186.628685,1.8662868500000005
600637.SH,600637,东方明珠,20061208,4.25,4.35,3.95,3.97,4.37,-0.4,-9.15,192262.27,79721.77,7972.177000000001,79.72177,0.7972177
600637.SH,600637,东方明珠,20061211,3.97,4.15,3.97,4.15,3.97,0.18,4.53,85810.43,35049.854,3504.9854,35.049854,0.35049854
600637.SH,600637,东方明珠,20061212,4.11,4.18,3.98,4.07,4.15,-0.08,-1.93,73591.69,29926.734,2992.6734,29.926734,0.29926734
600637.SH,600637,东方明珠,20061213,4.07,4.09,3.93,4.0,4.07,-0.07,-1.72,44764.01,17863.663,1786.3663,17.863663000000003,0.17863663
600637.SH,600637,东方明珠,20061214,4.03,4.08,3.97,4.05,4.0,0.05,1.25,48011.29,19337.352,1933.7352,19.337352,0.19337352
600637.SH,600637,东方明珠,20061215,4.06,4.11,3.99,4.1,4.05,0.05,1.23,62664.48,25388.09,2538.809,25.38809,0.2538809
600637.SH,600637,东方明珠,20061218,4.1,4.13,4.03,4.1,4.1,0.0,0.0,68455.07,27828.794,2782.8794000000003,27.828794,0.27828794
600637.SH,600637,东方明珠,20061219,4.1,4.34,4.06,4.27,4.1,0.17,4.15,164545.48,69121.102,6912.1102,69.12110200000001,0.6912110200000001
600637.SH,600637,东方明珠,20061220,4.22,4.26,4.12,4.24,4.27,-0.03,-0.7,77331.72,32395.187,3239.5187,32.395187,0.32395187
600637.SH,600637,东方明珠,20061221,4.2,4.24,4.01,4.08,4.24,-0.16,-3.77,84473.36,34885.651,3488.5651,34.885651,0.3488565099999999
600637.SH,600637,东方明珠,20061222,4.05,4.09,3.97,4.05,4.08,-0.03,-0.74,44254.84,17840.567,1784.0567,17.840567,0.17840567
600637.SH,600637,东方明珠,20061225,4.05,4.09,3.99,4.06,4.05,0.01,0.25,56349.56,22792.63,2279.263,22.79263,0.2279263
600637.SH,600637,东方明珠,20061226,4.05,4.06,3.96,3.98,4.06,-0.08,-1.97,41995.93,16791.975,1679.1974999999998,16.791974999999997,0.1679197499999999
600637.SH,600637,东方明珠,20061227,3.97,4.05,3.96,4.02,3.98,0.04,1.01,45159.46,18071.211,1807.1211,18.071211,0.1807121099999999
600637.SH,600637,东方明珠,20061228,4.03,4.04,3.8,3.84,4.02,-0.18,-4.48,56260.98,22007.626,2200.7626,22.007626,0.22007626
600637.SH,600637,东方明珠,20061229,3.86,3.97,3.84,3.9,3.84,0.06,1.56,50829.79,19783.86,1978.386,19.78386,0.1978386
600637.SH,600637,东方明珠,20070104,3.9,3.95,3.84,3.89,3.9,-0.01,-0.26,60284.98,23451.82,2345.182,23.45182,0.2345181999999999
600637.SH,600637,东方明珠,20070105,3.85,3.94,3.81,3.93,3.89,0.04,1.03,60522.33,23406.291,2340.6291,23.406291,0.2340629099999999
600637.SH,600637,东方明珠,20070108,3.95,4.14,3.92,4.1,3.93,0.17,4.33,98570.94,39752.048,3975.2048,39.752048,0.39752048
600637.SH,600637,东方明珠,20070109,4.1,4.15,4.04,4.13,4.1,0.03,0.73,87248.59,35748.641,3574.8641,35.748641,0.35748641
600637.SH,600637,东方明珠,20070110,4.12,4.27,4.05,4.26,4.13,0.13,3.15,134240.97,55834.27,5583.427,55.83427,0.5583427
600637.SH,600637,东方明珠,20070111,4.26,4.67,4.17,4.38,4.26,0.12,2.82,230094.44,101564.25,10156.425,101.56425,1.0156424999999998
600637.SH,600637,东方明珠,20070112,4.36,4.43,4.07,4.1,4.38,-0.28,-6.39,129298.7,54930.186,5493.0186,54.930186000000006,0.54930186
600637.SH,600637,东方明珠,20070115,4.08,4.29,4.06,4.29,4.1,0.19,4.63,104149.06,43726.747,4372.6747000000005,43.726747,0.43726747
600637.SH,600637,东方明珠,20070116,4.28,4.34,4.2,4.3,4.29,0.01,0.23,102704.87,43788.408,4378.8408,43.788408,0.4378840799999999
600637.SH,600637,东方明珠,20070117,4.3,4.41,4.16,4.28,4.3,-0.02,-0.47,140563.64,60651.894,6065.1894,60.651894,0.60651894
600637.SH,600637,东方明珠,20070118,4.28,4.51,4.22,4.48,4.28,0.2,4.67,177528.07,77899.129,7789.9129,77.899129,0.77899129
600637.SH,600637,东方明珠,20070119,4.5,4.6,4.42,4.54,4.48,0.06,1.34,163541.14,73813.465,7381.3465,73.813465,0.7381346499999999
600637.SH,600637,东方明珠,20070122,4.63,4.85,4.59,4.83,4.54,0.29,6.39,239271.32,112862.361,11286.2361,112.862361,1.12862361
600637.SH,600637,东方明珠,20070123,4.83,4.89,4.58,4.81,4.83,-0.02,-0.41,201331.24,95398.268,9539.8268,95.398268,0.95398268
600637.SH,600637,东方明珠,20070124,4.8,4.95,4.72,4.9,4.81,0.09,1.87,207543.68,101216.261,10121.6261,101.216261,1.01216261
600637.SH,600637,东方明珠,20070125,4.86,4.87,4.6,4.61,4.9,-0.29,-5.92,181337.19,85995.328,8599.532799999999,85.99532799999999,0.8599532799999998
600637.SH,600637,东方明珠,20070126,4.58,4.64,4.28,4.5,4.61,-0.11,-2.39,129901.64,57973.764,5797.3764,57.973764,0.57973764
600637.SH,600637,东方明珠,20070129,4.5,4.89,4.5,4.87,4.5,0.37,8.22,177265.25,84090.146,8409.014599999999,84.09014599999999,0.8409014599999999
600637.SH,600637,东方明珠,20070130,4.9,4.98,4.7,4.83,4.87,-0.04,-0.82,168162.26,81703.888,8170.388800000001,81.703888,0.81703888
600637.SH,600637,东方明珠,20070131,4.85,5.04,4.7,4.75,4.83,-0.08,-1.66,230569.87,113213.257,11321.3257,113.213257,1.13213257
600637.SH,600637,东方明珠,20070201,4.7,5.0,4.52,4.97,4.75,0.22,4.63,180961.16,86633.367,8663.3367,86.63336699999999,0.86633367
600637.SH,600637,东方明珠,20070202,4.98,5.18,4.8,4.83,4.97,-0.14,-2.82,254749.56,127835.666,12783.5666,127.835666,1.27835666
600637.SH,600637,东方明珠,20070205,4.78,5.12,4.7,5.06,4.83,0.23,4.76,182409.6,91350.607,9135.0607,91.350607,0.91350607
600637.SH,600637,东方明珠,20070206,5.1,5.23,4.98,5.2,5.06,0.14,2.77,168785.81,86333.542,8633.3542,86.333542,0.86333542
600637.SH,600637,东方明珠,20070207,5.23,5.37,5.08,5.32,5.2,0.12,2.31,200226.26,104082.066,10408.2066,104.082066,1.04082066
600637.SH,600637,东方明珠,20070208,5.27,5.38,5.18,5.19,5.32,-0.13,-2.44,160640.24,84548.467,8454.8467,84.548467,0.84548467
600637.SH,600637,东方明珠,20070209,5.19,5.31,5.07,5.17,5.19,-0.02,-0.39,134276.48,69487.128,6948.712799999999,69.487128,0.69487128
600637.SH,600637,东方明珠,20070212,5.2,5.42,5.15,5.39,5.17,0.22,4.26,157232.39,83298.29,8329.829,83.29829,0.8329829
600637.SH,600637,东方明珠,20070213,5.45,5.45,5.31,5.4,5.39,0.01,0.19,142678.84,76634.776,7663.4776,76.634776,0.76634776
600637.SH,600637,东方明珠,20070214,5.38,5.5,5.34,5.44,5.4,0.04,0.74,110940.97,60331.86,6033.186,60.33186,0.6033186
600637.SH,600637,东方明珠,20070215,5.45,5.56,5.37,5.52,5.44,0.08,1.47,133129.92,72759.242,7275.924199999999,72.759242,0.72759242
600637.SH,600637,东方明珠,20070216,5.55,5.95,5.52,5.66,5.52,0.14,2.54,161229.43,92679.364,9267.9364,92.679364,0.92679364
600637.SH,600637,东方明珠,20070226,5.7,5.99,5.59,5.93,5.66,0.27,4.77,155018.39,90187.463,9018.7463,90.187463,0.90187463
600637.SH,600637,东方明珠,20070227,5.94,6.49,5.4,5.56,5.93,-0.37,-6.24,319516.89,192877.82,19287.782,192.87782,1.9287782
600637.SH,600637,东方明珠,20070228,5.6,6.12,5.6,6.12,5.56,0.56,10.07,260508.23,155823.636,15582.3636,155.823636,1.55823636
600637.SH,600637,东方明珠,20070301,6.23,6.32,5.9,6.22,6.12,0.1,1.63,247362.35,151424.064,15142.406400000002,151.42406400000002,1.51424064
600637.SH,600637,东方明珠,20070302,6.11,6.16,5.92,6.05,6.22,-0.17,-2.73,174619.36,105141.435,10514.1435,105.141435,1.05141435
600637.SH,600637,东方明珠,20070305,6.02,6.04,5.63,5.83,6.05,-0.22,-3.64,159012.42,92875.546,9287.5546,92.875546,0.92875546
600637.SH,600637,东方明珠,20070306,5.78,5.94,5.63,5.86,5.83,0.03,0.51,105146.1,60879.442,6087.9442,60.879442,0.60879442
600637.SH,600637,东方明珠,20070307,5.75,5.96,5.72,5.9,5.86,0.04,0.68,152024.27,88845.351,8884.5351,88.845351,0.88845351
600637.SH,600637,东方明珠,20070308,5.88,6.09,5.77,6.01,5.9,0.11,1.86,168436.72,100148.083,10014.8083,100.148083,1.00148083
600637.SH,600637,东方明珠,20070309,6.01,6.37,5.96,6.33,6.01,0.32,5.32,309413.78,191881.632,19188.163200000003,191.881632,1.9188163200000004
600637.SH,600637,东方明珠,20070312,6.5,6.54,6.26,6.47,6.33,0.14,2.21,360325.69,231342.364,23134.2364,231.342364,2.31342364
600637.SH,600637,东方明珠,20070313,6.44,6.45,6.3,6.4,6.47,-0.07,-1.08,167229.87,106764.603,10676.4603,106.764603,1.06764603
600637.SH,600637,东方明珠,20070314,6.37,6.58,6.1,6.57,6.4,0.17,2.66,242265.48,154265.533,15426.5533,154.265533,1.54265533
600637.SH,600637,东方明珠,20070315,6.53,6.84,6.5,6.76,6.57,0.19,2.89,287615.62,192464.812,19246.4812,192.464812,1.9246481200000003
600637.SH,600637,东方明珠,20070316,6.78,6.81,6.3,6.4,6.76,-0.36,-5.33,279552.72,183908.588,18390.8588,183.908588,1.83908588
600637.SH,600637,东方明珠,20070319,6.12,6.45,6.08,6.38,6.4,-0.02,-0.31,134771.2,85310.842,8531.084200000001,85.31084200000001,0.8531084200000001
600637.SH,600637,东方明珠,20070320,6.4,6.53,6.32,6.51,6.38,0.13,2.04,123984.86,79761.508,7976.1508,79.761508,0.79761508
600637.SH,600637,东方明珠,20070321,6.54,6.62,6.36,6.57,6.51,0.06,0.92,136240.63,88513.734,8851.3734,88.513734,0.88513734
600637.SH,600637,东方明珠,20070322,6.57,6.66,6.45,6.47,6.57,-0.1,-1.52,169236.95,111265.917,11126.5917,111.265917,1.11265917
600637.SH,600637,东方明珠,20070323,6.44,6.55,6.27,6.43,6.47,-0.04,-0.62,147269.05,94164.512,9416.4512,94.164512,0.94164512
600637.SH,600637,东方明珠,20070326,6.45,6.73,6.45,6.73,6.43,0.3,4.67,202320.37,134402.175,13440.2175,134.402175,1.34402175
600637.SH,600637,东方明珠,20070327,6.74,7.29,6.62,7.18,6.73,0.45,6.69,323379.56,223824.172,22382.4172,223.824172,2.23824172
600637.SH,600637,东方明珠,20070328,7.19,7.26,6.71,7.01,7.18,-0.17,-2.37,403813.13,284310.069,28431.0069,284.310069,2.84310069
600637.SH,600637,东方明珠,20070329,7.01,7.15,6.68,6.7,7.01,-0.31,-4.42,199916.65,138857.485,13885.748499999998,138.85748499999997,1.3885748499999997
600637.SH,600637,东方明珠,20070330,6.68,6.88,6.57,6.87,6.7,0.17,2.54,124427.11,84226.983,8422.6983,84.226983,0.84226983
600637.SH,600637,东方明珠,20070402,6.84,6.99,6.77,6.9,6.87,0.03,0.44,125458.95,86379.747,8637.9747,86.37974700000001,0.8637974700000001
600637.SH,600637,东方明珠,20070403,6.95,7.0,6.78,6.95,6.9,0.05,0.72,130837.6,89978.275,8997.8275,89.978275,0.89978275
600637.SH,600637,东方明珠,20070404,6.93,7.1,6.85,7.05,6.95,0.1,1.44,205613.42,143747.909,14374.790900000002,143.74790900000002,1.4374790900000003
600637.SH,600637,东方明珠,20070405,7.05,7.1,6.87,7.04,7.05,-0.01,-0.14,148414.37,104148.136,10414.8136,104.148136,1.04148136
600637.SH,600637,东方明珠,20070406,6.97,7.25,6.9,7.19,7.04,0.15,2.13,269789.73,192293.094,19229.3094,192.293094,1.9229309400000003
600637.SH,600637,东方明珠,20070409,7.21,7.49,7.21,7.34,7.19,0.15,2.09,290684.59,213763.791,21376.3791,213.763791,2.13763791
600637.SH,600637,东方明珠,20070410,7.39,7.55,7.0,7.42,7.34,0.08,1.09,257125.95,187938.609,18793.8609,187.938609,1.87938609
600637.SH,600637,东方明珠,20070411,7.34,7.42,7.11,7.3,7.42,-0.12,-1.62,167136.73,121630.427,12163.0427,121.630427,1.21630427
600637.SH,600637,东方明珠,20070412,7.3,7.49,7.2,7.39,7.3,0.09,1.23,178729.19,131322.499,13132.2499,131.322499,1.31322499
600637.SH,600637,东方明珠,20070413,7.36,7.52,7.23,7.28,7.39,-0.11,-1.49,272943.9,202018.942,20201.8942,202.01894200000004,2.0201894200000003
600637.SH,600637,东方明珠,20070416,7.66,7.78,7.35,7.49,7.28,0.21,2.88,211230.25,158272.258,15827.2258,158.272258,1.58272258
600637.SH,600637,东方明珠,20070417,7.48,7.78,7.3,7.73,7.49,0.24,3.2,324837.22,244765.361,24476.5361,244.765361,2.44765361
600637.SH,600637,东方明珠,20070418,7.75,8.15,7.65,8.1,7.73,0.37,4.79,389174.91,307963.48,30796.348,307.96348,3.0796348
600637.SH,600637,东方明珠,20070419,8.0,8.03,7.29,7.41,8.1,-0.69,-8.52,305415.69,235101.463,23510.1463,235.101463,2.35101463
600637.SH,600637,东方明珠,20070420,7.5,7.84,7.5,7.81,7.41,0.4,5.4,210605.37,162414.14,16241.414,162.41414,1.6241414
600637.SH,600637,东方明珠,20070423,7.88,8.22,7.88,8.18,7.81,0.37,4.74,326860.88,264236.333,26423.6333,264.236333,2.64236333
600637.SH,600637,东方明珠,20070424,8.2,8.33,8.0,8.19,8.18,0.01,0.12,281918.52,230439.415,23043.9415,230.439415,2.30439415
600637.SH,600637,东方明珠,20070425,8.2,8.27,7.9,8.09,8.19,-0.1,-1.22,215421.64,173991.396,17399.139600000002,173.991396,1.73991396
600637.SH,600637,东方明珠,20070426,8.11,8.47,8.11,8.34,8.09,0.25,3.09,240038.77,200134.396,20013.4396,200.134396,2.0013439600000003
600637.SH,600637,东方明珠,20070427,8.31,8.38,8.06,8.22,8.34,-0.12,-1.44,193654.24,159156.609,15915.6609,159.156609,1.59156609
600637.SH,600637,东方明珠,20070430,8.38,9.04,8.37,9.04,8.22,0.82,9.98,472344.11,420603.067,42060.3067,420.603067,4.2060306700000005
600637.SH,600637,东方明珠,20070508,9.5,9.94,9.35,9.72,9.04,0.68,7.52,531114.5,512820.039,51282.0039,512.820039,5.12820039
600637.SH,600637,东方明珠,20070509,9.67,9.7,9.06,9.53,9.72,-0.19,-1.95,361530.51,339710.61,33971.061,339.71061000000003,3.3971061
600637.SH,600637,东方明珠,20070510,9.53,10.45,9.3,10.11,9.53,0.58,6.09,337434.27,337019.258,33701.9258,337.019258,3.37019258
600637.SH,600637,东方明珠,20070511,9.9,11.08,9.65,10.9,10.11,0.79,7.81,427927.32,452029.513,45202.9513,452.029513,4.52029513
600637.SH,600637,东方明珠,20070514,10.68,11.69,10.51,10.78,10.9,-0.12,-1.1,373273.92,415255.216,41525.5216,415.255216,4.15255216
600637.SH,600637,东方明珠,20070515,10.72,11.05,9.98,10.01,10.78,-0.77,-7.14,315189.81,329151.197,32915.1197,329.151197,3.29151197
600637.SH,600637,东方明珠,20070516,10.0,10.35,9.3,10.3,10.01,0.29,2.9,265390.48,264412.362,26441.236200000003,264.41236200000003,2.64412362
600637.SH,600637,东方明珠,20070517,10.32,10.92,10.15,10.78,10.3,0.48,4.66,286185.61,302755.151,30275.5151,302.755151,3.0275515100000003
600637.SH,600637,东方明珠,20070518,10.81,11.18,10.58,10.87,10.78,0.09,0.83,290344.34,316802.319,31680.2319,316.802319,3.16802319
600637.SH,600637,东方明珠,20070521,10.3,11.96,10.3,11.96,10.87,1.09,10.03,448697.21,503266.877,50326.6877,503.266877,5.03266877
600637.SH,600637,东方明珠,20070522,12.22,13.16,12.21,12.42,11.96,0.46,3.85,585166.37,748586.297,74858.6297,748.5862970000001,7.48586297
600637.SH,600637,东方明珠,20070523,12.5,13.49,12.38,13.34,12.42,0.92,7.41,337707.34,441881.717,44188.1717,441.881717,4.41881717
600637.SH,600637,东方明珠,20070524,13.37,13.39,12.5,12.96,13.34,-0.38,-2.85,361221.91,465947.998,46594.7998,465.947998,4.65947998
600637.SH,600637,东方明珠,20070525,12.97,14.0,12.8,13.98,12.96,1.02,7.87,421900.48,567674.003,56767.4003,567.674003,5.67674003
600637.SH,600637,东方明珠,20070528,14.1,15.13,14.1,14.35,13.98,0.37,2.65,371342.7,546119.446,54611.9446,546.119446,5.461194460000001
600637.SH,600637,东方明珠,20070530,13.0,14.88,12.92,12.92,14.35,-1.43,-9.97,449903.83,612584.831,61258.4831,612.584831,6.12584831
600637.SH,600637,东方明珠,20070531,12.81,13.35,11.63,12.13,12.92,-0.79,-6.11,396016.0,479992.803,47999.2803,479.992803,4.79992803
600637.SH,600637,东方明珠,20070601,12.13,12.2,10.92,10.92,12.13,-1.21,-9.98,245614.76,277118.893,27711.8893,277.118893,2.77118893
600637.SH,600637,东方明珠,20070604,10.3,10.77,9.83,9.83,10.92,-1.09,-9.98,61508.65,62021.384,6202.1384,62.021384,0.62021384
600637.SH,600637,东方明珠,20070605,8.85,9.6,8.85,9.46,9.83,-0.37,-3.76,452989.8,405115.381,40511.5381,405.115381,4.05115381
600637.SH,600637,东方明珠,20070606,9.46,9.68,8.7,9.07,9.46,-0.39,-4.12,380015.23,349719.826,34971.9826,349.719826,3.49719826
600637.SH,600637,东方明珠,20070607,9.01,9.78,8.91,9.76,9.07,0.69,7.61,330426.55,310340.03,31034.003000000004,310.34003000000007,3.103400300000001
600637.SH,600637,东方明珠,20070608,9.8,10.0,9.55,9.82,9.76,0.06,0.61,347600.91,341154.995,34115.4995,341.154995,3.41154995
600637.SH,600637,东方明珠,20070611,9.85,10.0,9.41,9.54,9.82,-0.28,-2.85,310452.84,299925.912,29992.591200000003,299.92591200000004,2.9992591200000005
600637.SH,600637,东方明珠,20070612,9.57,9.96,9.12,9.79,9.54,0.25,2.62,278416.31,268742.465,26874.2465,268.74246500000004,2.6874246500000005
600637.SH,600637,东方明珠,20070613,10.0,10.67,9.85,10.65,9.79,0.86,8.78,415392.7,428721.493,42872.149300000005,428.72149300000007,4.287214930000001
600637.SH,600637,东方明珠,20070614,10.4,10.65,10.0,10.11,10.65,-0.54,-5.07,330355.13,340012.759,34001.2759,340.012759,3.4001275900000003
600637.SH,600637,东方明珠,20070615,9.98,10.15,9.58,9.71,10.11,-0.4,-3.96,205898.31,202503.484,20250.3484,202.503484,2.02503484
600637.SH,600637,东方明珠,20070618,9.97,10.27,9.77,10.04,9.71,0.33,3.4,236608.75,236151.865,23615.1865,236.151865,2.36151865
600637.SH,600637,东方明珠,20070619,10.0,10.5,9.85,10.35,10.04,0.31,3.09,266809.58,271616.94,27161.694,271.61694,2.7161694
600637.SH,600637,东方明珠,20070620,10.41,10.5,9.65,9.71,10.35,-0.64,-6.18,239647.84,243168.945,24316.8945,243.168945,2.43168945
600637.SH,600637,东方明珠,20070621,9.75,9.85,9.15,9.42,9.71,-0.29,-2.99,194711.46,184515.018,18451.5018,184.51501800000003,1.8451501800000003
600637.SH,600637,东方明珠,20070622,9.42,9.45,8.48,8.55,9.42,-0.87,-9.24,222428.97,195914.335,19591.4335,195.914335,1.95914335
600637.SH,600637,东方明珠,20070625,8.55,8.58,7.7,7.7,8.55,-0.85,-9.94,210437.38,165858.052,16585.8052,165.858052,1.65858052
600637.SH,600637,东方明珠,20070626,7.3,7.86,7.01,7.81,7.7,0.11,1.43,178802.3,131197.55,13119.755,131.19754999999998,1.3119754999999995
600637.SH,600637,东方明珠,20070627,7.8,7.87,7.35,7.76,7.81,-0.05,-0.64,181118.03,138108.365,13810.8365,138.108365,1.38108365
600637.SH,600637,东方明珠,20070628,7.78,8.29,7.4,7.42,7.76,-0.34,-4.38,241629.24,192422.843,19242.2843,192.422843,1.92422843
600637.SH,600637,东方明珠,20070629,6.85,7.4,6.72,6.79,7.42,-0.63,-8.49,181017.92,125930.677,12593.0677,125.930677,1.25930677
600637.SH,600637,东方明珠,20070702,6.96,7.18,6.8,7.15,6.79,0.36,5.3,136437.29,95585.628,9558.5628,95.585628,0.95585628
600637.SH,600637,东方明珠,20070703,7.32,7.7,7.08,7.68,7.15,0.53,7.41,199441.15,146612.545,14661.2545,146.612545,1.46612545
600637.SH,600637,东方明珠,20070704,7.72,7.79,7.2,7.21,7.68,-0.47,-6.12,151256.62,112665.103,11266.5103,112.665103,1.12665103
600637.SH,600637,东方明珠,20070705,7.15,7.39,6.92,7.09,7.21,-0.12,-1.66,111321.7,79239.768,7923.976799999999,79.239768,0.79239768
600637.SH,600637,东方明珠,20070706,7.15,7.72,7.1,7.68,7.09,0.59,8.32,239072.38,177816.647,17781.6647,177.81664700000002,1.7781664700000002
600637.SH,600637,东方明珠,20070709,7.7,7.98,7.45,7.83,7.68,0.15,1.95,220715.96,170529.417,17052.9417,170.529417,1.70529417
600637.SH,600637,东方明珠,20070710,7.72,7.78,7.27,7.37,7.83,-0.46,-5.87,138783.19,103579.345,10357.9345,103.579345,1.03579345
600637.SH,600637,东方明珠,20070711,7.29,7.58,7.2,7.54,7.37,0.17,2.31,67711.37,50241.796,5024.1796,50.241796,0.50241796
600637.SH,600637,东方明珠,20070712,7.48,7.56,7.31,7.39,7.54,-0.15,-1.99,55769.86,41390.423,4139.0423,41.390423,0.41390423
600637.SH,600637,东方明珠,20070713,7.46,7.6,7.36,7.44,7.39,0.05,0.68,66747.18,49811.482,4981.1482000000005,49.811482000000005,0.49811482
600637.SH,600637,东方明珠,20070716,7.44,7.48,6.97,6.98,7.44,-0.46,-6.18,77914.14,55625.838,5562.5838,55.625838,0.55625838
600637.SH,600637,东方明珠,20070717,6.92,7.35,6.92,7.23,6.98,0.25,3.58,65466.18,46919.755,4691.9755,46.919755,0.4691975499999999
600637.SH,600637,东方明珠,20070718,7.19,7.33,7.02,7.29,7.23,0.06,0.83,66987.97,48224.052,4822.4052,48.224052,0.48224052
600637.SH,600637,东方明珠,20070719,6.65,6.78,6.56,6.7,6.63,0.07,1.06,46399.31,31122.914,3112.2914,31.122914,0.31122914
600637.SH,600637,东方明珠,20070720,6.7,6.9,6.63,6.84,6.7,0.14,2.09,110770.86,75595.117,7559.5117,75.595117,0.75595117
600637.SH,600637,东方明珠,20070723,6.86,7.27,6.86,7.25,6.84,0.41,5.99,210205.65,149613.156,14961.315599999998,149.61315599999998,1.4961315599999998
600637.SH,600637,东方明珠,20070724,7.32,7.65,7.28,7.34,7.25,0.09,1.24,230354.28,171615.173,17161.5173,171.615173,1.71615173
600637.SH,600637,东方明珠,20070725,7.35,7.56,7.35,7.54,7.34,0.2,2.72,162019.15,121122.461,12112.2461,121.122461,1.21122461
600637.SH,600637,东方明珠,20070726,7.62,7.95,7.57,7.9,7.54,0.36,4.77,204856.74,159545.735,15954.5735,159.54573499999998,1.5954573499999998
600637.SH,600637,东方明珠,20070727,8.05,8.28,7.8,8.27,7.9,0.37,4.68,236275.06,191065.454,19106.5454,191.065454,1.91065454
600637.SH,600637,东方明珠,20070730,8.27,8.4,8.15,8.28,8.27,0.01,0.12,202170.32,167299.988,16729.9988,167.299988,1.67299988
600637.SH,600637,东方明珠,20070731,8.28,8.64,8.28,8.41,8.28,0.13,1.57,181794.3,153250.468,15325.0468,153.250468,1.5325046800000002
600637.SH,600637,东方明珠,20070801,8.46,8.69,7.67,7.71,8.41,-0.7,-8.32,229316.32,188023.369,18802.3369,188.02336900000003,1.8802336900000003
600637.SH,600637,东方明珠,20070802,7.68,7.99,7.5,7.91,7.71,0.2,2.59,151428.92,118084.471,11808.4471,118.084471,1.18084471
600637.SH,600637,东方明珠,20070803,8.0,8.0,7.61,7.78,7.91,-0.13,-1.64,148538.73,115268.325,11526.8325,115.268325,1.15268325
600637.SH,600637,东方明珠,20070806,7.79,8.08,7.7,8.05,7.78,0.27,3.47,160567.46,125756.886,12575.6886,125.756886,1.25756886
600637.SH,600637,东方明珠,20070807,8.02,8.02,7.75,7.78,8.05,-0.27,-3.35,143600.41,112459.849,11245.9849,112.459849,1.12459849
600637.SH,600637,东方明珠,20070808,7.75,7.78,7.35,7.6,7.78,-0.18,-2.31,125676.96,94957.915,9495.7915,94.957915,0.94957915
600637.SH,600637,东方明珠,20070809,7.58,7.72,7.51,7.58,7.6,-0.02,-0.26,100901.47,76873.852,7687.3852,76.873852,0.76873852
600637.SH,600637,东方明珠,20070810,7.59,7.71,7.17,7.27,7.58,-0.31,-4.09,127057.67,93834.904,9383.4904,93.834904,0.93834904
600637.SH,600637,东方明珠,20070813,7.27,7.47,7.02,7.44,7.27,0.17,2.34,134098.85,96767.904,9676.7904,96.767904,0.96767904
600637.SH,600637,东方明珠,20070814,7.35,7.67,7.35,7.63,7.44,0.19,2.55,109804.46,83073.996,8307.3996,83.07399600000001,0.83073996
600637.SH,600637,东方明珠,20070815,7.65,7.65,7.25,7.49,7.63,-0.14,-1.83,113235.26,84348.331,8434.8331,84.348331,0.84348331
600637.SH,600637,东方明珠,20070816,7.49,7.89,7.22,7.78,7.49,0.29,3.87,178245.36,136842.315,13684.2315,136.842315,1.36842315
600637.SH,600637,东方明珠,20070817,7.78,8.15,7.63,7.94,7.78,0.16,2.06,268530.66,213158.548,21315.8548,213.158548,2.13158548
600637.SH,600637,东方明珠,20070820,8.15,8.34,7.95,8.28,7.94,0.34,4.28,230949.95,188683.829,18868.3829,188.683829,1.88683829
600637.SH,600637,东方明珠,20070821,8.29,8.6,8.11,8.54,8.28,0.26,3.14,361819.57,305260.182,30526.0182,305.260182,3.05260182
600637.SH,600637,东方明珠,20070822,8.4,9.04,8.28,8.85,8.54,0.31,3.63,602753.1,526511.103,52651.1103,526.511103,5.265111030000001
600637.SH,600637,东方明珠,20070823,8.79,8.88,8.56,8.7,8.85,-0.15,-1.69,220248.16,191298.915,19129.8915,191.298915,1.91298915
600637.SH,600637,东方明珠,20070824,8.7,8.72,8.4,8.48,8.7,-0.22,-2.53,217812.32,186260.625,18626.0625,186.260625,1.86260625
600637.SH,600637,东方明珠,20070827,8.5,8.79,8.29,8.73,8.48,0.25,2.95,194522.35,165107.628,16510.7628,165.107628,1.65107628
600637.SH,600637,东方明珠,20070828,8.58,8.6,8.35,8.41,8.73,-0.32,-3.67,153850.18,129632.114,12963.2114,129.632114,1.29632114
600637.SH,600637,东方明珠,20070829,8.3,8.6,8.12,8.38,8.41,-0.03,-0.36,158834.95,132529.348,13252.9348,132.529348,1.32529348
600637.SH,600637,东方明珠,20070830,8.4,9.05,8.29,8.83,8.38,0.45,5.37,304832.5,267297.325,26729.7325,267.297325,2.67297325
600637.SH,600637,东方明珠,20070831,8.83,9.07,8.76,8.85,8.83,0.02,0.23,216172.65,192505.341,19250.5341,192.505341,1.92505341
600637.SH,600637,东方明珠,20070903,8.98,9.3,8.92,8.96,8.85,0.11,1.24,225831.88,204870.656,20487.0656,204.870656,2.04870656
600637.SH,600637,东方明珠,20070904,9.01,9.15,8.65,8.81,8.96,-0.15,-1.67,193297.02,171691.68,17169.167999999998,171.69168,1.7169168
600637.SH,600637,东方明珠,20070905,8.81,8.93,8.49,8.74,8.81,-0.07,-0.79,140421.53,121873.685,12187.3685,121.873685,1.21873685
600637.SH,600637,东方明珠,20070906,8.78,9.05,8.7,8.85,8.74,0.11,1.26,178637.62,158422.678,15842.2678,158.42267800000002,1.5842267800000005
600637.SH,600637,东方明珠,20070907,8.78,8.79,8.36,8.4,8.85,-0.45,-5.08,183448.94,156688.891,15668.8891,156.688891,1.56688891
600637.SH,600637,东方明珠,20070910,8.31,8.96,8.08,8.9,8.4,0.5,5.95,205901.1,175505.92,17550.592,175.50592,1.7550592
600637.SH,600637,东方明珠,20070911,8.91,9.28,8.5,8.61,8.9,-0.29,-3.26,458457.61,416304.834,41630.4834,416.304834,4.16304834
600637.SH,600637,东方明珠,20070912,8.68,9.47,8.48,9.47,8.61,0.86,9.99,523688.48,482637.464,48263.7464,482.637464,4.82637464
600637.SH,600637,东方明珠,20070913,9.63,10.3,9.55,9.77,9.47,0.3,3.17,801395.63,789032.27,78903.227,789.03227,7.8903227
600637.SH,600637,东方明珠,20070914,9.78,10.75,9.63,10.75,9.77,0.98,10.03,357235.01,371037.543,37103.7543,371.037543,3.710375430000001
600637.SH,600637,东方明珠,20070917,11.17,11.83,11.0,11.49,10.75,0.74,6.88,675887.68,773991.032,77399.1032,773.991032,7.73991032
600637.SH,600637,东方明珠,20070918,11.5,11.5,10.9,11.22,11.49,-0.27,-2.35,324973.27,363003.875,36300.3875,363.003875,3.63003875
600637.SH,600637,东方明珠,20070919,11.24,11.9,11.03,11.3,11.22,0.08,0.71,374636.11,430072.262,43007.2262,430.072262,4.300722619999999
600637.SH,600637,东方明珠,20070920,11.45,11.5,10.82,11.23,11.3,-0.07,-0.62,270107.08,301190.942,30119.0942,301.190942,3.0119094200000003
600637.SH,600637,东方明珠,20070921,11.19,12.35,11.02,12.35,11.23,1.12,9.97,561747.95,666610.859,66661.0859,666.610859,6.66610859
600637.SH,600637,东方明珠,20070924,12.4,12.72,11.72,12.03,12.35,-0.32,-2.59,434573.89,529306.351,52930.6351,529.306351,5.29306351
600637.SH,600637,东方明珠,20070925,11.92,12.1,10.83,11.03,12.03,-1.0,-8.31,313284.22,354994.81,35499.481,354.99481,3.5499481
600637.SH,600637,东方明珠,20070926,10.99,11.13,10.06,10.24,11.03,-0.79,-7.16,305971.78,321423.999,32142.3999,321.423999,3.21423999
600637.SH,600637,东方明珠,20070927,10.25,11.24,10.08,11.1,10.24,0.86,8.4,302670.45,327185.687,32718.5687,327.185687,3.27185687
600637.SH,600637,东方明珠,20070928,10.97,11.51,10.48,10.94,11.1,-0.16,-1.44,284765.15,312478.174,31247.8174,312.478174,3.1247817400000004
600637.SH,600637,东方明珠,20071008,11.06,11.1,10.38,10.59,10.94,-0.35,-3.2,185036.0,197448.27,19744.827,197.44827,1.9744827
600637.SH,600637,东方明珠,20071009,10.6,10.92,10.18,10.64,10.59,0.05,0.47,140205.42,147449.961,14744.9961,147.449961,1.47449961
600637.SH,600637,东方明珠,20071010,10.63,10.75,10.12,10.27,10.64,-0.37,-3.48,154637.3,160384.394,16038.4394,160.384394,1.60384394
600637.SH,600637,东方明珠,20071011,10.27,10.32,9.61,9.76,10.27,-0.51,-4.97,208198.1,205580.711,20558.0711,205.580711,2.05580711
600637.SH,600637,东方明珠,20071012,9.73,10.26,8.98,10.04,9.76,0.28,2.87,252606.18,247047.043,24704.7043,247.047043,2.47047043
600637.SH,600637,东方明珠,20071015,9.87,10.2,9.43,10.15,10.04,0.11,1.1,175262.48,173306.411,17330.6411,173.306411,1.73306411
600637.SH,600637,东方明珠,20071016,10.43,10.43,9.9,10.18,10.15,0.03,0.3,146363.41,148910.062,14891.0062,148.910062,1.48910062
600637.SH,600637,东方明珠,20071017,10.24,10.31,9.91,10.25,10.18,0.07,0.69,139651.91,141463.462,14146.3462,141.463462,1.41463462
600637.SH,600637,东方明珠,20071018,10.25,10.44,9.69,9.7,10.25,-0.55,-5.37,176369.56,176567.79,17656.779000000002,176.56779000000003,1.7656779000000002
600637.SH,600637,东方明珠,20071019,9.7,9.88,9.25,9.42,9.7,-0.28,-2.89,123296.65,117404.995,11740.4995,117.404995,1.17404995
600637.SH,600637,东方明珠,20071022,9.3,9.65,9.2,9.26,9.42,-0.16,-1.7,76623.32,71848.509,7184.8509,71.848509,0.71848509
600637.SH,600637,东方明珠,20071023,9.32,9.45,8.98,9.22,9.26,-0.04,-0.43,62374.51,57337.608,5733.7608,57.337608,0.5733760800000001
600637.SH,600637,东方明珠,20071024,9.3,9.32,8.55,8.61,9.22,-0.61,-6.62,135026.62,119832.17,11983.217,119.83217,1.1983217000000002
600637.SH,600637,东方明珠,20071025,8.6,8.6,7.75,7.75,8.61,-0.86,-9.99,153007.24,121078.923,12107.8923,121.078923,1.2107892299999998
600637.SH,600637,东方明珠,20071026,7.51,7.86,7.3,7.66,7.75,-0.09,-1.16,89940.65,67917.016,6791.7016,67.917016,0.6791701600000001
600637.SH,600637,东方明珠,20071029,7.66,7.82,7.32,7.76,7.66,0.1,1.31,69964.98,52833.474,5283.347400000001,52.833474,0.52833474
600637.SH,600637,东方明珠,20071030,7.7,8.15,7.52,8.08,7.76,0.32,4.12,111683.92,88195.19,8819.519,88.19519,0.8819519
600637.SH,600637,东方明珠,20071031,8.28,8.5,8.17,8.39,8.08,0.31,3.84,157308.86,131138.782,13113.8782,131.13878200000002,1.3113878200000002
600637.SH,600637,东方明珠,20071101,8.38,8.38,7.84,7.86,8.39,-0.53,-6.32,99351.89,79731.826,7973.1826,79.731826,0.79731826
600637.SH,600637,东方明珠,20071102,7.65,8.17,7.49,8.01,7.86,0.15,1.91,91849.76,70784.261,7078.4261,70.784261,0.70784261
600637.SH,600637,东方明珠,20071105,7.85,8.28,7.71,8.07,8.01,0.06,0.75,67141.55,54348.522,5434.852199999999,54.348522,0.54348522
600637.SH,600637,东方明珠,20071106,8.2,8.27,8.0,8.01,8.07,-0.06,-0.74,44698.11,36228.129,3622.8129,36.228129,0.36228129
600637.SH,600637,东方明珠,20071107,8.1,8.29,7.65,7.81,8.01,-0.2,-2.5,45771.5,35898.864,3589.8864000000003,35.898864,0.35898864
600637.SH,600637,东方明珠,20071108,7.79,7.98,7.6,7.64,7.81,-0.17,-2.18,43799.64,34145.931,3414.5931,34.145931,0.3414593099999999
600637.SH,600637,东方明珠,20071109,7.63,7.98,7.56,7.79,7.64,0.15,1.96,59853.25,46754.035,4675.4035,46.754035,0.46754035
600637.SH,600637,东方明珠,20071112,7.7,8.39,7.55,8.23,7.79,0.44,5.65,112842.84,90336.993,9033.6993,90.336993,0.90336993
600637.SH,600637,东方明珠,20071113,8.15,8.42,8.03,8.22,8.23,-0.01,-0.12,119466.05,98446.757,9844.6757,98.446757,0.98446757
600637.SH,600637,东方明珠,20071114,8.27,8.49,8.14,8.32,8.22,0.1,1.22,105431.58,88062.417,8806.2417,88.06241700000001,0.8806241700000002
600637.SH,600637,东方明珠,20071115,8.36,8.6,8.2,8.52,8.32,0.2,2.4,122253.73,102934.797,10293.4797,102.934797,1.02934797
600637.SH,600637,东方明珠,20071116,8.38,8.49,8.16,8.29,8.52,-0.23,-2.7,60872.11,50581.944,5058.1944,50.581944,0.50581944
600637.SH,600637,东方明珠,20071119,8.31,8.55,8.21,8.48,8.29,0.19,2.29,65866.25,55439.251,5543.9251,55.43925099999999,0.5543925099999999
600637.SH,600637,东方明珠,20071120,8.6,8.88,8.49,8.58,8.48,0.1,1.18,99834.02,86732.437,8673.2437,86.732437,0.8673243700000001
600637.SH,600637,东方明珠,20071121,8.68,8.69,8.25,8.27,8.58,-0.31,-3.61,69817.4,58842.542,5884.2542,58.842542,0.58842542
600637.SH,600637,东方明珠,20071122,8.21,8.39,7.61,7.77,8.27,-0.5,-6.05,76747.16,62218.201,6221.8201,62.218201,0.62218201
600637.SH,600637,东方明珠,20071123,7.63,8.55,7.63,8.55,7.77,0.78,10.04,166611.62,139113.475,13911.3475,139.113475,1.39113475
600637.SH,600637,东方明珠,20071126,8.97,8.97,8.31,8.37,8.55,-0.18,-2.11,187136.91,160615.301,16061.5301,160.615301,1.60615301
600637.SH,600637,东方明珠,20071127,8.3,8.55,8.2,8.26,8.37,-0.11,-1.31,52829.25,44176.342,4417.6342,44.176342,0.4417634199999999
600637.SH,600637,东方明珠,20071128,8.25,8.57,8.25,8.37,8.26,0.11,1.33,50352.21,42477.888,4247.7888,42.477888,0.42477888
600637.SH,600637,东方明珠,20071129,8.4,8.55,8.22,8.44,8.37,0.07,0.84,66796.59,56041.62,5604.162,56.04162,0.5604162
600637.SH,600637,东方明珠,20071130,8.46,8.55,8.09,8.22,8.44,-0.22,-2.61,64514.19,53319.373,5331.9373,53.319373,0.53319373
600637.SH,600637,东方明珠,20071203,8.03,8.25,8.03,8.1,8.22,-0.12,-1.46,43006.55,34893.267,3489.3267,34.893267,0.34893267
600637.SH,600637,东方明珠,20071204,8.16,8.18,7.98,8.01,8.1,-0.09,-1.11,49083.66,39549.96,3954.996,39.54996,0.3954996
600637.SH,600637,东方明珠,20071205,8.05,8.28,7.96,8.24,8.01,0.23,2.87,53105.94,43313.647,4331.3647,43.313647,0.43313647
600637.SH,600637,东方明珠,20071206,8.25,8.44,8.13,8.27,8.24,0.03,0.36,57085.48,47343.03,4734.303,47.34303,0.4734302999999999
600637.SH,600637,东方明珠,20071207,8.28,8.45,8.21,8.4,8.27,0.13,1.57,55321.49,46300.054,4630.0054,46.300054,0.46300054
600637.SH,600637,东方明珠,20071210,8.27,8.6,8.2,8.57,8.4,0.17,2.02,94537.95,80072.613,8007.2613,80.072613,0.80072613
600637.SH,600637,东方明珠,20071211,8.5,9.43,8.45,9.43,8.57,0.86,10.04,458683.06,421620.943,42162.0943,421.62094300000007,4.216209430000001
600637.SH,600637,东方明珠,20071212,9.28,9.87,9.2,9.57,9.43,0.14,1.48,455920.07,435997.289,43599.7289,435.997289,4.35997289
600637.SH,600637,东方明珠,20071213,9.43,9.82,9.1,9.14,9.57,-0.43,-4.49,173627.18,164480.987,16448.0987,164.480987,1.64480987
600637.SH,600637,东方明珠,20071214,9.05,9.75,8.88,9.59,9.14,0.45,4.92,154608.95,145069.196,14506.9196,145.069196,1.45069196
600637.SH,600637,东方明珠,20071217,9.59,9.93,9.5,9.57,9.59,-0.02,-0.21,145836.87,142366.653,14236.6653,142.366653,1.4236665299999998
600637.SH,600637,东方明珠,20071218,9.57,9.67,9.22,9.31,9.57,-0.26,-2.72,67680.57,63600.378,6360.0378,63.600378,0.63600378
600637.SH,600637,东方明珠,20071219,9.4,10.24,9.4,9.97,9.31,0.66,7.09,334591.33,336245.834,33624.5834,336.24583399999995,3.3624583399999994
600637.SH,600637,东方明珠,20071220,9.95,10.08,9.77,9.96,9.97,-0.01,-0.1,150228.46,149099.352,14909.935200000002,149.099352,1.4909935200000002
600637.SH,600637,东方明珠,20071221,9.9,10.34,9.8,10.06,9.96,0.1,1.0,199691.0,201402.356,20140.2356,201.402356,2.01402356
600637.SH,600637,东方明珠,20071224,10.1,10.28,9.9,10.08,10.06,0.02,0.2,185116.93,186286.724,18628.6724,186.286724,1.86286724
600637.SH,600637,东方明珠,20071225,10.13,10.33,9.99,10.24,10.08,0.16,1.59,130991.07,133702.446,13370.2446,133.702446,1.33702446
600637.SH,600637,东方明珠,20071226,10.24,10.33,9.97,10.28,10.24,0.04,0.39,174827.79,177487.743,17748.774299999997,177.48774299999997,1.7748774299999996
600637.SH,600637,东方明珠,20071227,10.35,10.69,10.18,10.19,10.28,-0.09,-0.88,179118.31,186598.605,18659.860500000003,186.598605,1.8659860500000005
600637.SH,600637,东方明珠,20071228,10.2,10.24,9.91,9.98,10.19,-0.21,-2.06,127711.56,128517.824,12851.7824,128.517824,1.2851782399999998
600637.SH,600637,东方明珠,20080102,9.8,10.12,9.4,10.02,9.98,0.04,0.4,200493.84,196499.285,19649.9285,196.499285,1.96499285
600637.SH,600637,东方明珠,20080103,9.95,10.4,9.81,10.3,10.02,0.28,2.79,197557.86,200945.724,20094.5724,200.945724,2.00945724
600637.SH,600637,东方明珠,20080104,10.3,10.38,10.02,10.26,10.3,-0.04,-0.39,149194.46,152579.301,15257.9301,152.57930100000002,1.52579301
600637.SH,600637,东方明珠,20080107,10.2,10.64,10.05,10.59,10.26,0.33,3.22,216516.07,225649.992,22564.9992,225.649992,2.25649992
600637.SH,600637,东方明珠,20080108,10.7,10.88,10.22,10.31,10.59,-0.28,-2.64,306275.07,326516.506,32651.6506,326.516506,3.26516506
600637.SH,600637,东方明珠,20080109,10.29,10.74,10.18,10.65,10.31,0.34,3.3,141374.69,148992.213,14899.2213,148.992213,1.4899221299999998
600637.SH,600637,东方明珠,20080110,10.7,10.79,10.35,10.42,10.65,-0.23,-2.16,152559.76,161115.043,16111.5043,161.115043,1.61115043
600637.SH,600637,东方明珠,20080111,10.43,10.58,10.06,10.27,10.42,-0.15,-1.44,115999.4,118567.505,11856.7505,118.567505,1.18567505
600637.SH,600637,东方明珠,20080512,9.24,9.24,9.24,9.24,10.27,-1.03,-10.03,7544.0,6970.656,697.0656,6.970656,0.06970656
600637.SH,600637,东方明珠,20080513,8.32,8.32,8.32,8.32,9.24,-0.92,-9.96,7141.0,5941.312,594.1312,5.941312,0.05941312
600637.SH,600637,东方明珠,20080514,7.49,7.99,7.49,7.82,8.32,-0.5,-6.01,416772.93,320480.191,32048.0191,320.480191,3.20480191
600637.SH,600637,东方明珠,20080515,7.68,7.98,7.55,7.71,7.82,-0.11,-1.41,235739.66,183674.541,18367.4541,183.674541,1.83674541
600637.SH,600637,东方明珠,20080516,7.65,7.78,7.25,7.4,7.71,-0.31,-4.02,162782.46,120965.705,12096.5705,120.965705,1.20965705
600637.SH,600637,东方明珠,20080519,7.36,7.5,7.1,7.46,7.4,0.06,0.81,94487.27,69129.979,6912.9979,69.129979,0.6912997900000001
600637.SH,600637,东方明珠,20080520,7.46,7.46,6.71,6.84,7.46,-0.62,-8.31,115544.78,82777.417,8277.7417,82.777417,0.82777417
600637.SH,600637,东方明珠,20080521,6.66,6.96,6.37,6.93,6.84,0.09,1.32,119401.45,79564.26,7956.425999999999,79.56425999999999,0.7956425999999999
600637.SH,600637,东方明珠,20080522,6.79,6.93,6.6,6.72,6.93,-0.21,-3.03,77706.42,52549.679,5254.9679,52.549679,0.5254967899999999
600637.SH,600637,东方明珠,20080523,6.72,7.39,6.66,7.39,6.72,0.67,9.97,265709.59,191648.823,19164.8823,191.648823,1.91648823
600637.SH,600637,东方明珠,20080526,7.45,7.74,7.08,7.15,7.39,-0.24,-3.25,264774.41,197613.85,19761.385,197.61385,1.9761385
600637.SH,600637,东方明珠,20080527,7.02,7.15,6.6,6.83,7.15,-0.32,-4.48,109964.05,74541.311,7454.1311,74.54131100000001,0.7454131100000001
600637.SH,600637,东方明珠,20080528,6.85,6.94,6.64,6.88,6.83,0.05,0.73,82916.25,56316.073,5631.6073,56.316073,0.56316073
600637.SH,600637,东方明珠,20080529,6.8,7.04,6.73,6.73,6.88,-0.15,-2.18,80502.36,55287.171,5528.7171,55.287171,0.55287171
600637.SH,600637,东方明珠,20080530,6.74,6.79,6.55,6.62,6.73,-0.11,-1.63,64220.85,42609.617,4260.9617,42.609617,0.42609617
600637.SH,600637,东方明珠,20080602,6.55,6.72,6.45,6.64,6.62,0.02,0.3,52369.09,34417.232,3441.7232000000004,34.417232000000006,0.34417232
600637.SH,600637,东方明珠,20080603,6.73,6.99,6.64,6.7,6.64,0.06,0.9,83266.19,56646.772,5664.6772,56.646772,0.56646772
600637.SH,600637,东方明珠,20080604,6.66,6.87,6.56,6.71,6.7,0.01,0.15,46855.16,31448.469,3144.8469,31.448469,0.31448469
600637.SH,600637,东方明珠,20080605,6.62,6.79,6.62,6.68,6.71,-0.03,-0.45,41277.93,27734.217,2773.4217,27.734217,0.27734217
600637.SH,600637,东方明珠,20080606,6.68,6.8,6.61,6.76,6.68,0.08,1.2,43729.18,29416.489,2941.6489,29.416489,0.29416489
600637.SH,600637,东方明珠,20080610,6.59,6.59,6.08,6.08,6.76,-0.68,-10.06,61193.49,37915.147,3791.5147,37.915147,0.37915147
600637.SH,600637,东方明珠,20080611,5.82,6.01,5.59,5.72,6.08,-0.36,-5.92,67126.23,38634.207,3863.4207,38.634207,0.38634207
600637.SH,600637,东方明珠,20080612,5.74,6.04,5.56,5.99,5.72,0.27,4.72,106441.1,62272.986,6227.2986,62.272986,0.6227298600000001
600637.SH,600637,东方明珠,20080613,5.93,6.06,5.78,5.9,5.99,-0.09,-1.5,67796.53,40175.01,4017.501,40.17501,0.4017501
600637.SH,600637,东方明珠,20080616,5.78,6.0,5.59,5.67,5.9,-0.23,-3.9,46390.47,26741.26,2674.126,26.74126,0.2674125999999999
600637.SH,600637,东方明珠,20080617,5.63,5.77,5.1,5.1,5.67,-0.57,-10.05,53552.28,28818.077,2881.8077000000003,28.818077,0.28818077
600637.SH,600637,东方明珠,20080618,5.02,5.35,4.6,5.24,5.1,0.14,2.75,109821.4,55127.592,5512.7592,55.12759199999999,0.5512759199999999
600637.SH,600637,东方明珠,20080619,5.2,5.2,4.72,4.72,5.24,-0.52,-9.92,81606.6,39833.831,3983.3831,39.833831,0.39833831
600637.SH,600637,东方明珠,20080620,4.7,4.96,4.35,4.61,4.72,-0.11,-2.33,83911.22,39079.872,3907.987200000001,39.079872,0.39079872
600637.SH,600637,东方明珠,20080624,4.44,4.75,4.41,4.64,4.61,0.03,0.65,64868.39,29884.108,2988.4108,29.884108,0.29884108
600637.SH,600637,东方明珠,20080625,4.6,5.03,4.57,4.94,4.64,0.3,6.47,97309.22,47301.338,4730.1338000000005,47.30133800000001,0.4730133800000001
600637.SH,600637,东方明珠,20080626,4.9,5.17,4.88,4.93,4.94,-0.01,-0.2,96399.4,48446.011,4844.6011,48.446011,0.48446011
600637.SH,600637,东方明珠,20080627,4.7,4.79,4.44,4.48,4.93,-0.45,-9.13,69773.07,32032.13,3203.213,32.03213,0.3203213
600637.SH,600637,东方明珠,20080630,4.44,4.61,4.3,4.51,4.48,0.03,0.67,37121.0,16694.578,1669.4578,16.694578,0.16694578
600637.SH,600637,东方明珠,20080701,4.49,4.57,4.32,4.35,4.51,-0.16,-3.55,28700.66,12678.055,1267.8055,12.678055,0.12678055
600637.SH,600637,东方明珠,20080702,4.35,4.54,4.35,4.45,4.35,0.1,2.3,30729.65,13689.437,1368.9437,13.689437,0.13689437
600637.SH,600637,东方明珠,20080703,4.38,4.72,4.32,4.62,4.45,0.17,3.82,58008.71,26536.73,2653.673,26.53673,0.2653673
600637.SH,600637,东方明珠,20080704,4.6,4.77,4.55,4.71,4.62,0.09,1.95,56769.18,26515.364,2651.5364,26.515364,0.2651536399999999
600637.SH,600637,东方明珠,20080707,4.79,5.04,4.72,4.97,4.71,0.26,5.52,91785.76,45384.693,4538.4693,45.384693,0.45384693
600637.SH,600637,东方明珠,20080708,5.0,5.12,4.91,5.06,4.97,0.09,1.81,84827.52,42426.077,4242.6077,42.42607699999999,0.4242607699999999
600637.SH,600637,东方明珠,20080709,5.06,5.23,4.96,5.15,5.06,0.09,1.78,104389.49,53194.153,5319.4153,53.194153,0.53194153
600637.SH,600637,东方明珠,20080710,5.07,5.36,5.02,5.08,5.15,-0.07,-1.36,107595.46,55341.346,5534.134599999999,55.341346,0.5534134599999999
600637.SH,600637,东方明珠,20080711,5.03,5.14,4.9,5.01,5.08,-0.07,-1.38,75089.03,37669.469,3766.9469,37.669469,0.37669469
600637.SH,600637,东方明珠,20080714,4.99,5.22,4.91,5.21,5.01,0.2,3.99,72393.04,36914.694,3691.4694,36.914694,0.36914694
600637.SH,600637,东方明珠,20080715,5.2,5.28,4.99,5.06,5.21,-0.15,-2.88,87748.71,44988.502,4498.8502,44.988502,0.4498850199999999
600637.SH,600637,东方明珠,20080716,5.03,5.2,4.62,4.91,5.06,-0.15,-2.96,85482.97,42586.807,4258.6807,42.586807,0.42586807
600637.SH,600637,东方明珠,20080717,5.01,5.11,4.73,4.83,4.91,-0.08,-1.63,65145.44,32225.349,3222.5349,32.225348999999994,0.3222534899999999
600637.SH,600637,东方明珠,20080718,4.85,5.01,4.6,4.93,4.83,0.1,2.07,60874.74,29266.228,2926.6228,29.266228,0.29266228
600637.SH,600637,东方明珠,20080721,4.89,5.42,4.79,5.42,4.93,0.49,9.94,179525.92,94375.358,9437.5358,94.375358,0.94375358
600637.SH,600637,东方明珠,20080722,5.49,5.74,5.39,5.42,5.42,0.0,0.0,273270.43,151286.806,15128.680600000002,151.286806,1.5128680600000002
600637.SH,600637,东方明珠,20080723,5.35,5.48,5.27,5.33,5.42,-0.09,-1.66,106014.53,56867.512,5686.751200000001,56.867512000000005,0.5686751200000001
600637.SH,600637,东方明珠,20080724,5.39,5.8,5.33,5.49,5.33,0.16,3.0,127863.86,70713.938,7071.3938,70.713938,0.70713938
600637.SH,600637,东方明珠,20080725,5.43,5.6,5.3,5.45,5.49,-0.04,-0.73,96054.34,52385.635,5238.5635,52.385635,0.52385635
600637.SH,600637,东方明珠,20080728,5.45,5.58,5.36,5.42,5.45,-0.03,-0.55,76808.52,41868.637,4186.8637,41.868637,0.41868637
600637.SH,600637,东方明珠,20080729,5.33,5.39,5.19,5.2,5.42,-0.22,-4.06,59061.79,31117.129,3111.7129,31.117129,0.31117129
600637.SH,600637,东方明珠,20080730,5.28,5.34,5.16,5.24,5.2,0.04,0.77,38845.34,20414.854,2041.4854,20.414854,0.20414854
600637.SH,600637,东方明珠,20080731,5.28,5.3,4.99,5.02,5.24,-0.22,-4.2,47661.88,24347.546,2434.7546,24.347546,0.2434754599999999
600637.SH,600637,东方明珠,20080801,5.03,5.21,4.93,5.15,5.02,0.13,2.59,46968.99,23827.258,2382.7258,23.827258,0.23827258
600637.SH,600637,东方明珠,20080804,5.11,5.22,5.02,5.04,5.15,-0.11,-2.14,32676.32,16780.726,1678.0726,16.780726,0.16780726
600637.SH,600637,东方明珠,20080805,5.0,5.21,4.9,4.97,5.04,-0.07,-1.39,44755.83,22739.569,2273.9569,22.739569000000003,0.22739569
600637.SH,600637,东方明珠,20080806,5.07,5.07,4.87,5.02,4.97,0.05,1.01,40009.17,19888.587,1988.8587,19.888587,0.19888587
600637.SH,600637,东方明珠,20080807,5.06,5.39,5.02,5.34,5.02,0.32,6.37,125402.97,66000.293,6600.0293,66.000293,0.66000293
600637.SH,600637,东方明珠,20080808,5.26,5.34,4.81,4.81,5.34,-0.53,-9.93,95168.77,47997.219,4799.7219,47.997219,0.4799721899999999
600637.SH,600637,东方明珠,20080811,4.7,4.79,4.33,4.33,4.81,-0.48,-9.98,71696.41,31820.137,3182.0137,31.820137,0.31820137
600637.SH,600637,东方明珠,20080812,4.22,4.33,4.06,4.11,4.33,-0.22,-5.08,39826.99,16649.414,1664.9414000000002,16.649414,0.16649414
600637.SH,600637,东方明珠,20080813,4.07,4.09,3.76,4.0,4.11,-0.11,-2.68,49329.08,19393.656,1939.3656,19.393656,0.19393656
600637.SH,600637,东方明珠,20080814,3.95,4.08,3.94,4.03,4.0,0.03,0.75,31933.61,12818.907,1281.8907,12.818907,0.12818907
600637.SH,600637,东方明珠,20080815,3.97,4.12,3.95,4.0,4.03,-0.03,-0.74,32824.52,13268.694,1326.8694,13.268694,0.13268694
600637.SH,600637,东方明珠,20080818,4.01,4.02,3.6,3.6,4.0,-0.4,-10.0,42260.62,15953.211,1595.3211,15.953211,0.15953211
600637.SH,600637,东方明珠,20080819,3.55,3.83,3.51,3.79,3.6,0.19,5.28,42126.15,15646.191,1564.6191,15.646191000000002,0.15646191
600637.SH,600637,东方明珠,20080820,3.71,4.16,3.7,4.1,3.79,0.31,8.18,56832.97,22761.505,2276.1505,22.761505000000003,0.22761505
600637.SH,600637,东方明珠,20080821,4.01,4.15,3.91,4.12,4.1,0.02,0.49,63811.14,25719.586,2571.9586,25.719586,0.25719586
600637.SH,600637,东方明珠,20080822,4.05,4.32,4.01,4.16,4.12,0.04,0.97,89920.62,37673.42,3767.342,37.67341999999999,0.3767341999999999
600637.SH,600637,东方明珠,20080825,4.18,4.24,4.0,4.14,4.16,-0.02,-0.48,50234.49,20857.127,2085.7127,20.857127,0.20857127
600637.SH,600637,东方明珠,20080826,4.05,4.1,3.75,3.82,4.14,-0.32,-7.73,46098.87,17998.269,1799.8269,17.998269,0.17998269
600637.SH,600637,东方明珠,20080827,3.8,3.96,3.71,3.86,3.82,0.04,1.05,35795.18,13776.96,1377.696,13.77696,0.1377696
600637.SH,600637,东方明珠,20080828,3.86,3.95,3.75,3.78,3.86,-0.08,-2.07,25057.23,9612.894,961.2894,9.612894,0.09612894
600637.SH,600637,东方明珠,20080829,3.78,4.01,3.78,3.94,3.78,0.16,4.23,39615.6,15526.64,1552.664,15.52664,0.1552664
600637.SH,600637,东方明珠,20080901,3.9,4.07,3.88,3.97,3.94,0.03,0.76,41926.62,16606.731,1660.6731,16.606731,0.16606731
600637.SH,600637,东方明珠,20080902,3.95,4.1,3.88,4.01,3.97,0.04,1.01,43077.69,17260.039,1726.0039000000002,17.260039000000003,0.17260039
600637.SH,600637,东方明珠,20080903,4.04,4.05,3.79,3.91,4.01,-0.1,-2.49,38356.86,14981.577,1498.1577,14.981577,0.14981577
600637.SH,600637,东方明珠,20080904,3.9,4.0,3.85,3.95,3.91,0.04,1.02,23177.36,9153.835,915.3835,9.153835,0.0915383499999999
600637.SH,600637,东方明珠,20080905,3.85,3.91,3.73,3.75,3.95,-0.2,-5.06,35060.18,13363.801,1336.3801,13.363801,0.1336380099999999
600637.SH,600637,东方明珠,20080908,3.74,3.8,3.6,3.64,3.75,-0.11,-2.93,37343.85,13814.741,1381.4741,13.814741,0.13814741
600637.SH,600637,东方明珠,20080909,3.67,3.91,3.65,3.75,3.64,0.11,3.02,38461.98,14564.856,1456.4856,14.564856,0.1456485599999999
600637.SH,600637,东方明珠,20080910,3.68,4.06,3.68,3.97,3.75,0.22,5.87,74848.1,29315.179,2931.5179,29.315179,0.2931517899999999
600637.SH,600637,东方明珠,20080911,3.94,3.99,3.77,3.91,3.97,-0.06,-1.51,52036.56,20234.25,2023.425,20.23425,0.2023424999999999
600637.SH,600637,东方明珠,20080912,3.88,3.96,3.81,3.86,3.91,-0.05,-1.28,28110.49,10943.101,1094.3101,10.943101000000002,0.10943101
600637.SH,600637,东方明珠,20080916,3.86,3.86,3.54,3.63,3.86,-0.23,-5.96,44981.4,16795.496,1679.5495999999998,16.795496,0.16795496
600637.SH,600637,东方明珠,20080917,3.63,3.75,3.5,3.57,3.63,-0.06,-1.65,32745.42,11777.238,1177.7238,11.777238,0.11777238
600637.SH,600637,东方明珠,20080918,3.4,3.5,3.21,3.36,3.57,-0.21,-5.88,56999.98,18845.371,1884.5371,18.845371,0.18845371
600637.SH,600637,东方明珠,20080919,3.7,3.7,3.59,3.7,3.36,0.34,10.12,60909.49,22381.26,2238.126,22.38126,0.2238125999999999
600637.SH,600637,东方明珠,20080922,3.88,4.05,3.71,3.85,3.7,0.15,4.05,121718.8,47221.665,4722.1665,47.221665,0.47221665
600637.SH,600637,东方明珠,20080923,3.7,3.72,3.53,3.56,3.85,-0.29,-7.53,51304.07,18535.581,1853.5581,18.535581,0.1853558099999999
600637.SH,600637,东方明珠,20080924,3.55,3.72,3.48,3.71,3.56,0.15,4.21,53942.89,19316.567,1931.6567,19.316567,0.1931656699999999
600637.SH,600637,东方明珠,20080925,3.67,3.8,3.62,3.76,3.71,0.05,1.35,79042.22,29512.405,2951.2405,29.512405,0.2951240499999999
600637.SH,600637,东方明珠,20080926,3.78,3.79,3.63,3.68,3.76,-0.08,-2.13,43147.93,15904.313,1590.4313,15.904313,0.15904313
600637.SH,600637,东方明珠,20081006,3.55,3.62,3.51,3.53,3.68,-0.15,-4.08,34394.63,12230.567,1223.0567,12.230567,0.1223056699999999
600637.SH,600637,东方明珠,20081007,3.43,3.56,3.4,3.53,3.53,0.0,0.0,23356.53,8168.971,816.8970999999999,8.168970999999999,0.0816897099999999
600637.SH,600637,东方明珠,20081008,3.45,3.51,3.35,3.39,3.53,-0.14,-3.97,34132.77,11660.603,1166.0603,11.660602999999998,0.1166060299999999
600637.SH,600637,东方明珠,20081009,3.45,3.47,3.32,3.33,3.39,-0.06,-1.77,22252.1,7554.293,755.4293,7.554293,0.07554293
600637.SH,600637,东方明珠,20081010,3.22,3.25,3.01,3.04,3.33,-0.29,-8.71,40134.93,12464.677,1246.4677,12.464677,0.12464677
600637.SH,600637,东方明珠,20081013,3.05,3.14,2.95,3.14,3.04,0.1,3.29,32430.42,9832.815,983.2815,9.832815,0.09832815
600637.SH,600637,东方明珠,20081014,3.25,3.27,3.02,3.03,3.14,-0.11,-3.5,27641.51,8726.39,872.6389999999999,8.726389999999999,0.0872638999999999
600637.SH,600637,东方明珠,20081015,2.98,3.1,2.92,3.08,3.03,0.05,1.65,27969.96,8497.532,849.7531999999999,8.497532,0.08497532
600637.SH,600637,东方明珠,20081016,2.95,3.1,2.93,2.95,3.08,-0.13,-4.22,27596.2,8316.795,831.6795,8.316794999999999,0.0831679499999999
600637.SH,600637,东方明珠,20081017,3.0,3.25,3.0,3.25,2.95,0.3,10.17,154209.99,49327.521,4932.7521,49.327521,0.4932752099999999
600637.SH,600637,东方明珠,20081020,3.19,3.27,3.07,3.25,3.25,0.0,0.0,114680.71,36343.636,3634.3636,36.343636,0.3634363599999999
600637.SH,600637,东方明珠,20081021,3.2,3.25,3.14,3.16,3.25,-0.09,-2.77,66022.02,21082.687,2108.2687,21.082687,0.21082687
600637.SH,600637,东方明珠,20081022,3.1,3.25,3.07,3.12,3.16,-0.04,-1.27,51988.67,16473.828,1647.3828,16.473828,0.16473828
600637.SH,600637,东方明珠,20081023,3.08,3.14,3.0,3.12,3.12,0.0,0.0,31912.27,9834.014,983.4014,9.834014,0.0983401399999999
600637.SH,600637,东方明珠,20081024,3.07,3.17,3.0,3.07,3.12,-0.05,-1.6,30165.7,9315.371,931.5371,9.315371,0.0931537099999999
600637.SH,600637,东方明珠,20081027,3.0,3.05,2.76,2.76,3.07,-0.31,-10.1,52599.77,15365.85,1536.585,15.36585,0.1536585
600637.SH,600637,东方明珠,20081028,2.72,2.91,2.62,2.86,2.76,0.1,3.62,57269.4,16034.458,1603.4458,16.034458,0.16034458
600637.SH,600637,东方明珠,20081029,2.92,2.93,2.67,2.68,2.86,-0.18,-6.29,32715.21,9134.764,913.4764,9.134764,0.09134764
600637.SH,600637,东方明珠,20081030,2.7,2.78,2.68,2.73,2.68,0.05,1.87,22840.22,6243.001,624.3001,6.2430010000000005,0.06243001
600637.SH,600637,东方明珠,20081031,2.72,2.82,2.6,2.63,2.73,-0.1,-3.66,32751.48,8866.5,886.65,8.8665,0.088665
600637.SH,600637,东方明珠,20081103,2.65,2.67,2.54,2.56,2.63,-0.07,-2.66,21499.5,5616.113,561.6113,5.616113,0.05616113
600637.SH,600637,东方明珠,20081104,2.55,2.59,2.41,2.54,2.56,-0.02,-0.78,27502.19,6894.362,689.4362,6.894362,0.06894362
600637.SH,600637,东方明珠,20081105,2.55,2.66,2.54,2.64,2.54,0.1,3.94,31933.89,8322.191,832.2191,8.322191,0.08322191
600637.SH,600637,东方明珠,20081106,2.55,2.64,2.5,2.59,2.64,-0.05,-1.89,18737.71,4818.521,481.8521,4.818521,0.04818521
600637.SH,600637,东方明珠,20081107,2.51,2.74,2.51,2.68,2.59,0.09,3.47,33709.09,8963.927,896.3927,8.963927,0.08963927
600637.SH,600637,东方明珠,20081110,2.71,2.88,2.7,2.84,2.68,0.16,5.97,62521.26,17484.184,1748.4184,17.484184,0.17484184
600637.SH,600637,东方明珠,20081111,2.82,2.88,2.76,2.76,2.84,-0.08,-2.82,52537.34,14806.996,1480.6996,14.806996,0.14806996
600637.SH,600637,东方明珠,20081112,2.75,2.92,2.73,2.88,2.76,0.12,4.35,53081.42,15075.661,1507.5661,15.075661,0.15075661
600637.SH,600637,东方明珠,20081113,2.87,3.05,2.82,3.01,2.88,0.13,4.51,95549.46,28277.883,2827.7883,28.277883000000003,0.28277883
600637.SH,600637,东方明珠,20081114,3.04,3.13,2.96,3.12,3.01,0.11,3.65,103356.02,31454.48,3145.448,31.45448,0.3145448
600637.SH,600637,东方明珠,20081117,3.09,3.39,3.05,3.27,3.12,0.15,4.81,141764.52,45572.278,4557.2278,45.572278,0.45572278
600637.SH,600637,东方明珠,20081118,3.2,3.45,3.11,3.31,3.27,0.04,1.22,303599.95,99507.606,9950.7606,99.507606,0.99507606
600637.SH,600637,东方明珠,20081119,3.34,3.64,3.33,3.64,3.31,0.33,9.97,390892.64,137242.816,13724.281599999998,137.24281599999998,1.3724281599999997
600637.SH,600637,东方明珠,20081120,3.74,3.88,3.58,3.65,3.64,0.01,0.27,341545.57,127319.943,12731.9943,127.319943,1.27319943
600637.SH,600637,东方明珠,20081121,3.49,3.57,3.29,3.39,3.65,-0.26,-7.12,226233.66,76600.865,7660.0865,76.600865,0.76600865
600637.SH,600637,东方明珠,20081124,3.39,3.43,3.14,3.18,3.39,-0.21,-6.19,120707.57,39157.063,3915.7063,39.157063,0.39157063
600637.SH,600637,东方明珠,20081125,3.21,3.28,3.07,3.19,3.18,0.01,0.31,61818.83,19596.095,1959.6095,19.596095,0.19596095
600637.SH,600637,东方明珠,20081126,3.21,3.23,3.12,3.19,3.19,0.0,0.0,48218.92,15366.694,1536.6694,15.366694,0.15366694
600637.SH,600637,东方明珠,20081127,3.38,3.4,3.18,3.19,3.19,0.0,0.0,108958.11,36045.849,3604.5849,36.045849,0.36045849
600637.SH,600637,东方明珠,20081128,3.19,3.2,3.06,3.11,3.19,-0.08,-2.51,52516.8,16470.923,1647.0922999999998,16.470923,0.1647092299999999
600637.SH,600637,东方明珠,20081201,3.13,3.42,3.12,3.42,3.11,0.31,9.97,157736.22,52664.943,5266.4943,52.664943,0.52664943
600637.SH,600637,东方明珠,20081202,3.35,3.62,3.29,3.47,3.42,0.05,1.46,239267.51,83367.037,8336.7037,83.367037,0.83367037
600637.SH,600637,东方明珠,20081203,3.45,3.57,3.42,3.54,3.47,0.07,2.02,159103.48,55541.542,5554.1542,55.541542,0.55541542
600637.SH,600637,东方明珠,20081204,3.56,3.73,3.53,3.62,3.54,0.08,2.26,247772.85,90396.883,9039.6883,90.396883,0.90396883
600637.SH,600637,东方明珠,20081205,3.58,3.67,3.5,3.64,3.62,0.02,0.55,186626.68,67518.331,6751.833100000001,67.518331,0.67518331
600637.SH,600637,东方明珠,20081208,3.64,3.76,3.64,3.73,3.64,0.09,2.47,186739.45,69272.361,6927.2361,69.272361,0.69272361
600637.SH,600637,东方明珠,20081209,3.77,3.77,3.5,3.51,3.73,-0.22,-5.9,147209.4,53005.597,5300.5597,53.005597,0.5300559699999999
600637.SH,600637,东方明珠,20081210,3.52,3.86,3.52,3.86,3.51,0.35,9.97,462741.58,176784.197,17678.4197,176.78419699999998,1.76784197
600637.SH,600637,东方明珠,20081211,3.85,3.85,3.62,3.69,3.86,-0.17,-4.4,314072.75,116431.379,11643.1379,116.431379,1.16431379
600637.SH,600637,东方明珠,20081212,3.62,3.67,3.45,3.51,3.69,-0.18,-4.88,148927.76,53079.273,5307.9273,53.079273,0.53079273
600637.SH,600637,东方明珠,20081215,3.54,3.62,3.45,3.57,3.51,0.06,1.71,96139.82,34168.874,3416.8874000000005,34.168874,0.34168874
600637.SH,600637,东方明珠,20081216,3.53,3.55,3.35,3.53,3.57,-0.04,-1.12,91624.25,31585.36,3158.536,31.58536,0.3158536
600637.SH,600637,东方明珠,20081217,3.53,3.63,3.52,3.56,3.53,0.03,0.85,104601.03,37475.885,3747.5885,37.475885000000005,0.37475885
600637.SH,600637,东方明珠,20081218,3.55,3.65,3.52,3.64,3.56,0.08,2.25,97542.05,35107.018,3510.7018,35.107018,0.3510701799999999
600637.SH,600637,东方明珠,20081219,3.62,3.71,3.6,3.64,3.64,0.0,0.0,107743.01,39477.178,3947.7178,39.477178,0.39477178
600637.SH,600637,东方明珠,20081222,3.63,3.78,3.62,3.74,3.64,0.1,2.75,130424.33,48274.313,4827.4313,48.274313,0.48274313
600637.SH,600637,东方明珠,20081223,3.73,3.73,3.37,3.37,3.74,-0.37,-9.89,115772.22,41216.977,4121.6977,41.216977,0.41216977
600637.SH,600637,东方明珠,20081224,3.36,3.44,3.22,3.31,3.37,-0.06,-1.78,82377.77,27569.123,2756.9123,27.569123,0.27569123
600637.SH,600637,东方明珠,20081225,3.31,3.37,3.22,3.31,3.31,0.0,0.0,45716.31,15086.489,1508.6489,15.086488999999998,0.1508648899999999
600637.SH,600637,东方明珠,20081226,3.31,3.34,3.25,3.26,3.31,-0.05,-1.51,39724.82,13097.2,1309.72,13.0972,0.130972
600637.SH,600637,东方明珠,20081229,3.23,3.28,3.07,3.16,3.26,-0.1,-3.07,47320.06,14886.755,1488.6754999999998,14.886755,0.14886755
600637.SH,600637,东方明珠,20081230,3.16,3.22,3.1,3.13,3.16,-0.03,-0.95,31305.59,9895.663,989.5663,9.895663,0.09895663
600637.SH,600637,东方明珠,20081231,3.14,3.16,3.0,3.02,3.13,-0.11,-3.51,46714.23,14293.838,1429.3838,14.293838,0.14293838
600637.SH,600637,东方明珠,20090105,3.08,3.18,3.08,3.16,3.02,0.14,4.64,40636.83,12748.875,1274.8875,12.748875,0.12748875
600637.SH,600637,东方明珠,20090106,3.16,3.28,3.12,3.26,3.16,0.1,3.16,62919.98,20248.5,2024.85,20.2485,0.202485
600637.SH,600637,东方明珠,20090107,3.27,3.35,3.23,3.27,3.26,0.01,0.31,57928.96,19062.843,1906.2843,19.062843,0.19062843
600637.SH,600637,东方明珠,20090108,3.23,3.28,3.14,3.18,3.27,-0.09,-2.75,47346.93,15217.833,1521.7833,15.217833,0.15217833
600637.SH,600637,东方明珠,20090109,3.16,3.28,3.14,3.27,3.18,0.09,2.83,49540.4,16001.586,1600.1586,16.001586,0.16001586
600637.SH,600637,东方明珠,20090112,3.27,3.34,3.2,3.29,3.27,0.02,0.61,57166.26,18832.772,1883.2772,18.832772,0.1883277199999999
600637.SH,600637,东方明珠,20090113,3.24,3.28,3.16,3.18,3.29,-0.11,-3.34,42027.81,13507.803,1350.7803,13.507803,0.13507803
600637.SH,600637,东方明珠,20090114,3.15,3.3,3.15,3.28,3.18,0.1,3.14,49876.11,16219.416,1621.9416,16.219416,0.1621941599999999
600637.SH,600637,东方明珠,20090115,3.25,3.51,3.25,3.43,3.28,0.15,4.57,139446.62,47384.36,4738.436,47.38436,0.4738435999999999
600637.SH,600637,东方明珠,20090116,3.42,3.57,3.42,3.46,3.43,0.03,0.87,125408.94,43995.594,4399.5594,43.995594,0.43995594
600637.SH,600637,东方明珠,20090119,3.55,3.55,3.39,3.42,3.46,-0.04,-1.16,66587.36,22871.249,2287.1249,22.871249,0.22871249
600637.SH,600637,东方明珠,20090120,3.36,3.55,3.36,3.51,3.42,0.09,2.63,62214.06,21546.206,2154.6206,21.546206,0.2154620599999999
600637.SH,600637,东方明珠,20090121,3.46,3.64,3.35,3.54,3.51,0.03,0.85,259506.76,90924.878,9092.4878,90.924878,0.90924878
600637.SH,600637,东方明珠,20090122,3.55,3.57,3.37,3.44,3.54,-0.1,-2.82,239508.81,82321.906,8232.1906,82.321906,0.82321906
600637.SH,600637,东方明珠,20090123,3.41,3.42,3.32,3.33,3.44,-0.11,-3.2,117819.92,39426.117,3942.6117,39.426117,0.39426117
600637.SH,600637,东方明珠,20090202,3.37,3.49,3.31,3.47,3.33,0.14,4.2,107088.55,36467.984,3646.7984,36.467984,0.3646798399999999
600637.SH,600637,东方明珠,20090203,3.46,3.53,3.43,3.52,3.47,0.05,1.44,155593.48,54180.608,5418.0608,54.180608,0.54180608
600637.SH,600637,东方明珠,20090204,3.54,3.69,3.53,3.64,3.52,0.12,3.41,220349.61,79446.776,7944.6776,79.446776,0.79446776
600637.SH,600637,东方明珠,20090205,3.65,3.66,3.53,3.61,3.64,-0.03,-0.82,219138.2,78792.401,7879.2401,78.792401,0.78792401
600637.SH,600637,东方明珠,20090206,3.62,3.91,3.62,3.86,3.61,0.25,6.93,331417.03,125761.003,12576.1003,125.761003,1.25761003
600637.SH,600637,东方明珠,20090209,3.9,3.93,3.78,3.92,3.86,0.06,1.55,277893.23,107504.282,10750.4282,107.504282,1.07504282
600637.SH,600637,东方明珠,20090210,3.9,4.05,3.84,4.02,3.92,0.1,2.55,209778.74,83142.256,8314.2256,83.142256,0.83142256
600637.SH,600637,东方明珠,20090211,3.94,4.09,3.89,3.99,4.02,-0.03,-0.75,235971.95,94274.71,9427.471,94.27471,0.9427471000000002
600637.SH,600637,东方明珠,20090212,3.99,4.39,3.92,4.22,3.99,0.23,5.76,361581.45,152214.912,15221.4912,152.214912,1.52214912
600637.SH,600637,东方明珠,20090213,4.23,4.59,4.18,4.52,4.22,0.3,7.11,345468.64,152683.202,15268.320199999998,152.683202,1.5268320199999998
600637.SH,600637,东方明珠,20090216,4.58,4.69,4.32,4.49,4.52,-0.03,-0.66,317255.16,143219.185,14321.9185,143.219185,1.4321918500000002
600637.SH,600637,东方明珠,20090217,4.44,4.44,4.16,4.18,4.49,-0.31,-6.9,208687.09,90145.924,9014.5924,90.145924,0.90145924
600637.SH,600637,东方明珠,20090218,4.1,4.25,3.94,3.96,4.18,-0.22,-5.26,176677.21,72242.846,7224.284600000001,72.24284600000001,0.7224284600000002
600637.SH,600637,东方明珠,20090219,4.14,4.26,4.02,4.09,3.96,0.13,3.28,174546.78,71929.391,7192.9391000000005,71.92939100000001,0.7192939100000001
600637.SH,600637,东方明珠,20090220,4.08,4.16,3.97,4.14,4.09,0.05,1.22,138855.84,56583.445,5658.3445,56.583445000000005,0.5658344500000001
600637.SH,600637,东方明珠,20090223,4.13,4.32,4.06,4.31,4.14,0.17,4.11,190145.76,79931.218,7993.121799999999,79.93121799999999,0.7993121799999998
600637.SH,600637,东方明珠,20090224,4.26,4.32,4.01,4.05,4.31,-0.26,-6.03,165510.78,69046.718,6904.671799999999,69.046718,0.69046718
600637.SH,600637,东方明珠,20090225,4.04,4.12,3.89,4.03,4.05,-0.02,-0.49,108353.63,43426.205,4342.6205,43.426205,0.43426205
600637.SH,600637,东方明珠,20090226,4.03,4.08,3.64,3.73,4.03,-0.3,-7.44,111491.37,43708.376,4370.8376,43.708376,0.43708376
600637.SH,600637,东方明珠,20090227,3.69,3.72,3.53,3.59,3.73,-0.14,-3.75,117825.82,42758.042,4275.8042000000005,42.758042,0.42758042
600637.SH,600637,东方明珠,20090302,3.55,3.66,3.51,3.64,3.59,0.05,1.39,58192.79,20999.352,2099.9352,20.999352,0.20999352
600637.SH,600637,东方明珠,20090303,3.57,3.65,3.48,3.61,3.64,-0.03,-0.82,71872.61,25638.949,2563.8949,25.638949000000004,0.25638949
600637.SH,600637,东方明珠,20090304,3.61,3.84,3.61,3.8,3.61,0.19,5.26,105645.94,39441.414,3944.1414,39.441414,0.3944141399999999
600637.SH,600637,东方明珠,20090305,3.81,3.87,3.72,3.83,3.8,0.03,0.79,129819.61,49424.383,4942.4383,49.424383,0.49424383
600637.SH,600637,东方明珠,20090306,3.75,4.0,3.71,3.99,3.83,0.16,4.18,180254.78,69931.769,6993.1769,69.931769,0.69931769
600637.SH,600637,东方明珠,20090309,4.12,4.29,3.93,3.97,3.99,-0.02,-0.5,385895.54,159008.351,15900.8351,159.008351,1.59008351
600637.SH,600637,东方明珠,20090310,3.82,3.95,3.73,3.92,3.97,-0.05,-1.26,124461.96,47666.704,4766.6704,47.666704,0.47666704
600637.SH,600637,东方明珠,20090311,3.94,3.98,3.7,3.82,3.92,-0.1,-2.55,107112.72,41468.048,4146.8048,41.468048,0.4146804799999999
600637.SH,600637,东方明珠,20090312,3.79,3.83,3.63,3.78,3.82,-0.04,-1.05,77721.45,29026.962,2902.6962,29.026962,0.2902696199999999
600637.SH,600637,东方明珠,20090313,3.8,3.87,3.74,3.84,3.78,0.06,1.59,81667.76,31082.917,3108.2917,31.082917,0.31082917
600637.SH,600637,东方明珠,20090316,3.84,3.85,3.75,3.82,3.84,-0.02,-0.52,49990.88,18973.186,1897.3186,18.973186,0.18973186
600637.SH,600637,东方明珠,20090317,3.82,3.95,3.77,3.93,3.82,0.11,2.88,105930.94,41071.47,4107.147,41.07147,0.4107147
600637.SH,600637,东方明珠,20090318,3.93,4.03,3.91,3.95,3.93,0.02,0.51,124021.63,49327.06,4932.706,49.32706,0.4932706
600637.SH,600637,东方明珠,20090319,3.96,4.13,3.94,4.1,3.95,0.15,3.8,155408.43,63075.653,6307.5653,63.075653,0.63075653
600637.SH,600637,东方明珠,20090320,4.09,4.12,3.94,4.05,4.1,-0.05,-1.22,133034.69,53587.003,5358.7003,53.587003,0.53587003
600637.SH,600637,东方明珠,20090323,4.05,4.18,4.03,4.09,4.05,0.04,0.99,142623.64,58690.814,5869.0814,58.690814,0.58690814
600637.SH,600637,东方明珠,20090324,4.15,4.18,4.06,4.13,4.09,0.04,0.98,124509.92,51408.602,5140.8602,51.408602,0.51408602
600637.SH,600637,东方明珠,20090325,4.11,4.24,4.09,4.14,4.13,0.01,0.24,229350.39,95795.546,9579.5546,95.795546,0.95795546
600637.SH,600637,东方明珠,20090326,4.16,4.25,4.11,4.24,4.14,0.1,2.42,204674.5,85878.738,8587.8738,85.878738,0.85878738
600637.SH,600637,东方明珠,20090327,4.25,4.65,4.17,4.49,4.24,0.25,5.9,414218.57,182020.894,18202.0894,182.020894,1.82020894
600637.SH,600637,东方明珠,20090330,4.44,4.44,4.27,4.31,4.49,-0.18,-4.01,211074.8,91889.232,9188.9232,91.889232,0.91889232
600637.SH,600637,东方明珠,20090402,4.54,4.69,4.18,4.21,4.31,-0.1,-2.32,581803.09,254942.538,25494.2538,254.942538,2.54942538
600637.SH,600637,东方明珠,20090403,4.17,4.25,3.98,4.12,4.21,-0.09,-2.14,341988.37,140270.212,14027.0212,140.270212,1.4027021199999998
600637.SH,600637,东方明珠,20090608,4.53,4.53,4.53,4.53,4.12,0.41,9.95,15129.14,6853.5,685.35,6.8535,0.068535
600637.SH,600637,东方明珠,20090609,4.98,4.98,4.98,4.98,4.53,0.45,9.93,16413.58,8173.963,817.3963,8.173963,0.08173963
600637.SH,600637,东方明珠,20090610,5.48,5.48,5.48,5.48,4.98,0.5,10.04,10235.84,5609.24,560.924,5.60924,0.0560924
600637.SH,600637,东方明珠,20090611,6.03,6.03,5.92,6.03,5.48,0.55,10.04,435043.82,261979.977,26197.9977,261.979977,2.61979977
600637.SH,600637,东方明珠,20090612,6.1,6.1,5.43,5.45,6.03,-0.58,-9.62,761421.03,431147.93,43114.793,431.14793,4.311479299999999
600637.SH,600637,东方明珠,20090615,5.31,5.38,5.15,5.28,5.45,-0.17,-3.12,303695.92,159118.575,15911.857500000002,159.11857500000002,1.5911857500000002
600637.SH,600637,东方明珠,20090616,5.26,5.39,5.15,5.33,5.28,0.05,0.95,194060.86,102374.698,10237.4698,102.374698,1.02374698
600637.SH,600637,东方明珠,20090617,5.34,5.41,5.23,5.35,5.33,0.02,0.38,165643.49,88150.866,8815.086599999999,88.150866,0.8815086599999999
600637.SH,600637,东方明珠,20090618,5.33,5.49,5.26,5.38,5.35,0.03,0.56,182118.76,97672.596,9767.2596,97.672596,0.97672596
600637.SH,600637,东方明珠,20090619,5.38,5.45,5.31,5.41,5.38,0.03,0.56,163752.01,88245.257,8824.5257,88.245257,0.88245257
600637.SH,600637,东方明珠,20090622,5.43,5.51,5.3,5.42,5.41,0.01,0.18,214663.54,116026.437,11602.6437,116.026437,1.16026437
600637.SH,600637,东方明珠,20090623,5.33,5.64,5.3,5.53,5.42,0.11,2.03,241992.03,132680.146,13268.0146,132.680146,1.32680146
600637.SH,600637,东方明珠,20090624,5.61,5.75,5.43,5.45,5.53,-0.08,-1.45,187068.15,103264.598,10326.4598,103.264598,1.03264598
600637.SH,600637,东方明珠,20090625,5.41,5.45,5.26,5.28,5.45,-0.17,-3.12,158357.01,84432.381,8443.238099999999,84.43238099999999,0.8443238099999999
600637.SH,600637,东方明珠,20090626,5.29,5.33,5.24,5.3,5.28,0.02,0.38,64840.56,34260.426,3426.0426,34.260425999999995,0.3426042599999999
600637.SH,600637,东方明珠,20090629,5.29,5.36,5.25,5.28,5.3,-0.02,-0.38,76264.65,40431.862,4043.1862,40.431862,0.40431862
600637.SH,600637,东方明珠,20090630,5.28,5.4,5.25,5.39,5.28,0.11,2.08,102051.93,54374.622,5437.4622,54.374622,0.5437462200000001
600637.SH,600637,东方明珠,20090701,5.38,5.43,5.34,5.38,5.39,-0.01,-0.19,93471.22,50305.658,5030.5658,50.305658,0.50305658
600637.SH,600637,东方明珠,20090702,5.41,5.42,5.32,5.34,5.38,-0.04,-0.74,102224.49,54838.788,5483.8788,54.838788,0.54838788
600637.SH,600637,东方明珠,20090703,5.36,5.84,5.34,5.65,5.34,0.31,5.81,344972.16,192866.823,19286.6823,192.866823,1.92866823
600637.SH,600637,东方明珠,20090707,5.65,5.69,5.39,5.55,5.65,-0.1,-1.77,234755.34,129801.998,12980.1998,129.801998,1.29801998
600637.SH,600637,东方明珠,20090708,5.5,5.52,5.36,5.44,5.55,-0.11,-1.98,121628.6,66109.563,6610.9563,66.109563,0.6610956299999999
600637.SH,600637,东方明珠,20090709,5.41,5.55,5.41,5.49,5.44,0.05,0.92,110330.21,60605.957,6060.5957,60.605957,0.60605957
600637.SH,600637,东方明珠,20090710,5.5,5.62,5.5,5.53,5.49,0.04,0.73,120532.91,67051.507,6705.1507,67.051507,0.67051507
600637.SH,600637,东方明珠,20090713,5.5,5.66,5.48,5.59,5.53,0.06,1.09,142097.23,79346.52,7934.652,79.34652,0.7934652
600637.SH,600637,东方明珠,20090714,5.61,5.65,5.57,5.62,5.59,0.03,0.54,115119.82,64608.271,6460.8271,64.608271,0.6460827100000001
600637.SH,600637,东方明珠,20090715,5.65,5.77,5.6,5.74,5.62,0.12,2.14,197267.28,112432.657,11243.2657,112.432657,1.12432657
600637.SH,600637,东方明珠,20090716,5.8,6.31,5.75,6.31,5.74,0.57,9.93,714504.38,438873.579,43887.3579,438.873579,4.38873579
600637.SH,600637,东方明珠,20090717,6.21,6.3,6.03,6.12,6.31,-0.19,-3.01,371637.39,228002.007,22800.2007,228.002007,2.2800200700000004
600637.SH,600637,东方明珠,20090720,6.12,6.19,6.04,6.13,6.12,0.01,0.16,185680.97,113294.712,11329.4712,113.294712,1.13294712
600637.SH,600637,东方明珠,20090721,6.13,6.16,5.82,5.84,6.13,-0.29,-4.73,232664.58,138551.005,13855.1005,138.551005,1.38551005
600637.SH,600637,东方明珠,20090722,5.83,5.94,5.79,5.89,5.84,0.05,0.86,123211.7,72247.804,7224.780400000001,72.247804,0.72247804
600637.SH,600637,东方明珠,20090723,5.91,5.98,5.85,5.89,5.89,0.0,0.0,105907.84,62526.595,6252.6595,62.526595,0.62526595
600637.SH,600637,东方明珠,20090724,5.88,5.99,5.75,5.87,5.89,-0.02,-0.34,150709.22,88392.151,8839.2151,88.392151,0.88392151
600637.SH,600637,东方明珠,20090727,5.87,5.92,5.82,5.89,5.87,0.02,0.34,114256.46,67066.574,6706.657399999999,67.06657399999999,0.6706657399999999
600637.SH,600637,东方明珠,20090728,5.9,6.3,5.89,6.19,5.89,0.3,5.09,317876.75,195947.63,19594.763,195.94763,1.9594763
600637.SH,600637,东方明珠,20090729,6.12,6.14,5.57,5.62,6.19,-0.57,-9.21,256500.23,151303.447,15130.344699999998,151.30344699999998,1.5130344699999998
600637.SH,600637,东方明珠,20090730,5.62,5.77,5.43,5.63,5.62,0.01,0.18,140716.68,78660.234,7866.0234,78.660234,0.7866023400000001
600637.SH,600637,东方明珠,20090731,5.66,5.87,5.6,5.84,5.63,0.21,3.73,153747.81,88427.534,8842.7534,88.427534,0.88427534
600637.SH,600637,东方明珠,20090803,5.96,6.13,5.89,6.04,5.84,0.2,3.42,213768.67,129383.114,12938.3114,129.383114,1.29383114
600637.SH,600637,东方明珠,20090804,6.15,6.18,5.95,6.07,6.04,0.03,0.5,147057.92,89188.676,8918.867600000001,89.18867600000002,0.8918867600000001
600637.SH,600637,东方明珠,20090805,6.06,6.35,6.03,6.3,6.07,0.23,3.79,261659.03,162178.225,16217.8225,162.178225,1.62178225
600637.SH,600637,东方明珠,20090806,6.23,6.23,6.0,6.1,6.3,-0.2,-3.17,164627.55,100697.12,10069.712,100.69712,1.0069712
600637.SH,600637,东方明珠,20090807,6.12,6.16,5.82,5.87,6.1,-0.23,-3.77,141230.14,85003.647,8500.3647,85.003647,0.85003647
600637.SH,600637,东方明珠,20090810,5.93,6.12,5.87,6.03,5.87,0.16,2.73,97422.83,58364.258,5836.4258,58.364258,0.58364258
600637.SH,600637,东方明珠,20090811,6.07,6.57,5.96,6.29,6.03,0.26,4.31,303856.91,191052.797,19105.2797,191.052797,1.91052797
600637.SH,600637,东方明珠,20090812,6.19,6.22,5.98,6.07,6.29,-0.22,-3.5,197127.7,119612.609,11961.2609,119.612609,1.19612609
600637.SH,600637,东方明珠,20090813,6.05,6.5,6.0,6.29,6.07,0.22,3.62,360917.49,227835.951,22783.5951,227.835951,2.27835951
600637.SH,600637,东方明珠,20090814,6.28,6.4,5.9,6.03,6.29,-0.26,-4.13,215002.59,132397.54,13239.754,132.39754000000002,1.3239754
600637.SH,600637,东方明珠,20090817,6.02,6.05,5.48,5.5,6.03,-0.53,-8.79,159495.74,91923.433,9192.3433,91.923433,0.91923433
600637.SH,600637,东方明珠,20090818,5.5,5.7,5.43,5.65,5.5,0.15,2.73,85831.46,47957.718,4795.7718,47.95771800000001,0.47957718
600637.SH,600637,东方明珠,20090819,5.63,5.68,5.09,5.25,5.65,-0.4,-7.08,95545.34,51354.844,5135.484399999999,51.35484399999999,0.5135484399999999
600637.SH,600637,东方明珠,20090820,5.25,5.41,5.23,5.36,5.25,0.11,2.1,101663.94,54061.267,5406.1267,54.061267,0.54061267
600637.SH,600637,东方明珠,20090821,5.36,5.49,5.3,5.46,5.36,0.1,1.87,83869.37,45374.609,4537.4609,45.374609,0.45374609
600637.SH,600637,东方明珠,20090824,5.47,5.52,5.39,5.47,5.46,0.01,0.18,80878.54,44178.747,4417.8747,44.178747,0.44178747
600637.SH,600637,东方明珠,20090825,5.47,5.47,5.16,5.34,5.47,-0.13,-2.38,99565.04,52714.213,5271.4213,52.714213,0.52714213
600637.SH,600637,东方明珠,20090826,5.3,5.68,5.22,5.55,5.34,0.21,3.93,107953.53,60009.939,6000.9939,60.009939,0.60009939
600637.SH,600637,东方明珠,20090827,5.55,5.66,5.44,5.6,5.55,0.05,0.9,85783.58,47778.31,4777.831,47.778310000000005,0.4777831
600637.SH,600637,东方明珠,20090828,5.61,5.61,5.4,5.5,5.6,-0.1,-1.79,60736.47,33385.682,3338.5682,33.385682,0.33385682
600637.SH,600637,东方明珠,20090831,5.5,5.58,5.21,5.22,5.5,-0.28,-5.09,79365.79,42874.237,4287.4237,42.874237,0.42874237
600637.SH,600637,东方明珠,20090901,5.23,5.48,5.08,5.35,5.22,0.13,2.49,82740.44,43774.869,4377.4869,43.774869,0.4377486899999999
600637.SH,600637,东方明珠,20090902,5.3,5.43,5.26,5.32,5.35,-0.03,-0.56,48082.24,25683.958,2568.3958,25.683958,0.2568395799999999
600637.SH,600637,东方明珠,20090903,5.33,5.5,5.27,5.48,5.32,0.16,3.01,71226.55,38649.751,3864.9751,38.649751,0.3864975099999999
600637.SH,600637,东方明珠,20090904,5.48,5.6,5.44,5.53,5.48,0.05,0.91,72880.45,40206.675,4020.667500000001,40.206675,0.40206675
600637.SH,600637,东方明珠,20090907,5.55,5.68,5.51,5.57,5.53,0.04,0.72,75268.14,42050.054,4205.0054,42.050054,0.42050054
600637.SH,600637,东方明珠,20090908,5.55,5.6,5.45,5.59,5.57,0.02,0.36,68953.79,38228.687,3822.8687,38.228687,0.38228687
600637.SH,600637,东方明珠,20090909,5.6,5.62,5.48,5.61,5.59,0.02,0.36,72974.09,40512.011,4051.2011,40.512011,0.40512011
600637.SH,600637,东方明珠,20090910,5.58,5.77,5.49,5.67,5.61,0.06,1.07,113079.88,63865.661,6386.5661,63.865661,0.6386566100000001
600637.SH,600637,东方明珠,20090911,5.65,5.73,5.6,5.68,5.67,0.01,0.18,83599.26,47433.568,4743.3568,47.433568,0.4743356799999999
600637.SH,600637,东方明珠,20090914,5.7,5.94,5.7,5.88,5.68,0.2,3.52,109733.13,64255.839,6425.5839,64.255839,0.6425583899999999
600637.SH,600637,东方明珠,20090915,5.9,6.01,5.76,5.92,5.88,0.04,0.68,107096.79,63215.014,6321.5014,63.215014,0.63215014
600637.SH,600637,东方明珠,20090916,5.91,6.51,5.9,6.51,5.92,0.59,9.97,398332.75,257749.643,25774.9643,257.749643,2.57749643
600637.SH,600637,东方明珠,20090917,6.78,7.16,6.58,7.16,6.51,0.65,9.98,859462.23,596273.564,59627.3564,596.2735640000001,5.962735640000001
600637.SH,600637,东方明珠,20090918,6.97,7.14,6.44,6.54,7.16,-0.62,-8.66,582496.5,395972.903,39597.2903,395.972903,3.95972903
600637.SH,600637,东方明珠,20090921,6.37,6.49,6.1,6.37,6.54,-0.17,-2.6,240772.63,151402.672,15140.267199999998,151.402672,1.51402672
600637.SH,600637,东方明珠,20090922,6.29,6.42,6.2,6.26,6.37,-0.11,-1.73,154562.1,97211.296,9721.1296,97.211296,0.97211296
600637.SH,600637,东方明珠,20090923,6.2,6.46,6.1,6.16,6.26,-0.1,-1.6,180833.3,113026.213,11302.6213,113.026213,1.1302621300000002
600637.SH,600637,东方明珠,20090924,6.11,6.18,5.71,5.86,6.16,-0.3,-4.87,162607.07,96368.456,9636.8456,96.368456,0.96368456
600637.SH,600637,东方明珠,20090925,5.93,5.99,5.73,5.78,5.86,-0.08,-1.37,87844.68,51464.929,5146.492899999999,51.46492899999999,0.5146492899999999
600637.SH,600637,东方明珠,20090928,5.9,5.94,5.5,5.56,5.78,-0.22,-3.81,84865.56,48817.551,4881.7551,48.817551,0.48817551
600637.SH,600637,东方明珠,20090929,5.53,5.64,5.25,5.36,5.56,-0.2,-3.6,96062.19,51977.947,5197.7947,51.977947,0.51977947
600637.SH,600637,东方明珠,20090930,5.46,5.54,5.38,5.4,5.36,0.04,0.75,72668.86,39646.752,3964.6752,39.646752,0.39646752
600637.SH,600637,东方明珠,20091009,5.49,5.74,5.46,5.72,5.4,0.32,5.93,100119.18,56345.887,5634.5887,56.345887000000005,0.5634588700000001
600637.SH,600637,东方明珠,20091012,5.72,5.96,5.65,5.85,5.72,0.13,2.27,115516.59,67570.565,6757.056500000001,67.570565,0.67570565
600637.SH,600637,东方明珠,20091013,5.83,5.86,5.7,5.86,5.85,0.01,0.17,65569.57,37937.606,3793.7606,37.937606,0.37937606
600637.SH,600637,东方明珠,20091014,5.88,6.0,5.84,5.88,5.86,0.02,0.34,81710.39,48452.892,4845.2892,48.452892,0.48452892
600637.SH,600637,东方明珠,20091015,5.91,5.99,5.8,5.93,5.88,0.05,0.85,79527.58,46709.637,4670.9637,46.709637,0.46709637
600637.SH,600637,东方明珠,20091016,5.94,6.26,5.9,6.18,5.93,0.25,4.22,182712.28,111076.176,11107.6176,111.07617600000002,1.1107617600000002
600637.SH,600637,东方明珠,20091019,6.13,6.23,6.01,6.2,6.18,0.02,0.32,118297.31,72750.656,7275.0656,72.75065599999999,0.7275065599999999
600637.SH,600637,东方明珠,20091020,6.2,6.3,6.14,6.23,6.2,0.03,0.48,101367.87,62924.202,6292.4202,62.924202,0.62924202
600637.SH,600637,东方明珠,20091021,6.22,6.25,6.05,6.06,6.23,-0.17,-2.73,101619.98,62391.222,6239.1222,62.391222,0.62391222
600637.SH,600637,东方明珠,20091022,6.06,6.11,5.96,6.04,6.06,-0.02,-0.33,80072.84,48290.852,4829.0852,48.290852,0.4829085199999999
600637.SH,600637,东方明珠,20091023,6.01,6.14,5.99,6.05,6.04,0.01,0.17,95820.7,58171.537,5817.1537,58.171537,0.58171537
600637.SH,600637,东方明珠,20091026,6.03,6.19,6.01,6.18,6.05,0.13,2.15,109650.19,66909.508,6690.9508000000005,66.909508,0.6690950800000001
600637.SH,600637,东方明珠,20091027,6.14,6.14,5.88,5.9,6.18,-0.28,-4.53,92750.25,55773.696,5577.3696,55.773696,0.5577369600000001
600637.SH,600637,东方明珠,20091028,5.86,5.96,5.75,5.92,5.9,0.02,0.34,61946.51,36317.088,3631.7088,36.317088000000005,0.36317088
600637.SH,600637,东方明珠,20091029,5.82,5.82,5.66,5.7,5.92,-0.22,-3.72,62451.58,35858.179,3585.8179,35.85817899999999,0.3585817899999999
600637.SH,600637,东方明珠,20091030,5.77,5.94,5.73,5.78,5.7,0.08,1.4,59468.56,34677.975,3467.7975,34.677975,0.3467797499999999
600637.SH,600637,东方明珠,20091102,5.65,5.89,5.57,5.88,5.78,0.1,1.73,69487.57,40084.765,4008.4765,40.084765,0.40084765
600637.SH,600637,东方明珠,20091103,5.93,6.09,5.9,6.07,5.88,0.19,3.23,99392.64,59909.039,5990.903899999999,59.90903899999999,0.59909039
600637.SH,600637,东方明珠,20091104,6.09,6.24,6.04,6.2,6.07,0.13,2.14,150397.63,92692.56,9269.256,92.69256,0.9269256
600637.SH,600637,东方明珠,20091105,6.2,6.23,6.08,6.17,6.2,-0.03,-0.48,101509.32,62526.304,6252.6304,62.526304,0.62526304
600637.SH,600637,东方明珠,20091106,6.22,6.47,6.15,6.36,6.17,0.19,3.08,234558.36,148784.062,14878.4062,148.784062,1.48784062
600637.SH,600637,东方明珠,20091109,6.31,6.39,6.24,6.36,6.36,0.0,0.0,120926.22,76523.94,7652.394,76.52394,0.7652394
600637.SH,600637,东方明珠,20091110,6.38,6.41,6.27,6.28,6.36,-0.08,-1.26,99921.56,63435.442,6343.5442,63.435442,0.63435442
600637.SH,600637,东方明珠,20091111,6.22,6.47,6.17,6.36,6.28,0.08,1.27,121818.38,77326.898,7732.6898,77.326898,0.77326898
600637.SH,600637,东方明珠,20091112,6.37,6.64,6.31,6.46,6.36,0.1,1.57,183209.64,118744.92,11874.492,118.74492,1.1874492
600637.SH,600637,东方明珠,20091113,6.45,6.58,6.32,6.48,6.46,0.02,0.31,133796.16,86394.127,8639.412699999999,86.39412699999998,0.8639412699999999
600637.SH,600637,东方明珠,20091116,6.51,6.75,6.51,6.59,6.48,0.11,1.7,158702.85,105058.463,10505.8463,105.05846300000002,1.05058463
600637.SH,600637,东方明珠,20091117,6.6,6.94,6.53,6.84,6.59,0.25,3.79,253424.6,171611.056,17161.105600000003,171.61105600000002,1.7161105600000002
600637.SH,600637,东方明珠,20091118,6.84,6.85,6.65,6.8,6.84,-0.04,-0.58,157158.05,105965.549,10596.5549,105.965549,1.05965549
600637.SH,600637,东方明珠,20091119,6.8,6.98,6.77,6.85,6.8,0.05,0.74,171000.3,117377.682,11737.7682,117.377682,1.17377682
600637.SH,600637,东方明珠,20091120,6.85,7.54,6.81,7.3,6.85,0.45,6.57,513160.56,372284.333,37228.4333,372.284333,3.72284333
600637.SH,600637,东方明珠,20091123,7.21,7.21,7.0,7.18,7.3,-0.12,-1.64,326264.72,231593.69,23159.369,231.59369,2.3159369
600637.SH,600637,东方明珠,20091124,7.16,7.18,6.5,6.56,7.18,-0.62,-8.64,376636.61,258821.066,25882.1066,258.821066,2.58821066
600637.SH,600637,东方明珠,20091125,6.57,7.15,6.52,7.01,6.56,0.45,6.86,335441.21,231391.241,23139.1241,231.391241,2.31391241
600637.SH,600637,东方明珠,20091126,6.97,7.2,6.6,6.65,7.01,-0.36,-5.14,290315.48,201011.27,20101.127,201.01127,2.0101127
600637.SH,600637,东方明珠,20091127,6.55,7.18,6.39,6.83,6.65,0.18,2.71,306642.15,209436.412,20943.6412,209.436412,2.0943641200000003
600637.SH,600637,东方明珠,20091130,6.87,7.1,6.63,7.03,6.83,0.2,2.93,267104.78,186267.709,18626.7709,186.267709,1.86267709
600637.SH,600637,东方明珠,20091201,6.97,7.1,6.72,7.01,7.03,-0.02,-0.28,266387.99,185458.833,18545.8833,185.45883300000003,1.8545883300000003
600637.SH,600637,东方明珠,20091202,7.05,7.28,7.01,7.12,7.01,0.11,1.57,285940.34,204156.575,20415.6575,204.156575,2.04156575
600637.SH,600637,东方明珠,20091203,7.12,7.25,7.0,7.14,7.12,0.02,0.28,201661.84,143695.691,14369.5691,143.69569099999998,1.43695691
600637.SH,600637,东方明珠,20091204,7.1,7.23,6.6,6.78,7.14,-0.36,-5.04,283689.7,196313.832,19631.3832,196.313832,1.96313832
600637.SH,600637,东方明珠,20091207,6.8,6.95,6.68,6.86,6.78,0.08,1.18,125641.46,86121.511,8612.1511,86.121511,0.86121511
600637.SH,600637,东方明珠,20091208,6.86,6.91,6.7,6.76,6.86,-0.1,-1.46,100497.86,68129.197,6812.9197,68.129197,0.6812919700000001
600637.SH,600637,东方明珠,20091209,6.73,6.83,6.67,6.7,6.76,-0.06,-0.89,85737.93,57778.511,5777.8511,57.778511,0.57778511
600637.SH,600637,东方明珠,20091210,6.75,6.82,6.68,6.78,6.7,0.08,1.19,62303.9,42036.45,4203.645,42.03645,0.4203645
600637.SH,600637,东方明珠,20091211,6.8,6.85,6.71,6.77,6.78,-0.01,-0.15,64709.63,43926.278,4392.6278,43.926278,0.43926278
600637.SH,600637,东方明珠,20091214,6.78,6.79,6.5,6.68,6.77,-0.09,-1.33,77282.33,51176.691,5117.6691,51.176691,0.51176691
600637.SH,600637,东方明珠,20091215,6.71,6.76,6.64,6.65,6.68,-0.03,-0.45,62682.29,41909.04,4190.904,41.909040000000005,0.4190904
600637.SH,600637,东方明珠,20091216,6.6,6.67,6.5,6.52,6.65,-0.13,-1.95,68640.98,45320.506,4532.0506000000005,45.320506,0.45320506
600637.SH,600637,东方明珠,20091217,6.52,6.59,6.38,6.39,6.52,-0.13,-1.99,77527.78,50327.895,5032.7895,50.327895,0.50327895
600637.SH,600637,东方明珠,20091218,6.32,6.39,6.1,6.2,6.39,-0.19,-2.97,72512.54,45152.025,4515.2025,45.152025,0.45152025
600637.SH,600637,东方明珠,20091221,6.21,6.3,6.19,6.28,6.2,0.08,1.29,42636.98,26630.519,2663.0519,26.630519,0.2663051899999999
600637.SH,600637,东方明珠,20091222,6.28,6.33,6.09,6.14,6.28,-0.14,-2.23,47955.17,29766.158,2976.6158,29.766158,0.29766158
600637.SH,600637,东方明珠,20091223,6.14,6.28,6.06,6.25,6.14,0.11,1.79,72621.07,44895.157,4489.5157,44.895157,0.4489515699999999
600637.SH,600637,东方明珠,20091224,6.25,6.38,6.21,6.37,6.25,0.12,1.92,74861.57,47388.575,4738.8575,47.388575,0.47388575
600637.SH,600637,东方明珠,20091225,6.39,6.65,6.33,6.5,6.37,0.13,2.04,114091.63,74235.273,7423.5273,74.23527299999999,0.7423527299999999
600637.SH,600637,东方明珠,20091228,6.49,6.56,6.46,6.55,6.5,0.05,0.77,75213.81,49011.922,4901.1922,49.011922,0.4901192199999999
600637.SH,600637,东方明珠,20091229,6.56,6.63,6.45,6.56,6.55,0.01,0.15,60231.35,39398.978,3939.8978,39.398978,0.39398978
600637.SH,600637,东方明珠,20091230,6.56,6.58,6.35,6.42,6.56,-0.14,-2.13,106011.93,67954.438,6795.443799999999,67.954438,0.67954438
600637.SH,600637,东方明珠,20091231,6.45,7.05,6.42,6.83,6.42,0.41,6.39,343065.29,235873.211,23587.3211,235.873211,2.35873211
600637.SH,600637,东方明珠,20100104,6.86,6.87,6.64,6.73,6.83,-0.1,-1.46,188029.91,126683.605,12668.3605,126.683605,1.2668360499999998
600637.SH,600637,东方明珠,20100105,6.74,6.86,6.66,6.8,6.73,0.07,1.04,152403.55,103362.864,10336.2864,103.362864,1.03362864
600637.SH,600637,东方明珠,20100106,6.8,6.85,6.72,6.73,6.8,-0.07,-1.03,86387.96,58473.312,5847.3312,58.47331199999999,0.5847331199999999
600637.SH,600637,东方明珠,20100107,6.73,6.75,6.45,6.52,6.73,-0.21,-3.12,117974.23,77574.597,7757.459699999999,77.574597,0.77574597
600637.SH,600637,东方明珠,20100108,6.49,6.77,6.45,6.76,6.52,0.24,3.68,180627.37,120694.583,12069.4583,120.694583,1.20694583
600637.SH,600637,东方明珠,20100111,6.76,6.94,6.68,6.86,6.76,0.1,1.48,186151.29,127242.177,12724.2177,127.242177,1.27242177
600637.SH,600637,东方明珠,20100112,6.8,6.96,6.8,6.91,6.86,0.05,0.73,168063.42,115743.737,11574.3737,115.743737,1.15743737
600637.SH,600637,东方明珠,20100113,6.78,7.08,6.7,6.91,6.91,0.0,0.0,219565.05,152494.923,15249.492300000002,152.49492300000003,1.5249492300000005
600637.SH,600637,东方明珠,20100114,7.29,7.6,7.1,7.14,6.91,0.23,3.33,493419.23,361353.386,36135.3386,361.353386,3.61353386
600637.SH,600637,东方明珠,20100115,7.14,7.28,6.98,7.13,7.14,-0.01,-0.14,258120.1,183814.663,18381.4663,183.814663,1.83814663
600637.SH,600637,东方明珠,20100118,7.11,7.3,7.05,7.29,7.13,0.16,2.24,238759.54,171669.033,17166.903299999998,171.66903299999998,1.7166903299999998
600637.SH,600637,东方明珠,20100119,7.28,7.3,7.14,7.2,7.29,-0.09,-1.23,171968.16,124145.061,12414.5061,124.145061,1.24145061
600637.SH,600637,东方明珠,20100120,7.2,7.22,6.81,6.93,7.2,-0.27,-3.75,191321.17,133825.938,13382.5938,133.82593799999998,1.3382593799999998
600637.SH,600637,东方明珠,20100121,6.92,7.04,6.82,6.97,6.93,0.04,0.58,107280.15,74565.613,7456.561299999999,74.565613,0.74565613
600637.SH,600637,东方明珠,20100122,6.89,6.91,6.59,6.73,6.97,-0.24,-3.44,120575.05,81538.075,8153.8075,81.53807499999999,0.8153807499999999
600637.SH,600637,东方明珠,20100125,6.7,6.82,6.61,6.66,6.73,-0.07,-1.04,55992.23,37680.347,3768.0347,37.680347000000005,0.37680347
600637.SH,600637,东方明珠,20100126,6.67,6.74,6.31,6.36,6.66,-0.3,-4.5,67226.3,43508.798,4350.879800000001,43.508798000000006,0.43508798
600637.SH,600637,东方明珠,20100127,6.36,6.48,6.3,6.36,6.36,0.0,0.0,53654.12,34369.054,3436.9054,34.369054,0.34369054
600637.SH,600637,东方明珠,20100128,6.36,6.47,6.31,6.44,6.36,0.08,1.26,49563.62,31716.428,3171.6428,31.716428,0.31716428
600637.SH,600637,东方明珠,20100129,6.4,6.56,6.37,6.49,6.44,0.05,0.78,64607.45,41960.027,4196.0027,41.960027,0.4196002699999999
600637.SH,600637,东方明珠,20100201,6.51,6.55,6.35,6.42,6.49,-0.07,-1.08,49113.08,31576.096,3157.6096,31.576096000000003,0.31576096
600637.SH,600637,东方明珠,20100203,6.4,6.55,6.08,6.49,6.42,0.07,1.09,73774.91,46739.794,4673.9794,46.739794,0.46739794
600637.SH,600637,东方明珠,20100204,6.45,6.62,6.35,6.55,6.49,0.06,0.92,105226.29,68715.856,6871.5856,68.715856,0.68715856
600637.SH,600637,东方明珠,20100205,6.4,6.58,6.3,6.4,6.55,-0.15,-2.29,65088.36,41855.796,4185.5796,41.855796,0.41855796
600637.SH,600637,东方明珠,20100208,6.41,6.52,6.36,6.47,6.4,0.07,1.09,49942.6,32225.445,3222.5445,32.225445,0.32225445
600637.SH,600637,东方明珠,20100209,6.43,6.52,6.4,6.45,6.47,-0.02,-0.31,36591.47,23633.048,2363.3048,23.633048,0.2363304799999999
600637.SH,600637,东方明珠,20100210,6.5,6.6,6.4,6.59,6.45,0.14,2.17,95178.47,61819.014,6181.901400000001,61.81901400000001,0.61819014
600637.SH,600637,东方明珠,20100211,6.55,7.25,6.55,6.83,6.59,0.24,3.64,337968.73,236750.034,23675.0034,236.75003400000003,2.3675003400000003
600637.SH,600637,东方明珠,20100212,6.73,6.87,6.58,6.82,6.83,-0.01,-0.15,213415.4,142878.492,14287.8492,142.878492,1.42878492
600637.SH,600637,东方明珠,20100222,6.7,6.88,6.68,6.81,6.82,-0.01,-0.15,101671.69,68943.297,6894.3297,68.943297,0.68943297
600637.SH,600637,东方明珠,20100223,6.78,7.05,6.69,7.03,6.81,0.22,3.23,175227.68,120888.106,12088.8106,120.888106,1.2088810600000002
600637.SH,600637,东方明珠,20100224,7.01,7.12,6.93,7.05,7.03,0.02,0.28,132761.4,93121.155,9312.1155,93.121155,0.93121155
600637.SH,600637,东方明珠,20100225,7.08,7.13,7.0,7.07,7.05,0.02,0.28,156374.91,110252.299,11025.2299,110.252299,1.10252299
600637.SH,600637,东方明珠,20100226,7.07,7.12,6.98,7.02,7.07,-0.05,-0.71,142844.72,100566.264,10056.6264,100.566264,1.00566264
600637.SH,600637,东方明珠,20100301,7.02,7.25,6.94,7.21,7.02,0.19,2.71,320180.65,227107.591,22710.7591,227.107591,2.27107591
600637.SH,600637,东方明珠,20100302,7.13,7.27,7.09,7.13,7.21,-0.08,-1.11,194090.21,138687.984,13868.7984,138.687984,1.38687984
600637.SH,600637,东方明珠,20100303,7.13,7.25,7.08,7.2,7.13,0.07,0.98,206052.57,147578.111,14757.8111,147.578111,1.47578111
600637.SH,600637,东方明珠,20100304,7.21,7.28,6.85,6.9,7.2,-0.3,-4.17,178705.46,126234.014,12623.4014,126.234014,1.2623401399999998
600637.SH,600637,东方明珠,20100305,6.9,7.15,6.87,7.03,6.9,0.13,1.88,142384.86,99829.472,9982.9472,99.82947199999998,0.99829472
600637.SH,600637,东方明珠,20100308,7.08,7.28,7.04,7.27,7.03,0.24,3.41,239246.33,172899.171,17289.9171,172.899171,1.7289917099999998
600637.SH,600637,东方明珠,20100309,7.36,7.38,7.2,7.23,7.27,-0.04,-0.55,178555.78,129741.351,12974.1351,129.741351,1.2974135100000002
600637.SH,600637,东方明珠,20100310,7.23,7.34,6.98,7.08,7.23,-0.15,-2.07,163480.87,116621.708,11662.1708,116.621708,1.16621708
600637.SH,600637,东方明珠,20100311,7.08,7.13,6.86,6.95,7.08,-0.13,-1.84,109130.95,75974.875,7597.4875,75.974875,0.75974875
600637.SH,600637,东方明珠,20100312,6.92,6.99,6.8,6.83,6.95,-0.12,-1.73,73816.32,50772.241,5077.2241,50.772241,0.50772241
600637.SH,600637,东方明珠,20100315,6.79,6.88,6.75,6.85,6.83,0.02,0.29,50285.84,34210.628,3421.0628,34.210628,0.34210628
600637.SH,600637,东方明珠,20100316,6.86,6.89,6.74,6.88,6.85,0.03,0.44,50974.33,34798.451,3479.8451,34.798451,0.34798451
600637.SH,600637,东方明珠,20100317,6.92,7.28,6.82,7.17,6.88,0.29,4.22,202823.8,144076.755,14407.6755,144.07675500000002,1.44076755
600637.SH,600637,东方明珠,20100318,7.2,7.33,7.12,7.23,7.17,0.06,0.84,227161.09,164253.143,16425.314300000002,164.25314300000002,1.6425314300000002
600637.SH,600637,东方明珠,20100319,7.25,7.35,7.16,7.3,7.23,0.07,0.97,213101.79,154884.698,15488.4698,154.884698,1.5488469800000002
600637.SH,600637,东方明珠,20100322,7.33,7.78,7.23,7.53,7.3,0.23,3.15,462095.13,346509.135,34650.9135,346.509135,3.46509135
600637.SH,600637,东方明珠,20100323,7.49,7.49,7.23,7.29,7.53,-0.24,-3.19,240225.78,176476.86,17647.685999999998,176.47686,1.7647685999999998
600637.SH,600637,东方明珠,20100324,7.29,7.41,7.25,7.27,7.29,-0.02,-0.27,142333.82,104139.95,10413.995,104.13994999999998,1.0413994999999998
600637.SH,600637,东方明珠,20100325,7.25,7.25,7.13,7.16,7.27,-0.11,-1.51,126161.57,90699.104,9069.9104,90.699104,0.90699104
600637.SH,600637,东方明珠,20100326,7.13,7.42,7.12,7.38,7.16,0.22,3.07,148001.42,108093.314,10809.3314,108.093314,1.08093314
600637.SH,600637,东方明珠,20100329,7.37,7.47,7.28,7.38,7.38,0.0,0.0,113538.18,83448.11,8344.811,83.44811,0.8344811
600637.SH,600637,东方明珠,20100330,7.4,7.5,7.34,7.43,7.38,0.05,0.68,143921.98,107103.32,10710.332,107.10332,1.0710332
600637.SH,600637,东方明珠,20100331,7.45,7.6,7.35,7.54,7.43,0.11,1.48,190839.75,142361.597,14236.1597,142.361597,1.42361597
600637.SH,600637,东方明珠,20100401,7.51,7.75,7.48,7.67,7.54,0.13,1.72,295199.62,225763.652,22576.3652,225.763652,2.25763652
600637.SH,600637,东方明珠,20100402,7.69,8.4,7.6,7.91,7.67,0.24,3.13,539296.03,429761.38,42976.138,429.76138,4.2976138
600637.SH,600637,东方明珠,20100406,7.84,7.84,7.65,7.74,7.91,-0.17,-2.15,293229.57,226850.497,22685.0497,226.850497,2.26850497
600637.SH,600637,东方明珠,20100407,7.73,8.02,7.69,7.89,7.74,0.15,1.94,267852.3,211557.932,21155.7932,211.557932,2.11557932
600637.SH,600637,东方明珠,20100408,7.86,8.05,7.82,7.87,7.89,-0.02,-0.25,176207.08,139682.57,13968.257,139.68257000000003,1.3968257000000002
600637.SH,600637,东方明珠,20100409,7.9,8.23,7.89,8.06,7.87,0.19,2.41,239904.76,194131.034,19413.1034,194.131034,1.94131034
600637.SH,600637,东方明珠,20100412,8.17,8.27,8.02,8.17,8.06,0.11,1.36,235825.44,192023.558,19202.3558,192.023558,1.92023558
600637.SH,600637,东方明珠,20100413,8.17,8.17,7.61,7.86,8.17,-0.31,-3.79,238458.63,188112.447,18811.2447,188.112447,1.88112447
600637.SH,600637,东方明珠,20100414,7.86,7.96,7.74,7.85,7.86,-0.01,-0.13,124435.41,97503.537,9750.3537,97.503537,0.97503537
600637.SH,600637,东方明珠,20100415,7.93,7.96,7.71,7.75,7.85,-0.1,-1.27,119095.17,93287.408,9328.7408,93.287408,0.93287408
600637.SH,600637,东方明珠,20100416,7.75,7.89,7.71,7.78,7.75,0.03,0.39,101282.72,79065.826,7906.5826,79.065826,0.7906582600000001
600637.SH,600637,东方明珠,20100419,7.71,7.75,7.27,7.28,7.78,-0.5,-6.43,146253.27,110166.794,11016.6794,110.166794,1.10166794
600637.SH,600637,东方明珠,20100420,7.26,7.5,7.15,7.49,7.28,0.21,2.88,134145.54,98913.094,9891.3094,98.913094,0.98913094
600637.SH,600637,东方明珠,20100421,7.5,7.73,7.46,7.71,7.49,0.22,2.94,115959.25,88454.412,8845.4412,88.45441199999999,0.8845441199999999
600637.SH,600637,东方明珠,20100422,7.7,7.82,7.59,7.69,7.71,-0.02,-0.26,121602.87,93794.478,9379.4478,93.794478,0.93794478
600637.SH,600637,东方明珠,20100423,7.68,7.78,7.52,7.56,7.69,-0.13,-1.69,94177.9,72016.617,7201.6617,72.016617,0.7201661699999999
600637.SH,600637,东方明珠,20100426,7.49,7.7,7.37,7.59,7.56,0.03,0.4,93637.82,70696.479,7069.647900000001,70.69647900000001,0.7069647900000001
600637.SH,600637,东方明珠,20100427,7.59,7.68,7.18,7.39,7.59,-0.2,-2.64,125396.72,93203.86,9320.386,93.20386,0.9320386
600637.SH,600637,东方明珠,20100429,7.28,7.45,6.98,7.0,7.39,-0.39,-5.28,103598.57,75164.542,7516.4542,75.164542,0.75164542
600637.SH,600637,东方明珠,20100430,7.02,7.1,6.49,6.79,7.0,-0.21,-3.0,107718.44,73119.007,7311.9007,73.119007,0.7311900699999999
600637.SH,600637,东方明珠,20100504,6.61,6.83,6.5,6.68,6.79,-0.11,-1.62,53519.82,35948.175,3594.8175,35.948175,0.35948175
600637.SH,600637,东方明珠,20100505,6.6,6.92,6.56,6.92,6.68,0.24,3.59,77466.06,52395.187,5239.5187,52.39518699999999,0.5239518699999999
600637.SH,600637,东方明珠,20100506,6.88,7.01,6.71,6.72,6.92,-0.2,-2.89,85364.05,58907.676,5890.7676,58.907676,0.58907676
600637.SH,600637,东方明珠,20100507,6.59,6.9,6.47,6.86,6.72,0.14,2.08,101093.89,68569.991,6856.999099999999,68.56999099999999,0.6856999099999999
600637.SH,600637,东方明珠,20100510,6.84,7.22,6.75,7.21,6.86,0.35,5.1,173833.79,122887.798,12288.7798,122.887798,1.22887798
600637.SH,600637,东方明珠,20100511,7.2,7.25,6.91,6.98,7.21,-0.23,-3.19,88454.2,62677.246,6267.7246,62.677246,0.62677246
600637.SH,600637,东方明珠,20100512,6.9,6.95,6.51,6.85,6.98,-0.13,-1.86,73913.06,50263.963,5026.3963,50.263963,0.50263963
600637.SH,600637,东方明珠,20100513,6.81,7.1,6.79,7.09,6.85,0.24,3.5,72641.39,50568.755,5056.8755,50.568755,0.50568755
600637.SH,600637,东方明珠,20100514,6.98,7.36,6.98,7.22,7.09,0.13,1.83,146434.39,105951.838,10595.1838,105.951838,1.05951838
600637.SH,600637,东方明珠,20100517,7.1,7.41,6.65,6.73,7.22,-0.49,-6.79,168982.06,120371.399,12037.1399,120.371399,1.20371399
600637.SH,600637,东方明珠,20100518,6.61,6.82,6.1,6.54,6.73,-0.19,-2.82,146728.89,95209.205,9520.9205,95.209205,0.95209205
600637.SH,600637,东方明珠,20100519,6.43,6.62,6.25,6.41,6.54,-0.13,-1.99,76489.82,49458.814,4945.8814,49.458814,0.49458814
600637.SH,600637,东方明珠,20100520,6.38,6.46,6.11,6.13,6.41,-0.28,-4.37,67031.7,42146.919,4214.6919,42.146919,0.42146919
600637.SH,600637,东方明珠,20100521,5.88,6.24,5.8,6.18,6.13,0.05,0.82,68767.04,41398.669,4139.8669,41.398669,0.41398669
600637.SH,600637,东方明珠,20100524,6.2,6.48,6.2,6.46,6.18,0.28,4.53,79867.81,51083.635,5108.3635,51.083635,0.51083635
600637.SH,600637,东方明珠,20100525,6.37,7.0,6.36,6.61,6.46,0.15,2.32,144840.07,97174.036,9717.4036,97.174036,0.97174036
600637.SH,600637,东方明珠,20100526,6.56,6.64,6.4,6.6,6.61,-0.01,-0.15,71719.84,46830.209,4683.0209,46.830209,0.46830209
600637.SH,600637,东方明珠,20100527,6.63,6.71,6.47,6.69,6.6,0.09,1.36,62079.51,41144.444,4114.4444,41.144444,0.41144444
600637.SH,600637,东方明珠,20100528,6.72,6.82,6.63,6.8,6.69,0.11,1.64,99521.9,66932.192,6693.2192,66.932192,0.66932192
600637.SH,600637,东方明珠,20100531,6.69,6.79,6.42,6.42,6.8,-0.38,-5.59,75845.68,50300.175,5030.0175,50.300175,0.5030017499999999
600637.SH,600637,东方明珠,20100601,6.43,6.48,6.13,6.29,6.42,-0.13,-2.02,49663.13,31320.487,3132.0487000000003,31.320487000000004,0.31320487
600637.SH,600637,东方明珠,20100602,6.25,6.52,6.2,6.49,6.29,0.2,3.18,48128.6,30671.807,3067.1807,30.671807,0.3067180699999999
600637.SH,600637,东方明珠,20100603,6.5,6.57,6.36,6.37,6.49,-0.12,-1.85,50823.28,33035.698,3303.5698,33.035698,0.3303569799999999
600637.SH,600637,东方明珠,20100604,6.26,6.86,6.26,6.76,6.37,0.39,6.12,101910.25,67394.057,6739.4057,67.394057,0.6739405700000001
600637.SH,600637,东方明珠,20100607,6.61,6.84,6.55,6.72,6.76,-0.04,-0.59,90495.66,60765.472,6076.5472,60.765472,0.60765472
600637.SH,600637,东方明珠,20100608,6.94,7.11,6.65,6.79,6.72,0.07,1.04,109444.74,75466.725,7546.672500000001,75.46672500000001,0.7546672500000001
600637.SH,600637,东方明珠,20100609,6.8,6.89,6.66,6.84,6.79,0.05,0.74,101401.83,68570.543,6857.054300000001,68.570543,0.6857054300000001
600637.SH,600637,东方明珠,20100611,6.83,6.89,6.65,6.66,6.84,-0.18,-2.63,66747.55,44909.863,4490.9863,44.909863,0.4490986299999999
600637.SH,600637,东方明珠,20100617,6.68,6.82,6.68,6.73,6.66,0.07,1.05,64532.68,43706.18,4370.618,43.70618,0.4370618
600637.SH,600637,东方明珠,20100618,6.7,6.77,6.36,6.42,6.73,-0.31,-4.61,52954.33,34814.479,3481.4479,34.814479,0.34814479
600637.SH,600637,东方明珠,20100621,6.4,6.6,6.38,6.58,6.42,0.16,2.49,29371.52,19152.436,1915.2436,19.152436,0.19152436
600637.SH,600637,东方明珠,20100622,6.59,6.7,6.54,6.68,6.58,0.1,1.52,36364.19,24192.116,2419.2116,24.192116,0.24192116
600637.SH,600637,东方明珠,20100623,6.68,6.82,6.6,6.73,6.68,0.05,0.75,56458.38,37968.992,3796.8992,37.968992,0.37968992
600637.SH,600637,东方明珠,20100624,6.8,6.93,6.71,6.78,6.73,0.05,0.74,84809.67,58017.026,5801.7026,58.017026,0.5801702599999999
600637.SH,600637,东方明珠,20100625,6.7,6.75,6.53,6.65,6.78,-0.13,-1.92,44106.22,29256.542,2925.6542,29.256542,0.29256542
600637.SH,600637,东方明珠,20100628,6.64,6.7,6.47,6.5,6.65,-0.15,-2.26,29758.12,19487.1,1948.71,19.4871,0.194871
600637.SH,600637,东方明珠,20100629,6.5,6.56,5.99,6.0,6.5,-0.5,-7.69,55003.09,34233.302,3423.3302000000003,34.233302,0.34233302
600637.SH,600637,东方明珠,20100630,5.93,6.02,5.78,5.85,6.0,-0.15,-2.5,63748.46,37510.078,3751.0078,37.510078,0.37510078
600637.SH,600637,东方明珠,20100701,5.85,5.94,5.79,5.8,5.85,-0.05,-0.85,27339.3,16036.788,1603.6788,16.036788,0.16036788
600637.SH,600637,东方明珠,20100702,5.81,5.85,5.47,5.75,5.8,-0.05,-0.86,49515.36,28029.659,2802.9659,28.029659,0.28029659
600637.SH,600637,东方明珠,20100705,5.63,5.74,5.53,5.7,5.75,-0.05,-0.87,19387.54,10932.304,1093.2304,10.932303999999998,0.1093230399999999
600637.SH,600637,东方明珠,20100706,5.72,5.89,5.65,5.87,5.7,0.17,2.98,39120.02,22808.38,2280.838,22.808380000000003,0.2280838
600637.SH,600637,东方明珠,20100707,5.89,5.94,5.82,5.93,5.87,0.06,1.02,29790.26,17537.617,1753.7616999999998,17.537616999999997,0.1753761699999999
600637.SH,600637,东方明珠,20100708,5.93,5.95,5.84,5.87,5.93,-0.06,-1.01,22979.83,13546.289,1354.6289000000002,13.546289000000002,0.13546289
600637.SH,600637,东方明珠,20100709,5.9,6.05,5.82,6.04,5.87,0.17,2.9,35767.62,21364.253,2136.4253,21.364253,0.2136425299999999
600637.SH,600637,东方明珠,20100712,6.04,6.1,5.98,6.1,6.04,0.06,0.99,32714.24,19836.367,1983.6367,19.836367,0.19836367
600637.SH,600637,东方明珠,20100713,6.07,6.07,5.9,5.98,6.1,-0.12,-1.97,39199.97,23487.779,2348.7779,23.487779,0.23487779
600637.SH,600637,东方明珠,20100714,5.98,6.35,5.93,6.17,5.98,0.19,3.18,80498.81,50097.375,5009.7375,50.097375,0.50097375
600637.SH,600637,东方明珠,20100715,6.22,6.57,6.18,6.18,6.17,0.01,0.16,93595.32,59618.022,5961.8022,59.618022,0.59618022
600637.SH,600637,东方明珠,20100716,6.08,6.15,5.97,6.14,6.18,-0.04,-0.65,47429.12,28747.152,2874.7152,28.747152,0.28747152
600637.SH,600637,东方明珠,20100719,6.05,6.5,6.05,6.46,6.14,0.32,5.21,109803.48,70121.512,7012.1512,70.121512,0.70121512
600637.SH,600637,东方明珠,20100720,6.5,6.63,6.43,6.57,6.46,0.11,1.7,80560.3,52833.344,5283.3344,52.833344,0.5283334399999999
600637.SH,600637,东方明珠,20100721,6.71,6.92,6.6,6.78,6.57,0.21,3.2,108652.74,73135.479,7313.5479,73.135479,0.73135479
600637.SH,600637,东方明珠,20100722,6.87,6.87,6.6,6.73,6.78,-0.05,-0.74,70522.71,47300.94,4730.094,47.30094,0.4730093999999999
600637.SH,600637,东方明珠,20100723,6.75,6.8,6.64,6.75,6.73,0.02,0.3,62933.19,42318.466,4231.8466,42.318466,0.42318466
600637.SH,600637,东方明珠,20100726,6.74,6.82,6.7,6.76,6.75,0.01,0.15,43779.98,29634.711,2963.4711,29.634711,0.2963471099999999
600637.SH,600637,东方明珠,20100727,6.7,6.82,6.69,6.74,6.76,-0.02,-0.3,31485.27,21267.379,2126.7379,21.267379,0.21267379
600637.SH,600637,东方明珠,20100728,6.71,6.92,6.71,6.89,6.74,0.15,2.23,67623.56,46303.853,4630.3853,46.303853,0.4630385299999999
600637.SH,600637,东方明珠,20100729,6.88,6.93,6.73,6.85,6.89,-0.04,-0.58,59924.82,40828.552,4082.8552,40.828552,0.40828552
600637.SH,600637,东方明珠,20100730,6.85,6.88,6.76,6.84,6.85,-0.01,-0.15,42572.29,29018.362,2901.8362,29.018362000000003,0.29018362
600637.SH,600637,东方明珠,20100802,6.87,7.09,6.86,7.05,6.84,0.21,3.07,81578.3,56900.835,5690.0835,56.900835,0.56900835
600637.SH,600637,东方明珠,20100803,7.05,7.09,6.85,6.86,7.05,-0.19,-2.7,80830.75,56550.343,5655.0343,56.550343000000005,0.56550343
600637.SH,600637,东方明珠,20100804,6.84,6.96,6.76,6.93,6.86,0.07,1.02,58296.58,40097.619,4009.7619,40.097619,0.40097619
600637.SH,600637,东方明珠,20100805,6.9,7.17,6.89,7.12,6.93,0.19,2.74,109949.41,77900.167,7790.0167,77.900167,0.77900167
600637.SH,600637,东方明珠,20100806,7.03,7.16,6.99,7.14,7.12,0.02,0.28,65914.16,46739.732,4673.9732,46.739732,0.46739732
600637.SH,600637,东方明珠,20100809,7.11,7.23,7.11,7.17,7.14,0.03,0.42,61740.62,44306.301,4430.6301,44.306301000000005,0.44306301
600637.SH,600637,东方明珠,20100810,7.17,7.26,6.91,6.94,7.17,-0.23,-3.21,80110.92,56745.7,5674.57,56.7457,0.567457
600637.SH,600637,东方明珠,20100811,6.94,7.0,6.89,6.97,6.94,0.03,0.43,39841.54,27678.853,2767.8853,27.678853,0.27678853
600637.SH,600637,东方明珠,20100812,6.92,6.99,6.79,6.82,6.97,-0.15,-2.15,51847.07,35772.982,3577.2982,35.772982,0.35772982
600637.SH,600637,东方明珠,20100813,6.79,7.0,6.79,7.0,6.82,0.18,2.64,45715.07,31679.74,3167.974,31.67974,0.3167974
600637.SH,600637,东方明珠,20100816,7.0,7.24,7.0,7.19,7.0,0.19,2.71,85701.02,61508.844,6150.8844,61.508844,0.61508844
600637.SH,600637,东方明珠,20100817,7.23,7.58,7.23,7.45,7.19,0.26,3.62,204286.52,152215.624,15221.5624,152.21562400000002,1.5221562400000002
600637.SH,600637,东方明珠,20100818,7.5,7.62,7.46,7.52,7.45,0.07,0.94,125192.61,94465.051,9446.5051,94.465051,0.94465051
600637.SH,600637,东方明珠,20100819,7.52,7.96,7.38,7.69,7.52,0.17,2.26,188323.3,144738.629,14473.862899999998,144.73862899999995,1.44738629
600637.SH,600637,东方明珠,20100820,7.65,7.82,7.63,7.73,7.69,0.04,0.52,105973.13,81908.393,8190.8393,81.90839299999999,0.8190839299999999
600637.SH,600637,东方明珠,20100823,7.73,7.94,7.64,7.7,7.73,-0.03,-0.39,121396.12,94360.677,9436.0677,94.360677,0.94360677
600637.SH,600637,东方明珠,20100824,7.7,7.87,7.5,7.79,7.7,0.09,1.17,102586.15,79310.819,7931.0819,79.310819,0.79310819
600637.SH,600637,东方明珠,20100825,7.79,8.04,7.71,7.91,7.79,0.12,1.54,144302.56,113867.429,11386.7429,113.86742900000002,1.1386742900000002
600637.SH,600637,东方明珠,20100826,7.87,7.96,7.72,7.85,7.91,-0.06,-0.76,75387.55,59047.4,5904.74,59.0474,0.5904739999999999
600637.SH,600637,东方明珠,20100827,7.83,8.08,7.73,8.06,7.85,0.21,2.68,146305.78,116587.87,11658.787,116.58787,1.1658787000000002
600637.SH,600637,东方明珠,20100830,8.08,8.14,7.96,8.08,8.06,0.02,0.25,135948.79,109503.307,10950.3307,109.503307,1.0950330700000002
600637.SH,600637,东方明珠,20100831,8.09,8.3,8.02,8.11,8.08,0.03,0.37,125945.31,102929.697,10292.9697,102.929697,1.02929697
600637.SH,600637,东方明珠,20100901,8.1,8.39,8.08,8.38,8.11,0.27,3.33,231017.42,191527.09,19152.709,191.52709,1.9152709
600637.SH,600637,东方明珠,20110111,9.22,9.22,9.22,9.22,8.38,0.84,10.02,8259.37,7615.139,761.5139,7.615139,0.07615139
600637.SH,600637,东方明珠,20110112,10.14,10.14,10.14,10.14,9.22,0.92,9.98,14748.15,14954.624,1495.4624,14.954624,0.14954624
600637.SH,600637,东方明珠,20110113,11.15,11.15,11.15,11.15,10.14,1.01,9.96,33774.5,37658.568,3765.8568,37.658568,0.37658568
600637.SH,600637,东方明珠,20110114,12.27,12.27,11.5,12.27,11.15,1.12,10.04,514515.44,624435.488,62443.5488,624.4354880000001,6.24435488
600637.SH,600637,东方明珠,20110117,12.27,12.85,11.8,12.08,12.27,-0.19,-1.55,719984.52,881156.883,88115.68830000001,881.1568830000001,8.81156883
600637.SH,600637,东方明珠,20110118,11.85,12.49,11.62,12.32,12.08,0.24,1.99,370895.75,446554.159,44655.4159,446.554159,4.46554159
600637.SH,600637,东方明珠,20110119,12.1,13.33,11.91,12.78,12.32,0.46,3.73,405561.4,510199.966,51019.9966,510.199966,5.10199966
600637.SH,600637,东方明珠,20110120,12.57,12.68,11.98,12.07,12.78,-0.71,-5.56,284153.12,348676.46,34867.646,348.67646,3.4867646000000003
600637.SH,600637,东方明珠,20110121,12.01,12.25,11.66,11.81,12.07,-0.26,-2.15,236690.91,281220.694,28122.0694,281.220694,2.81220694
600637.SH,600637,东方明珠,20110124,11.85,12.14,11.57,11.99,11.81,0.18,1.52,230681.35,272791.256,27279.1256,272.791256,2.72791256
600637.SH,600637,东方明珠,20110125,11.7,11.75,10.79,10.79,11.99,-1.2,-10.01,305602.82,334558.197,33455.8197,334.558197,3.34558197
600637.SH,600637,东方明珠,20110126,10.7,10.99,10.55,10.79,10.79,0.0,0.0,120487.72,130562.967,13056.2967,130.562967,1.30562967
600637.SH,600637,东方明珠,20110127,10.78,11.3,10.6,10.87,10.79,0.08,0.74,174559.47,192894.037,19289.403700000003,192.89403700000005,1.9289403700000003
600637.SH,600637,东方明珠,20110128,10.85,11.43,10.74,11.18,10.87,0.31,2.85,141132.65,157267.982,15726.7982,157.267982,1.5726798199999998
600637.SH,600637,东方明珠,20110131,11.09,11.34,11.0,11.28,11.18,0.1,0.89,117542.95,131739.931,13173.993100000002,131.739931,1.31739931
600637.SH,600637,东方明珠,20110201,11.21,11.4,11.1,11.14,11.28,-0.14,-1.24,85037.51,95647.279,9564.7279,95.647279,0.95647279
600637.SH,600637,东方明珠,20110209,11.13,11.95,10.93,11.88,11.14,0.74,6.64,145497.99,165863.164,16586.3164,165.86316399999998,1.65863164
600637.SH,600637,东方明珠,20110210,11.8,13.0,11.68,12.9,11.88,1.02,8.59,285202.42,355652.185,35565.2185,355.65218500000003,3.55652185
600637.SH,600637,东方明珠,20110211,12.75,13.07,12.55,12.69,12.9,-0.21,-1.63,169587.95,216136.318,21613.6318,216.136318,2.16136318
600637.SH,600637,东方明珠,20110214,12.72,12.9,12.25,12.36,12.69,-0.33,-2.6,237936.77,295060.728,29506.0728,295.06072800000004,2.9506072800000003
600637.SH,600637,东方明珠,20110215,12.37,12.65,12.07,12.41,12.36,0.05,0.4,183288.92,227286.281,22728.6281,227.286281,2.27286281
600637.SH,600637,东方明珠,20110216,12.27,12.55,12.21,12.33,12.41,-0.08,-0.64,146332.28,180207.057,18020.7057,180.207057,1.80207057
600637.SH,600637,东方明珠,20110217,12.23,12.77,12.23,12.48,12.33,0.15,1.22,189736.37,236873.108,23687.3108,236.873108,2.36873108
600637.SH,600637,东方明珠,20110218,12.48,12.64,11.72,11.77,12.48,-0.71,-5.69,208796.6,252971.86,25297.186,252.97186,2.5297186
600637.SH,600637,东方明珠,20110221,11.7,12.06,11.61,11.94,11.77,0.17,1.44,93216.0,110971.028,11097.1028,110.971028,1.10971028
600637.SH,600637,东方明珠,20110222,11.93,12.13,11.71,11.87,11.94,-0.07,-0.59,103966.2,123939.012,12393.9012,123.939012,1.2393901200000002
600637.SH,600637,东方明珠,20110223,11.97,13.06,11.88,13.05,11.87,1.18,9.94,391646.44,495569.274,49556.9274,495.569274,4.95569274
600637.SH,600637,东方明珠,20110224,12.95,13.08,12.56,12.6,13.05,-0.45,-3.45,251716.8,320728.718,32072.8718,320.728718,3.20728718
600637.SH,600637,东方明珠,20110225,12.57,13.45,12.52,12.77,12.6,0.17,1.35,299995.07,388152.452,38815.2452,388.152452,3.88152452
600637.SH,600637,东方明珠,20110228,12.78,12.88,12.54,12.87,12.77,0.1,0.78,186532.42,236724.527,23672.4527,236.724527,2.36724527
600637.SH,600637,东方明珠,20110301,12.97,13.36,12.63,12.96,12.87,0.09,0.7,216954.4,282189.753,28218.9753,282.189753,2.82189753
600637.SH,600637,东方明珠,20110302,12.82,12.82,12.33,12.77,12.96,-0.19,-1.47,163423.22,205926.455,20592.6455,205.926455,2.05926455
600637.SH,600637,东方明珠,20110303,12.75,13.99,12.57,13.51,12.77,0.74,5.79,406085.24,539483.593,53948.3593,539.4835929999999,5.394835929999999
600637.SH,600637,东方明珠,20110304,13.52,14.7,13.32,14.13,13.51,0.62,4.59,469976.07,659445.885,65944.5885,659.445885,6.59445885
600637.SH,600637,东方明珠,20110307,14.14,14.8,14.1,14.24,14.13,0.11,0.78,324063.51,465408.482,46540.8482,465.408482,4.65408482
600637.SH,600637,东方明珠,20110308,14.28,14.76,13.94,14.63,14.24,0.39,2.74,247076.2,355031.863,35503.1863,355.031863,3.55031863
600637.SH,600637,东方明珠,20110309,14.63,14.68,14.15,14.47,14.63,-0.16,-1.09,225493.43,324045.983,32404.5983,324.04598300000004,3.2404598300000003
600637.SH,600637,东方明珠,20110310,14.38,14.5,14.02,14.41,14.47,-0.06,-0.41,154480.56,220687.181,22068.7181,220.687181,2.20687181
600637.SH,600637,东方明珠,20110311,14.23,14.5,14.02,14.15,14.41,-0.26,-1.8,153936.0,219297.116,21929.7116,219.297116,2.1929711600000004
600637.SH,600637,东方明珠,20110314,13.9,14.3,13.86,13.92,14.15,-0.23,-1.63,158990.41,223276.85,22327.685,223.27685,2.2327685
600637.SH,600637,东方明珠,20110315,13.95,13.99,13.3,13.76,13.92,-0.16,-1.15,166890.94,226534.391,22653.4391,226.534391,2.26534391
600637.SH,600637,东方明珠,20110316,13.7,14.13,13.6,13.92,13.76,0.16,1.16,102524.27,142517.528,14251.752799999998,142.51752799999997,1.4251752799999995
600637.SH,600637,东方明珠,20110317,13.75,14.6,13.5,13.99,13.92,0.07,0.5,172451.43,245271.653,24527.1653,245.271653,2.45271653
600637.SH,600637,东方明珠,20110318,14.18,14.5,14.13,14.26,13.99,0.27,1.93,98934.8,141286.549,14128.6549,141.286549,1.4128654900000002
600637.SH,600637,东方明珠,20110321,14.22,14.61,14.08,14.38,14.26,0.12,0.84,142675.17,205717.588,20571.7588,205.717588,2.05717588
600637.SH,600637,东方明珠,20110322,14.45,14.58,14.18,14.26,14.38,-0.12,-0.83,132998.19,190887.471,19088.7471,190.887471,1.90887471
600637.SH,600637,东方明珠,20110323,14.36,14.95,14.08,14.75,14.26,0.49,3.44,201023.03,293903.247,29390.3247,293.903247,2.9390324699999995
600637.SH,600637,东方明珠,20110324,14.78,14.9,14.4,14.46,14.75,-0.29,-1.97,139246.62,203044.292,20304.4292,203.044292,2.03044292
600637.SH,600637,东方明珠,20110325,14.46,14.53,14.19,14.46,14.46,0.0,0.0,126987.25,182310.433,18231.0433,182.310433,1.82310433
600637.SH,600637,东方明珠,20110328,14.19,14.5,14.13,14.17,14.46,-0.29,-2.01,97954.38,139905.341,13990.5341,139.905341,1.3990534099999998
600637.SH,600637,东方明珠,20110329,14.17,14.25,12.75,13.28,14.17,-0.89,-6.28,199584.75,271934.85,27193.485,271.93485,2.7193485
600637.SH,600637,东方明珠,20110330,13.19,13.68,13.11,13.4,13.28,0.12,0.9,105802.89,142688.27,14268.827,142.68827,1.4268827
600637.SH,600637,东方明珠,20110331,13.49,13.5,13.0,13.2,13.4,-0.2,-1.49,77971.1,102976.198,10297.6198,102.976198,1.0297619800000002
600637.SH,600637,东方明珠,20110406,13.5,13.94,13.21,13.3,13.2,0.1,0.76,89387.36,121055.358,12105.5358,121.055358,1.21055358
600637.SH,600637,东方明珠,20110407,13.32,13.39,12.8,13.0,13.3,-0.3,-2.26,102887.1,133555.714,13355.5714,133.555714,1.33555714
600637.SH,600637,东方明珠,20110408,13.01,13.26,12.96,13.23,13.0,0.23,1.77,55201.66,72437.108,7243.710799999999,72.437108,0.72437108
600637.SH,600637,东方明珠,20110411,13.17,13.3,13.05,13.17,13.23,-0.06,-0.45,52783.23,69283.742,6928.3742,69.283742,0.69283742
600637.SH,600637,东方明珠,20110412,13.17,13.35,13.08,13.16,13.17,-0.01,-0.08,54843.49,72367.546,7236.7546,72.367546,0.72367546
600637.SH,600637,东方明珠,20110413,13.11,13.22,13.01,13.18,13.16,0.02,0.15,44394.45,58201.188,5820.1188,58.201188,0.58201188
600637.SH,600637,东方明珠,20110414,13.18,13.18,12.86,12.91,13.18,-0.27,-2.05,67764.97,88133.618,8813.3618,88.13361800000001,0.8813361800000001
600637.SH,600637,东方明珠,20110415,12.92,13.11,12.8,12.97,12.91,0.06,0.46,62418.12,80662.061,8066.2061,80.66206100000001,0.8066206100000001
600637.SH,600637,东方明珠,20110418,12.98,12.99,12.45,12.49,12.97,-0.48,-3.7,88576.69,111920.486,11192.0486,111.920486,1.11920486
600637.SH,600637,东方明珠,20110419,12.4,12.41,11.98,12.29,12.49,-0.2,-1.6,82615.89,100515.839,10051.5839,100.515839,1.00515839
600637.SH,600637,东方明珠,20110420,12.21,12.66,12.21,12.48,12.29,0.19,1.55,53745.78,67154.073,6715.407300000001,67.15407300000001,0.6715407300000001
600637.SH,600637,东方明珠,20110421,12.6,12.6,12.2,12.26,12.48,-0.22,-1.76,56183.92,69285.804,6928.580400000001,69.28580400000001,0.6928580400000002
600637.SH,600637,东方明珠,20110422,12.26,12.37,12.07,12.2,12.26,-0.06,-0.49,44522.99,54390.804,5439.0804,54.390804,0.5439080399999999
600637.SH,600637,东方明珠,20110425,12.08,12.32,12.0,12.08,12.2,-0.12,-0.98,41457.83,50206.048,5020.6048,50.206048,0.50206048
600637.SH,600637,东方明珠,20110426,12.03,12.36,12.01,12.15,12.08,0.07,0.58,36716.56,44753.344,4475.3344,44.753344,0.44753344
600637.SH,600637,东方明珠,20110428,12.11,12.12,11.21,11.28,12.15,-0.87,-7.16,75447.8,88037.399,8803.7399,88.03739900000001,0.88037399
600637.SH,600637,东方明珠,20110429,11.35,11.51,11.19,11.33,11.28,0.05,0.44,39449.15,44569.822,4456.9822,44.569822,0.44569822
600637.SH,600637,东方明珠,20110503,11.38,11.69,11.36,11.6,11.33,0.27,2.38,28534.05,32952.717,3295.2717,32.952717,0.32952717
600637.SH,600637,东方明珠,20110504,11.6,11.6,11.24,11.29,11.6,-0.31,-2.67,28961.25,33039.198,3303.9198,33.039198,0.33039198
600637.SH,600637,东方明珠,20110505,11.29,11.69,11.24,11.52,11.29,0.23,2.04,35196.38,40315.742,4031.5742,40.315742,0.40315742
600637.SH,600637,东方明珠,20110506,11.45,11.77,11.33,11.7,11.52,0.18,1.56,42634.57,49555.396,4955.5396,49.555396,0.49555396
600637.SH,600637,东方明珠,20110509,11.78,12.3,11.78,12.1,11.7,0.4,3.42,70971.35,85899.321,8589.9321,85.899321,0.85899321
600637.SH,600637,东方明珠,20110510,12.11,12.23,11.92,12.16,12.1,0.06,0.5,38390.74,46372.756,4637.2756,46.372756,0.46372756
600637.SH,600637,东方明珠,20110511,12.15,12.4,12.08,12.31,12.16,0.15,1.23,59859.18,73581.775,7358.1775,73.581775,0.7358177499999999
600637.SH,600637,东方明珠,20110512,12.2,12.27,11.99,12.01,12.31,-0.3,-2.44,40499.55,49213.698,4921.3698,49.213698,0.4921369799999999
600637.SH,600637,东方明珠,20110513,11.89,12.18,11.8,12.08,12.01,0.07,0.58,39610.41,47528.201,4752.8201,47.528201,0.47528201
600637.SH,600637,东方明珠,20110516,12.1,12.4,11.9,12.29,12.08,0.21,1.74,55061.27,67708.425,6770.842500000001,67.708425,0.67708425
600637.SH,600637,东方明珠,20110517,12.35,12.46,12.2,12.29,12.29,0.0,0.0,55185.93,68032.311,6803.2311,68.03231099999999,0.6803231099999999
600637.SH,600637,东方明珠,20110518,12.2,12.29,12.05,12.19,12.29,-0.1,-0.81,37495.98,45648.735,4564.8735,45.648735,0.4564873499999999
600637.SH,600637,东方明珠,20110519,12.2,12.23,11.96,11.97,12.19,-0.22,-1.8,41607.08,50117.199,5011.7199,50.117199,0.50117199
600637.SH,600637,东方明珠,20110520,12.12,12.67,12.11,12.63,11.97,0.66,5.51,90567.39,112079.366,11207.9366,112.079366,1.12079366
600637.SH,600637,东方明珠,20110523,12.5,12.85,12.3,12.54,12.63,-0.09,-0.71,112788.92,142256.248,14225.6248,142.256248,1.42256248
600637.SH,600637,东方明珠,20110524,12.37,12.49,12.0,12.38,12.54,-0.16,-1.28,49795.05,60953.71,6095.371,60.95371,0.6095371
600637.SH,600637,东方明珠,20110525,12.37,12.66,12.27,12.59,12.38,0.21,1.7,64361.2,80571.81,8057.181,80.57181,0.8057181
600637.SH,600637,东方明珠,20110526,12.62,12.92,12.38,12.4,12.59,-0.19,-1.51,61013.5,76925.562,7692.556200000001,76.92556200000001,0.7692556200000001
600637.SH,600637,东方明珠,20110527,12.37,12.37,11.6,11.65,12.4,-0.75,-6.05,76780.24,91365.034,9136.5034,91.365034,0.91365034
600637.SH,600637,东方明珠,20110530,11.56,11.84,11.14,11.28,11.65,-0.37,-3.18,41364.56,47735.925,4773.592500000001,47.73592500000001,0.47735925
600637.SH,600637,东方明珠,20110531,11.33,11.73,11.25,11.68,11.28,0.4,3.55,31244.03,35801.693,3580.1693,35.801693,0.35801693
600637.SH,600637,东方明珠,20110601,11.6,11.89,11.51,11.82,11.68,0.14,1.2,26910.38,31498.763,3149.8763,31.498763,0.31498763
600637.SH,600637,东方明珠,20110602,11.68,11.68,11.26,11.49,11.82,-0.33,-2.79,31244.22,35837.689,3583.7689,35.837689,0.3583768899999999
600637.SH,600637,东方明珠,20110603,11.51,11.74,11.5,11.65,11.49,0.16,1.39,40696.36,47318.95,4731.895,47.31895,0.4731894999999999
600637.SH,600637,东方明珠,20110607,11.61,11.8,11.51,11.71,11.65,0.06,0.52,28843.99,33739.756,3373.9756,33.739756,0.33739756
600637.SH,600637,东方明珠,20110608,11.71,11.91,11.65,11.88,11.71,0.17,1.45,30449.26,35924.487,3592.4487,35.924487,0.35924487
600637.SH,600637,东方明珠,20110609,11.9,12.15,11.58,11.62,11.88,-0.26,-2.19,53953.9,64535.571,6453.5571,64.535571,0.64535571
600637.SH,600637,东方明珠,20110610,11.66,11.77,11.48,11.66,11.62,0.04,0.34,29870.97,34632.206,3463.2206,34.632206,0.34632206
600637.SH,600637,东方明珠,20110613,11.61,12.0,11.48,11.98,11.66,0.32,2.74,38720.72,45634.295,4563.4295,45.634295,0.45634295
600637.SH,600637,东方明珠,20110614,11.96,12.28,11.88,12.01,11.98,0.03,0.25,48144.57,58209.161,5820.9161,58.209161,0.58209161
600637.SH,600637,东方明珠,20110615,12.0,12.09,11.75,11.78,12.01,-0.23,-1.92,27258.39,32479.814,3247.9814,32.479814,0.3247981399999999
600637.SH,600637,东方明珠,20110616,11.7,11.83,11.6,11.78,11.78,0.0,0.0,26324.98,30798.608,3079.8608,30.798608,0.30798608
600637.SH,600637,东方明珠,20110617,11.85,11.91,11.43,11.47,11.78,-0.31,-2.63,20773.74,24183.516,2418.3516,24.183516,0.24183516
600637.SH,600637,东方明珠,20110620,11.46,11.65,11.44,11.57,11.47,0.1,0.87,33670.53,38832.058,3883.2058,38.832058,0.3883205799999999
600637.SH,600637,东方明珠,20110621,11.52,11.95,11.52,11.92,11.57,0.35,3.03,56700.89,67094.21,6709.421,67.09421,0.6709421
600637.SH,600637,东方明珠,20110622,11.96,12.02,11.82,11.89,11.92,-0.03,-0.25,17810.43,21206.464,2120.6464,21.206464,0.21206464
600637.SH,600637,东方明珠,20110623,11.87,12.01,11.7,12.0,11.89,0.11,0.93,25402.79,30266.324,3026.6324,30.266324,0.30266324
600637.SH,600637,东方明珠,20110624,11.92,12.27,11.9,12.16,12.0,0.16,1.33,73983.39,89428.554,8942.8554,89.428554,0.89428554
600637.SH,600637,东方明珠,20110627,12.16,12.42,12.06,12.28,12.16,0.12,0.99,52042.9,63793.241,6379.3241,63.793241,0.6379324099999999
600637.SH,600637,东方明珠,20110628,12.28,12.45,12.16,12.24,12.28,-0.04,-0.33,41311.43,50754.848,5075.4848,50.754848,0.5075484800000001
600637.SH,600637,东方明珠,20110629,12.28,12.55,12.21,12.28,12.24,0.04,0.33,66901.7,82952.423,8295.2423,82.952423,0.82952423
600637.SH,600637,东方明珠,20110630,12.29,12.6,12.2,12.45,12.28,0.17,1.38,43776.58,54569.259,5456.9259,54.569259,0.54569259
600637.SH,600637,东方明珠,20110701,12.49,12.62,12.4,12.44,12.45,-0.01,-0.08,32101.37,40189.894,4018.9894,40.189894,0.40189894
600637.SH,600637,东方明珠,20110704,12.4,12.76,12.4,12.69,12.44,0.25,2.01,59969.0,75377.004,7537.7004,75.377004,0.75377004
600637.SH,600637,东方明珠,20110705,12.69,12.91,12.57,12.8,12.69,0.11,0.87,55009.57,70171.565,7017.1565,70.171565,0.70171565
600637.SH,600637,东方明珠,20110706,12.85,12.87,12.5,12.68,12.8,-0.12,-0.94,46534.08,58810.1,5881.01,58.810100000000006,0.5881010000000001
600637.SH,600637,东方明珠,20110707,12.63,12.76,12.53,12.57,12.68,-0.11,-0.87,34783.83,43925.5,4392.55,43.9255,0.439255
600637.SH,600637,东方明珠,20110708,12.6,12.74,12.54,12.67,12.57,0.1,0.8,32254.74,40681.606,4068.1606,40.681606,0.40681606
600637.SH,600637,东方明珠,20110711,12.66,12.66,12.47,12.49,12.67,-0.18,-1.42,29209.08,36609.679,3660.9679,36.609679,0.36609679
600637.SH,600637,东方明珠,20110712,12.45,12.45,12.14,12.15,12.49,-0.34,-2.72,35096.21,43049.983,4304.9983,43.049983000000005,0.43049983
600637.SH,600637,东方明珠,20110713,12.21,12.6,12.21,12.55,12.15,0.4,3.29,35536.27,44288.825,4428.8825,44.288825,0.44288825
600637.SH,600637,东方明珠,20110714,12.53,13.81,12.53,13.8,12.55,1.25,9.96,236749.01,320648.001,32064.8001,320.648001,3.2064800100000004
600637.SH,600637,东方明珠,20110715,13.59,13.88,13.46,13.7,13.8,-0.1,-0.72,104741.86,143696.469,14369.646900000002,143.696469,1.4369646900000002
600637.SH,600637,东方明珠,20110718,13.73,14.1,13.56,13.79,13.7,0.09,0.66,87855.89,122031.137,12203.1137,122.031137,1.22031137
600637.SH,600637,东方明珠,20110719,13.69,13.9,13.38,13.5,13.79,-0.29,-2.1,71315.55,96817.287,9681.7287,96.817287,0.96817287
600637.SH,600637,东方明珠,20110720,13.6,13.69,13.4,13.63,13.5,0.13,0.96,42898.56,58112.81,5811.281,58.11281,0.5811280999999999
600637.SH,600637,东方明珠,20110721,13.62,14.25,13.55,13.66,13.63,0.03,0.22,114906.27,160218.4,16021.84,160.2184,1.602184
600637.SH,600637,东方明珠,20110722,13.75,13.77,13.4,13.58,13.66,-0.08,-0.59,47855.1,64929.282,6492.9282,64.929282,0.64929282
600637.SH,600637,东方明珠,20110725,13.48,13.8,13.29,13.5,13.58,-0.08,-0.59,82660.43,111835.157,11183.5157,111.835157,1.11835157
600637.SH,600637,东方明珠,20110726,13.5,13.52,13.02,13.36,13.5,-0.14,-1.04,54295.69,71894.413,7189.4413,71.894413,0.71894413
600637.SH,600637,东方明珠,20110727,13.29,13.78,13.21,13.73,13.36,0.37,2.77,64491.71,87770.597,8777.0597,87.770597,0.87770597
600637.SH,600637,东方明珠,20110728,13.59,13.72,13.44,13.54,13.73,-0.19,-1.38,41556.61,56469.965,5646.996499999999,56.469965,0.56469965
600637.SH,600637,东方明珠,20110729,13.51,14.09,13.5,13.66,13.54,0.12,0.89,104410.11,144911.063,14491.1063,144.91106299999998,1.4491106299999998
600637.SH,600637,东方明珠,20110801,13.6,13.97,13.58,13.68,13.66,0.02,0.15,60819.57,83974.903,8397.490300000001,83.97490300000001,0.8397490300000001
600637.SH,600637,东方明珠,20110802,13.67,13.84,13.39,13.65,13.68,-0.03,-0.22,50304.27,68376.213,6837.621300000001,68.376213,0.6837621300000001
600637.SH,600637,东方明珠,20110803,13.52,13.87,13.42,13.85,13.65,0.2,1.47,47195.37,64797.966,6479.7966,64.797966,0.6479796600000001
600637.SH,600637,东方明珠,20110804,13.88,14.36,13.88,14.21,13.85,0.36,2.6,154006.46,219265.958,21926.595800000003,219.26595800000004,2.1926595800000004
600637.SH,600637,东方明珠,20110805,13.8,14.11,13.55,13.79,14.21,-0.42,-2.96,97375.46,135057.616,13505.761600000002,135.05761600000002,1.35057616
600637.SH,600637,东方明珠,20110808,13.65,13.66,12.5,13.02,13.79,-0.77,-5.58,117851.52,154698.872,15469.8872,154.69887200000002,1.5469887200000003
600637.SH,600637,东方明珠,20110809,12.5,12.92,12.1,12.73,13.02,-0.29,-2.23,68647.43,86487.607,8648.7607,86.48760700000001,0.8648760700000001
600637.SH,600637,东方明珠,20110810,12.91,13.1,12.8,12.84,12.73,0.11,0.86,55776.47,72137.455,7213.7455,72.137455,0.7213745500000001
600637.SH,600637,东方明珠,20110811,12.53,12.99,12.5,12.81,12.84,-0.03,-0.23,59847.11,76753.507,7675.3507,76.753507,0.76753507
600637.SH,600637,东方明珠,20110812,12.99,13.33,12.9,13.15,12.81,0.34,2.65,59293.69,78115.188,7811.5188,78.115188,0.78115188
600637.SH,600637,东方明珠,20110815,13.05,13.21,13.03,13.19,13.15,0.04,0.3,35128.72,46127.465,4612.746499999999,46.127465,0.4612746499999999
600637.SH,600637,东方明珠,20110816,13.23,13.25,12.92,13.1,13.19,-0.09,-0.68,33787.5,44170.649,4417.064899999999,44.170649,0.4417064899999999
600637.SH,600637,东方明珠,20110817,13.0,13.15,12.85,12.88,13.1,-0.22,-1.68,29073.51,37781.841,3778.1841,37.781841,0.37781841
600637.SH,600637,东方明珠,20110818,12.87,12.95,12.5,12.54,12.88,-0.34,-2.64,42154.8,53615.342,5361.5342,53.615342,0.53615342
600637.SH,600637,东方明珠,20110819,12.35,12.45,12.25,12.37,12.54,-0.17,-1.36,29859.34,36856.087,3685.6087,36.856087,0.3685608699999999
600637.SH,600637,东方明珠,20110822,12.33,12.44,12.21,12.3,12.37,-0.07,-0.57,22583.31,27813.919,2781.3919,27.813919,0.27813919
600637.SH,600637,东方明珠,20110823,12.3,12.43,12.27,12.42,12.3,0.12,0.98,24269.23,29993.309,2999.3309,29.993309,0.29993309
600637.SH,600637,东方明珠,20110824,12.53,12.97,12.42,12.8,12.42,0.38,3.06,50509.01,64403.106,6440.3106,64.403106,0.64403106
600637.SH,600637,东方明珠,20110825,12.88,13.11,12.82,12.95,12.8,0.15,1.17,57135.97,74204.648,7420.4648,74.20464799999999,0.74204648
600637.SH,600637,东方明珠,20110826,12.96,13.03,12.85,12.96,12.95,0.01,0.08,29741.4,38564.472,3856.4472,38.564472,0.38564472
600637.SH,600637,东方明珠,20110829,12.88,13.2,12.85,13.12,12.96,0.16,1.23,46507.62,60815.38,6081.538,60.81538,0.6081538
600637.SH,600637,东方明珠,20110830,13.25,13.28,12.87,12.89,13.12,-0.23,-1.75,28202.81,36816.878,3681.6878,36.816878,0.36816878
600637.SH,600637,东方明珠,20110831,12.86,12.97,12.46,12.6,12.89,-0.29,-2.25,42854.9,54381.611,5438.161099999999,54.38161099999999,0.54381611
600637.SH,600637,东方明珠,20110901,12.6,12.75,12.25,12.27,12.6,-0.33,-2.62,46714.23,58166.817,5816.6817,58.166817,0.58166817
600637.SH,600637,东方明珠,20110902,12.27,12.38,11.87,12.02,12.27,-0.25,-2.04,48977.92,59154.968,5915.4968,59.154968,0.59154968
600637.SH,600637,东方明珠,20110905,11.98,12.2,11.89,12.1,12.02,0.08,0.67,28095.0,33919.54,3391.954,33.919540000000005,0.3391954
600637.SH,600637,东方明珠,20110906,11.9,12.1,11.9,12.0,12.1,-0.1,-0.83,20686.01,24846.315,2484.6315,24.846315,0.24846315
600637.SH,600637,东方明珠,20110907,12.0,12.3,11.97,12.28,12.0,0.28,2.33,21627.11,26226.444,2622.6444,26.226444,0.26226444
600637.SH,600637,东方明珠,20110908,12.33,12.34,12.14,12.19,12.28,-0.09,-0.73,20933.16,25563.261,2556.3261,25.563261,0.25563261
600637.SH,600637,东方明珠,20110909,12.25,12.4,12.13,12.36,12.19,0.17,1.39,27729.66,34030.387,3403.0387,34.030387,0.3403038699999999
600637.SH,600637,东方明珠,20110913,12.25,12.25,11.97,12.06,12.36,-0.3,-2.43,29023.08,35000.176,3500.0176,35.000176,0.35000176
600637.SH,600637,东方明珠,20110914,12.08,12.17,12.0,12.11,12.06,0.05,0.41,15186.36,18303.486,1830.3486,18.303486,0.18303486
600637.SH,600637,东方明珠,20110915,12.08,12.24,12.08,12.18,12.11,0.07,0.58,16090.74,19613.788,1961.3788,19.613788,0.19613788
600637.SH,600637,东方明珠,20110916,12.2,12.3,12.12,12.13,12.18,-0.05,-0.41,9182.84,11219.975,1121.9975,11.219975,0.11219975
600637.SH,600637,东方明珠,20110919,12.14,12.46,12.14,12.29,12.13,0.16,1.32,40797.53,50485.863,5048.5863,50.485863,0.50485863
600637.SH,600637,东方明珠,20110920,12.2,12.58,12.2,12.56,12.29,0.27,2.2,41108.31,51231.891,5123.1891000000005,51.231891000000005,0.5123189100000001
600637.SH,600637,东方明珠,20110921,12.38,12.8,12.38,12.73,12.56,0.17,1.35,39468.03,50016.493,5001.6493,50.016493,0.50016493
600637.SH,600637,东方明珠,20110922,12.62,12.75,12.48,12.53,12.73,-0.2,-1.57,30344.41,38234.573,3823.4573,38.234573,0.38234573
600637.SH,600637,东方明珠,20110923,12.49,12.49,12.22,12.38,12.53,-0.15,-1.2,19823.11,24432.579,2443.2579,24.432579,0.24432579
600637.SH,600637,东方明珠,20110926,12.3,12.35,12.05,12.16,12.38,-0.22,-1.78,24603.08,29968.379,2996.8379,29.968379,0.29968379
600637.SH,600637,东方明珠,20110930,12.1,12.1,10.94,11.58,12.16,-0.58,-4.77,125765.36,143324.387,14332.4387,143.324387,1.43324387
600637.SH,600637,东方明珠,20111010,11.51,11.62,11.25,11.4,11.58,-0.18,-1.55,21265.45,24162.595,2416.2595,24.162595,0.24162595
600637.SH,600637,东方明珠,20111011,11.6,11.7,11.28,11.36,11.4,-0.04,-0.35,51541.91,58688.979,5868.8979,58.688979,0.58688979
600637.SH,600637,东方明珠,20111012,11.38,11.88,11.22,11.86,11.36,0.5,4.4,48222.56,55668.405,5566.8405,55.668405,0.55668405
600637.SH,600637,东方明珠,20111013,11.85,13.05,11.7,12.76,11.86,0.9,7.59,112373.97,140892.946,14089.2946,140.892946,1.40892946
600637.SH,600637,东方明珠,20111014,12.72,12.95,12.1,12.56,12.76,-0.2,-1.57,78876.2,98154.159,9815.4159,98.154159,0.98154159
600637.SH,600637,东方明珠,20111017,12.54,12.82,12.37,12.43,12.56,-0.13,-1.04,58536.31,73559.49,7355.949,73.55949000000001,0.7355949000000002
600637.SH,600637,东方明珠,20111018,12.3,12.8,12.26,12.63,12.43,0.2,1.61,63074.06,78995.619,7899.561900000001,78.995619,0.7899561900000001
600637.SH,600637,东方明珠,20111019,12.61,13.04,12.61,12.74,12.63,0.11,0.87,68565.27,88049.011,8804.9011,88.049011,0.8804901099999999
600637.SH,600637,东方明珠,20111020,12.7,12.79,12.35,12.38,12.74,-0.36,-2.83,36533.39,45592.936,4559.2936,45.592936,0.45592936
600637.SH,600637,东方明珠,20111021,12.35,12.51,11.87,11.93,12.38,-0.45,-3.63,32389.0,39169.703,3916.9703,39.169703,0.39169703
600637.SH,600637,东方明珠,20111024,11.93,12.85,11.8,12.6,11.93,0.67,5.62,54478.28,67001.021,6700.102099999999,67.001021,0.6700102099999999
600637.SH,600637,东方明珠,20111025,12.58,13.23,12.52,12.94,12.6,0.34,2.7,106322.03,138241.941,13824.1941,138.241941,1.38241941
600637.SH,600637,东方明珠,20111026,13.05,14.23,12.9,14.03,12.94,1.09,8.42,366088.33,510209.202,51020.9202,510.209202,5.10209202
600637.SH,600637,东方明珠,20111027,13.8,14.03,13.51,13.58,14.03,-0.45,-3.21,139093.01,191261.789,19126.1789,191.261789,1.91261789
600637.SH,600637,东方明珠,20111028,13.85,14.18,13.6,13.8,13.58,0.22,1.62,129331.57,179402.653,17940.2653,179.402653,1.7940265299999998
600637.SH,600637,东方明珠,20111031,13.81,14.55,13.67,14.31,13.8,0.51,3.7,184696.07,262017.095,26201.7095,262.017095,2.62017095
600637.SH,600637,东方明珠,20111101,14.2,14.47,13.86,13.91,14.31,-0.4,-2.8,124736.91,176077.27,17607.727,176.07727,1.7607727
600637.SH,600637,东方明珠,20111102,13.89,14.61,13.71,14.39,13.91,0.48,3.45,195809.85,279131.812,27913.1812,279.131812,2.79131812
600637.SH,600637,东方明珠,20111103,14.62,15.83,14.6,14.87,14.39,0.48,3.34,471838.74,723262.893,72326.2893,723.2628930000001,7.232628930000001
600637.SH,600637,东方明珠,20111104,14.75,15.12,14.5,14.8,14.87,-0.07,-0.47,192383.97,284832.474,28483.2474,284.832474,2.84832474
600637.SH,600637,东方明珠,20111107,14.78,15.38,14.67,15.11,14.8,0.31,2.09,108728.21,164427.441,16442.7441,164.427441,1.64427441
600637.SH,600637,东方明珠,20111108,15.2,15.63,14.51,14.73,15.11,-0.38,-2.51,115334.89,175340.474,17534.0474,175.340474,1.75340474
600637.SH,600637,东方明珠,20111109,14.66,15.25,14.55,15.1,14.73,0.37,2.51,122157.92,183062.355,18306.235500000003,183.06235500000005,1.8306235500000003
600637.SH,600637,东方明珠,20111110,15.17,16.1,14.93,15.5,15.1,0.4,2.65,342033.44,535583.841,53558.3841,535.583841,5.3558384100000005
600637.SH,600637,东方明珠,20111111,15.6,15.95,14.95,14.99,15.5,-0.51,-3.29,203794.03,316355.881,31635.5881,316.355881,3.16355881
600637.SH,600637,东方明珠,20111114,15.18,15.55,15.02,15.2,14.99,0.21,1.4,140917.84,215237.801,21523.7801,215.237801,2.15237801
600637.SH,600637,东方明珠,20111115,15.49,15.49,14.88,15.19,15.2,-0.01,-0.07,110438.25,166758.776,16675.8776,166.758776,1.6675877600000002
600637.SH,600637,东方明珠,20111116,15.14,15.33,14.65,14.68,15.19,-0.51,-3.36,92619.8,138605.38,13860.538,138.60538,1.3860538
600637.SH,600637,东方明珠,20111117,14.68,14.94,14.45,14.86,14.68,0.18,1.23,62199.6,91741.251,9174.1251,91.741251,0.91741251
600637.SH,600637,东方明珠,20111118,14.8,15.06,14.38,14.69,14.86,-0.17,-1.14,70476.1,103312.095,10331.2095,103.312095,1.03312095
600637.SH,600637,东方明珠,20111121,14.7,15.08,14.6,14.99,14.69,0.3,2.04,60749.37,90061.798,9006.1798,90.061798,0.9006179799999999
600637.SH,600637,东方明珠,20111122,14.9,15.35,14.85,15.17,14.99,0.18,1.2,71179.34,107428.592,10742.8592,107.428592,1.07428592
600637.SH,600637,东方明珠,20111123,15.2,15.59,15.15,15.39,15.17,0.22,1.45,106536.13,163925.319,16392.531899999998,163.92531899999997,1.6392531899999998
600637.SH,600637,东方明珠,20111124,15.36,15.57,15.2,15.37,15.39,-0.02,-0.13,63181.49,97544.94,9754.494,97.54494,0.9754494
600637.SH,600637,东方明珠,20111125,15.26,16.13,15.26,15.78,15.37,0.41,2.67,118365.08,186437.993,18643.7993,186.437993,1.86437993
600637.SH,600637,东方明珠,20111128,15.83,16.6,15.83,16.21,15.78,0.43,2.73,98494.66,160726.172,16072.6172,160.726172,1.60726172
600637.SH,600637,东方明珠,20111129,16.25,16.54,15.86,16.26,16.21,0.05,0.31,102584.19,166033.896,16603.389600000002,166.03389600000003,1.6603389600000005
600637.SH,600637,东方明珠,20111130,16.25,16.65,15.46,15.76,16.26,-0.5,-3.08,152270.93,241988.023,24198.8023,241.988023,2.41988023
600637.SH,600637,东方明珠,20111201,16.18,16.37,15.76,15.8,15.76,0.04,0.25,93028.17,149673.847,14967.3847,149.673847,1.49673847
600637.SH,600637,东方明珠,20111202,15.72,16.14,15.62,15.89,15.8,0.09,0.57,51667.65,81998.844,8199.884399999999,81.99884399999999,0.8199884399999999
600637.SH,600637,东方明珠,20111205,15.99,16.1,14.66,14.91,15.89,-0.98,-6.17,107589.9,163107.076,16310.7076,163.107076,1.63107076
600637.SH,600637,东方明珠,20111206,14.77,15.41,14.7,15.31,14.91,0.4,2.68,51876.69,78482.745,7848.274499999999,78.482745,0.78482745
600637.SH,600637,东方明珠,20111207,15.39,15.67,15.1,15.28,15.31,-0.03,-0.2,36970.06,57073.689,5707.3689,57.073689,0.5707368899999999
600637.SH,600637,东方明珠,20111208,15.45,16.3,15.28,15.89,15.28,0.61,3.99,121152.45,191613.344,19161.3344,191.613344,1.91613344
600637.SH,600637,东方明珠,20111209,15.65,15.89,15.19,15.36,15.89,-0.53,-3.34,93521.26,144633.439,14463.343900000002,144.633439,1.44633439
600637.SH,600637,东方明珠,20111212,15.32,15.6,15.02,15.1,15.36,-0.26,-1.69,43704.68,66633.396,6663.339599999999,66.63339599999999,0.6663339599999999
600637.SH,600637,东方明珠,20111213,15.05,15.4,14.64,15.2,15.1,0.1,0.66,81484.43,121743.973,12174.3973,121.743973,1.2174397300000002
600637.SH,600637,东方明珠,20111214,15.0,15.17,14.59,14.72,15.2,-0.48,-3.16,55491.08,82546.303,8254.6303,82.54630300000001,0.8254630300000001
600637.SH,600637,东方明珠,20111215,14.56,14.69,13.9,14.5,14.72,-0.22,-1.49,81442.66,116557.4,11655.74,116.5574,1.165574
600637.SH,600637,东方明珠,20111216,14.4,15.13,14.35,15.07,14.5,0.57,3.93,51087.11,75243.669,7524.366899999999,75.243669,0.75243669
600637.SH,600637,东方明珠,20111219,15.04,15.66,15.0,15.64,15.07,0.57,3.78,73059.33,112458.086,11245.8086,112.458086,1.12458086
600637.SH,600637,东方明珠,20111220,15.65,15.85,15.28,15.47,15.64,-0.17,-1.09,58223.79,90608.05,9060.805,90.60805,0.9060805
600637.SH,600637,东方明珠,20111221,15.6,15.8,15.29,15.32,15.47,-0.15,-0.97,32253.39,50202.404,5020.240400000001,50.20240400000001,0.5020240400000001
600637.SH,600637,东方明珠,20111222,15.27,15.39,14.75,15.29,15.32,-0.03,-0.2,48445.81,72891.989,7289.1989,72.89198900000001,0.7289198900000001
600637.SH,600637,东方明珠,20111226,15.38,15.5,14.8,15.0,15.29,-0.29,-1.9,33348.04,50699.98,5069.9980000000005,50.69998,0.5069998
600637.SH,600637,东方明珠,20111227,14.8,15.09,14.44,14.94,15.0,-0.06,-0.4,54937.43,81213.962,8121.3962,81.213962,0.81213962
600637.SH,600637,东方明珠,20111228,14.85,15.0,14.1,14.73,14.94,-0.21,-1.41,69254.45,100266.311,10026.6311,100.266311,1.00266311
600637.SH,600637,东方明珠,20111229,15.2,15.23,14.0,14.62,14.73,-0.11,-0.75,108802.38,157200.603,15720.0603,157.200603,1.57200603
600637.SH,600637,东方明珠,20111230,14.45,15.15,14.45,15.05,14.62,0.43,2.94,68218.31,101564.321,10156.4321,101.564321,1.01564321
600637.SH,600637,东方明珠,20120104,15.36,15.85,15.1,15.11,15.05,0.06,0.4,140961.65,219332.631,21933.2631,219.332631,2.19332631
600637.SH,600637,东方明珠,20120105,14.85,14.95,14.11,14.24,15.11,-0.87,-5.76,107419.13,155163.332,15516.3332,155.163332,1.55163332
600637.SH,600637,东方明珠,20120106,13.99,13.99,12.82,12.91,14.24,-1.33,-9.34,159690.77,209497.535,20949.7535,209.497535,2.09497535
600637.SH,600637,东方明珠,20120109,12.85,13.23,12.17,13.12,12.91,0.21,1.63,153464.97,193548.64,19354.864,193.54864,1.9354864
600637.SH,600637,东方明珠,20120110,13.02,13.75,12.95,13.38,13.12,0.26,1.98,143685.09,192950.861,19295.0861,192.950861,1.92950861
600637.SH,600637,东方明珠,20120111,13.24,13.59,13.09,13.26,13.38,-0.12,-0.9,119568.35,160011.959,16001.1959,160.01195900000002,1.6001195900000005
600637.SH,600637,东方明珠,20120112,13.03,13.27,12.13,12.18,13.26,-1.08,-8.14,200076.09,253090.284,25309.028400000003,253.09028400000005,2.5309028400000004
600637.SH,600637,东方明珠,20120113,12.08,12.3,10.96,10.97,12.18,-1.21,-9.93,207323.74,240451.126,24045.1126,240.451126,2.40451126
600637.SH,600637,东方明珠,20120116,10.96,11.23,10.78,10.81,10.97,-0.16,-1.46,97518.53,107675.639,10767.5639,107.675639,1.07675639
600637.SH,600637,东方明珠,20120117,10.79,11.21,9.98,11.16,10.81,0.35,3.24,143722.07,153809.845,15380.9845,153.809845,1.53809845
600637.SH,600637,东方明珠,20120118,11.0,11.29,10.5,10.68,11.16,-0.48,-4.3,124818.36,136266.585,13626.6585,136.266585,1.36266585
600637.SH,600637,东方明珠,20120119,10.5,11.21,10.2,11.05,10.68,0.37,3.46,139296.69,147906.378,14790.6378,147.90637800000002,1.4790637800000002
600637.SH,600637,东方明珠,20120120,11.06,11.34,10.97,11.1,11.05,0.05,0.45,87351.27,97527.278,9752.7278,97.527278,0.97527278
600637.SH,600637,东方明珠,20120130,11.12,11.61,11.06,11.33,11.1,0.23,2.07,99135.16,113125.761,11312.5761,113.125761,1.13125761
600637.SH,600637,东方明珠,20120131,11.39,11.58,11.24,11.54,11.33,0.21,1.85,67488.53,76834.015,7683.4015,76.834015,0.7683401499999999
600637.SH,600637,东方明珠,20120201,11.54,11.59,11.39,11.52,11.54,-0.02,-0.17,52953.63,60853.541,6085.3541,60.85354099999999,0.6085354099999999
600637.SH,600637,东方明珠,20120202,11.98,12.15,11.58,12.05,11.52,0.53,4.6,143561.79,169931.136,16993.1136,169.931136,1.69931136
600637.SH,600637,东方明珠,20120203,11.88,13.26,11.81,13.26,12.05,1.21,10.04,268925.75,346733.026,34673.3026,346.73302600000005,3.4673302600000007
600637.SH,600637,东方明珠,20120206,13.31,14.57,13.31,13.9,13.26,0.64,4.83,248769.13,345902.171,34590.217099999994,345.90217099999995,3.45902171
600637.SH,600637,东方明珠,20120207,13.9,14.08,13.56,13.92,13.9,0.02,0.14,136219.03,188549.14,18854.914,188.54914,1.8854914
600637.SH,600637,东方明珠,20120208,13.76,14.16,13.7,14.08,13.92,0.16,1.15,129142.58,180718.262,18071.8262,180.718262,1.80718262
600637.SH,600637,东方明珠,20120209,14.08,14.4,13.95,14.07,14.08,-0.01,-0.07,92568.57,130891.641,13089.1641,130.891641,1.30891641
600637.SH,600637,东方明珠,20120210,13.95,14.35,13.71,14.31,14.07,0.24,1.71,122709.27,172123.528,17212.3528,172.123528,1.72123528
600637.SH,600637,东方明珠,20120213,14.21,14.78,14.21,14.51,14.31,0.2,1.4,133014.72,193288.789,19328.8789,193.288789,1.93288789
600637.SH,600637,东方明珠,20120214,14.35,14.54,13.98,14.25,14.51,-0.26,-1.79,88961.79,126392.685,12639.2685,126.392685,1.26392685
600637.SH,600637,东方明珠,20120215,14.18,14.55,13.99,14.3,14.25,0.05,0.35,95986.33,137504.253,13750.4253,137.50425299999998,1.3750425299999998
600637.SH,600637,东方明珠,20120216,14.4,15.12,14.35,14.74,14.3,0.44,3.08,175153.95,258128.993,25812.8993,258.128993,2.58128993
600637.SH,600637,东方明珠,20120217,14.72,15.18,14.6,15.03,14.74,0.29,1.97,178527.77,267216.058,26721.6058,267.21605800000003,2.6721605800000003
600637.SH,600637,东方明珠,20120220,15.24,15.55,14.83,15.04,15.03,0.01,0.07,211765.65,320916.627,32091.6627,320.91662699999995,3.2091662699999994
600637.SH,600637,东方明珠,20120221,15.0,16.54,14.76,16.29,15.04,1.25,8.31,640893.98,1031731.535,103173.1535,1031.731535,10.31731535
600637.SH,600637,东方明珠,20120222,16.15,16.59,16.08,16.52,16.29,0.23,1.41,431073.91,705880.993,70588.0993,705.880993,7.05880993
600637.SH,600637,东方明珠,20120223,16.35,17.26,16.2,16.66,16.52,0.14,0.85,451523.56,750998.925,75099.8925,750.998925,7.50998925
600637.SH,600637,东方明珠,20120224,16.5,16.61,16.19,16.5,16.66,-0.16,-0.96,287545.54,470957.581,47095.7581,470.957581,4.7095758100000005
600637.SH,600637,东方明珠,20120227,16.52,18.1,16.4,17.02,16.5,0.52,3.15,478604.02,826494.76,82649.476,826.4947599999999,8.2649476
600637.SH,600637,东方明珠,20120228,17.0,17.2,16.42,16.88,17.02,-0.14,-0.82,304396.25,512619.097,51261.9097,512.619097,5.12619097
600637.SH,600637,东方明珠,20120229,16.99,17.03,16.43,16.84,16.88,-0.04,-0.24,237797.02,397421.353,39742.1353,397.421353,3.97421353
600637.SH,600637,东方明珠,20120301,16.78,16.95,16.48,16.77,16.84,-0.07,-0.42,151794.79,254162.048,25416.2048,254.162048,2.54162048
600637.SH,600637,东方明珠,20120302,16.8,17.53,16.6,17.47,16.77,0.7,4.17,255298.58,437437.881,43743.7881,437.437881,4.37437881
600637.SH,600637,东方明珠,20120305,17.49,18.35,17.42,17.5,17.47,0.03,0.17,366421.82,652754.517,65275.4517,652.754517,6.52754517
600637.SH,600637,东方明珠,20120306,17.33,17.68,17.12,17.4,17.5,-0.1,-0.57,159310.87,276625.675,27662.5675,276.625675,2.76625675
600637.SH,600637,东方明珠,20120307,17.13,17.58,16.2,16.23,17.4,-1.17,-6.72,270448.21,460092.057,46009.2057,460.092057,4.60092057
600637.SH,600637,东方明珠,20120308,16.65,16.66,16.11,16.48,16.23,0.25,1.54,246633.85,404066.848,40406.6848,404.0668480000001,4.040668480000001
600637.SH,600637,东方明珠,20120309,16.6,17.09,16.33,16.99,16.48,0.51,3.09,208009.32,348007.838,34800.7838,348.007838,3.48007838
600637.SH,600637,东方明珠,20120312,16.91,17.38,16.74,17.14,16.99,0.15,0.88,213785.21,365947.164,36594.7164,365.947164,3.65947164
600637.SH,600637,东方明珠,20120313,17.01,17.25,16.48,16.84,17.14,-0.3,-1.75,203421.18,341682.808,34168.2808,341.682808,3.41682808
600637.SH,600637,东方明珠,20120314,16.8,17.39,15.79,16.02,16.84,-0.82,-4.87,318174.47,528276.751,52827.67510000001,528.2767510000001,5.282767510000001
600637.SH,600637,东方明珠,20120315,15.98,16.12,15.38,15.79,16.02,-0.23,-1.44,201634.08,318028.891,31802.8891,318.028891,3.18028891
600637.SH,600637,东方明珠,20120316,15.85,16.13,15.51,16.02,15.79,0.23,1.46,163503.73,259655.164,25965.5164,259.655164,2.59655164
600637.SH,600637,东方明珠,20120319,15.94,16.14,15.68,16.05,16.02,0.03,0.19,122492.71,195051.965,19505.1965,195.051965,1.95051965
600637.SH,600637,东方明珠,20120320,15.89,16.05,15.45,15.68,16.05,-0.37,-2.31,127340.09,201135.518,20113.5518,201.135518,2.01135518
600637.SH,600637,东方明珠,20120321,15.75,15.85,15.0,15.39,15.68,-0.29,-1.85,166498.53,256273.496,25627.3496,256.273496,2.56273496
600637.SH,600637,东方明珠,20120322,15.3,16.1,15.24,15.78,15.39,0.39,2.53,135191.97,213024.198,21302.4198,213.024198,2.13024198
600637.SH,600637,东方明珠,20120323,15.7,16.13,15.58,15.72,15.78,-0.06,-0.38,113127.5,179688.025,17968.802499999998,179.68802499999998,1.7968802499999998
600637.SH,600637,东方明珠,20120326,15.55,15.9,15.3,15.68,15.72,-0.04,-0.25,72274.08,112644.739,11264.4739,112.64473900000002,1.12644739
600637.SH,600637,东方明珠,20120327,15.78,16.18,15.7,15.94,15.68,0.26,1.66,125776.18,201176.447,20117.6447,201.176447,2.01176447
600637.SH,600637,东方明珠,20120328,16.05,16.2,15.39,15.44,15.94,-0.5,-3.14,144824.79,228676.706,22867.6706,228.676706,2.2867670600000003
600637.SH,600637,东方明珠,20120329,15.1,15.3,14.85,15.03,15.44,-0.41,-2.66,105135.63,158127.021,15812.7021,158.127021,1.5812702100000002
600637.SH,600637,东方明珠,20120330,15.13,15.18,14.47,14.53,15.03,-0.5,-3.33,106275.94,156702.557,15670.2557,156.70255699999998,1.5670255699999998
600637.SH,600637,东方明珠,20120405,14.6,15.49,14.53,15.44,14.53,0.91,6.26,123617.01,186041.006,18604.1006,186.041006,1.86041006
600637.SH,600637,东方明珠,20120406,15.52,15.67,15.26,15.62,15.44,0.18,1.17,105199.45,162887.344,16288.7344,162.887344,1.6288734400000002
600637.SH,600637,东方明珠,20120409,15.49,16.36,15.3,15.99,15.62,0.37,2.37,126563.15,202273.707,20227.3707,202.273707,2.02273707
600637.SH,600637,东方明珠,20120410,15.9,16.61,15.75,16.59,15.99,0.6,3.75,171800.78,279047.661,27904.7661,279.047661,2.79047661
600637.SH,600637,东方明珠,20120411,16.4,16.83,16.32,16.45,16.59,-0.14,-0.84,121425.86,200946.727,20094.672700000003,200.94672700000004,2.0094672700000005
600637.SH,600637,东方明珠,20120412,16.45,16.65,16.23,16.58,16.45,0.13,0.79,107058.32,176579.952,17657.995199999998,176.57995199999996,1.7657995199999996
600637.SH,600637,东方明珠,20120413,16.58,16.95,16.35,16.71,16.58,0.13,0.78,119940.82,200170.179,20017.0179,200.170179,2.00170179
600637.SH,600637,东方明珠,20120416,16.47,16.8,16.31,16.37,16.71,-0.34,-2.03,86583.83,143446.419,14344.6419,143.446419,1.43446419
600637.SH,600637,东方明珠,20120417,16.31,16.42,16.0,16.04,16.37,-0.33,-2.02,86729.48,140439.649,14043.9649,140.439649,1.40439649
600637.SH,600637,东方明珠,20120418,16.11,16.88,15.98,16.69,16.04,0.65,4.05,114939.85,188981.186,18898.1186,188.981186,1.88981186
600637.SH,600637,东方明珠,20120419,16.59,16.85,16.47,16.61,16.69,-0.08,-0.48,75726.83,125822.285,12582.2285,125.822285,1.25822285
600637.SH,600637,东方明珠,20120420,16.51,16.67,16.28,16.4,16.61,-0.21,-1.26,89499.23,147446.478,14744.6478,147.446478,1.47446478
600637.SH,600637,东方明珠,20120423,16.33,16.35,15.3,15.51,16.4,-0.89,-5.43,189128.45,297494.566,29749.4566,297.494566,2.9749456599999995
600637.SH,600637,东方明珠,20120424,15.2,15.48,14.28,14.91,15.51,-0.6,-3.87,187325.83,277876.578,27787.6578,277.876578,2.77876578
600637.SH,600637,东方明珠,20120425,14.76,15.24,14.53,15.1,14.91,0.19,1.27,128149.63,189649.996,18964.999600000003,189.649996,1.89649996
600637.SH,600637,东方明珠,20120426,15.02,15.14,14.75,14.76,15.1,-0.34,-2.25,57009.5,84896.902,8489.690200000001,84.89690200000001,0.8489690200000001
600637.SH,600637,东方明珠,20120427,14.62,15.1,14.62,14.78,14.76,0.02,0.14,61069.5,90967.118,9096.7118,90.967118,0.90967118
600637.SH,600637,东方明珠,20120502,14.97,15.27,14.8,15.21,14.78,0.43,2.91,85772.24,129754.238,12975.4238,129.75423800000002,1.29754238
600637.SH,600637,东方明珠,20120503,15.28,15.45,15.06,15.29,15.21,0.08,0.53,59804.14,91239.506,9123.9506,91.239506,0.91239506
600637.SH,600637,东方明珠,20120504,15.35,15.55,15.2,15.39,15.29,0.1,0.65,65754.33,101260.359,10126.0359,101.260359,1.01260359
600637.SH,600637,东方明珠,20120507,15.28,15.28,15.01,15.12,15.39,-0.27,-1.75,86004.92,130157.443,13015.7443,130.157443,1.30157443
600637.SH,600637,东方明珠,20120508,15.19,15.97,15.18,15.64,15.12,0.52,3.44,156070.8,243922.048,24392.2048,243.922048,2.43922048
600637.SH,600637,东方明珠,20120509,15.4,15.41,15.11,15.16,15.64,-0.48,-3.07,89329.69,136278.589,13627.8589,136.278589,1.36278589
600637.SH,600637,东方明珠,20120510,15.3,15.55,15.27,15.32,15.16,0.16,1.06,75115.06,115649.035,11564.9035,115.649035,1.15649035
600637.SH,600637,东方明珠,20120511,15.15,15.35,15.15,15.2,15.32,-0.12,-0.78,60977.99,92982.477,9298.2477,92.982477,0.92982477
600637.SH,600637,东方明珠,20120514,15.3,15.37,14.9,14.96,15.2,-0.24,-1.58,47316.78,71747.428,7174.7428,71.747428,0.71747428
600637.SH,600637,东方明珠,20120515,14.8,14.96,14.68,14.89,14.96,-0.07,-0.47,50372.98,74584.292,7458.4292,74.584292,0.7458429200000001
600637.SH,600637,东方明珠,20120516,14.76,15.21,14.75,15.0,14.89,0.11,0.74,49657.88,74773.494,7477.349400000001,74.77349400000001,0.7477349400000002
600637.SH,600637,东方明珠,20120517,14.91,15.25,14.91,15.21,15.0,0.21,1.4,45143.32,68136.408,6813.640799999999,68.13640799999999,0.6813640799999999
600637.SH,600637,东方明珠,20120518,15.15,15.86,15.01,15.45,15.21,0.24,1.58,145183.0,225066.066,22506.6066,225.066066,2.25066066
600637.SH,600637,东方明珠,20120521,15.27,15.75,15.23,15.38,15.45,-0.07,-0.45,82655.44,128171.501,12817.1501,128.171501,1.28171501
600637.SH,600637,东方明珠,20120522,15.28,15.53,15.28,15.49,15.38,0.11,0.72,53743.49,82939.284,8293.9284,82.939284,0.82939284
600637.SH,600637,东方明珠,20120523,15.51,15.51,15.17,15.3,15.49,-0.19,-1.23,47774.53,73005.314,7300.5314,73.005314,0.73005314
600637.SH,600637,东方明珠,20120524,15.21,15.37,14.82,14.95,15.3,-0.35,-2.29,51604.57,78049.172,7804.917200000001,78.04917200000001,0.7804917200000001
600637.SH,600637,东方明珠,20120525,14.95,15.1,14.21,14.25,14.95,-0.7,-4.68,83595.48,121676.718,12167.6718,121.676718,1.21676718
600637.SH,600637,东方明珠,20120528,14.23,14.4,13.61,14.36,14.25,0.11,0.77,79348.63,111113.168,11111.3168,111.113168,1.11113168
600637.SH,600637,东方明珠,20120529,14.3,14.67,13.95,14.61,14.36,0.25,1.74,74099.4,105979.259,10597.9259,105.979259,1.05979259
600637.SH,600637,东方明珠,20120530,14.62,14.66,14.36,14.41,14.61,-0.2,-1.37,36938.07,53354.059,5335.4059,53.354059,0.53354059
600637.SH,600637,东方明珠,20120531,14.37,14.8,14.15,14.54,14.41,0.13,0.9,54572.03,79069.749,7906.974899999999,79.06974899999999,0.7906974899999999
600637.SH,600637,东方明珠,20120601,14.56,14.94,14.48,14.91,14.54,0.37,2.54,68854.95,101796.651,10179.6651,101.796651,1.01796651
600637.SH,600637,东方明珠,20120604,14.73,14.98,14.25,14.28,14.91,-0.63,-4.23,61981.22,90459.135,9045.9135,90.459135,0.90459135
600637.SH,600637,东方明珠,20120605,14.32,14.52,14.25,14.39,14.28,0.11,0.77,36943.21,53167.507,5316.7507,53.16750699999999,0.5316750699999999
600637.SH,600637,东方明珠,20120606,14.38,14.43,13.89,14.03,14.39,-0.36,-2.5,69179.44,97316.362,9731.6362,97.31636199999998,0.9731636199999998
600637.SH,600637,东方明珠,20120607,14.17,14.33,13.96,14.0,14.03,-0.03,-0.21,47201.04,66996.062,6699.6062,66.996062,0.6699606199999999
600637.SH,600637,东方明珠,20120611,14.32,14.46,13.96,14.2,14.0,0.2,1.43,59223.93,83609.763,8360.9763,83.609763,0.83609763
600637.SH,600637,东方明珠,20120612,14.24,14.24,14.0,14.01,14.2,-0.19,-1.34,34555.15,48710.672,4871.0672,48.710672,0.4871067199999999
600637.SH,600637,东方明珠,20120613,14.02,14.6,13.9,14.47,14.01,0.46,3.28,63764.06,90880.051,9088.0051,90.880051,0.90880051
600637.SH,600637,东方明珠,20120614,14.4,15.48,14.33,14.97,14.47,0.5,3.46,139035.41,209703.647,20970.3647,209.703647,2.09703647
600637.SH,600637,东方明珠,20120615,14.97,15.07,14.6,14.84,14.97,-0.13,-0.87,70259.05,104040.134,10404.0134,104.040134,1.0404013399999998
600637.SH,600637,东方明珠,20120618,14.9,15.38,14.9,15.22,14.84,0.38,2.56,82051.12,124966.295,12496.6295,124.966295,1.2496629499999998
600637.SH,600637,东方明珠,20120619,15.21,15.44,15.01,15.24,15.22,0.02,0.13,56320.92,85798.975,8579.897500000001,85.79897500000001,0.8579897500000001
600637.SH,600637,东方明珠,20120620,15.21,15.26,14.85,14.97,15.24,-0.27,-1.77,47865.72,72162.189,7216.2189,72.162189,0.72162189
600637.SH,600637,东方明珠,20120621,14.91,15.33,14.81,15.3,14.97,0.33,2.2,106403.9,160864.619,16086.4619,160.864619,1.60864619
600637.SH,600637,东方明珠,20120625,15.18,15.23,14.88,15.0,15.3,-0.3,-1.96,49953.75,75160.002,7516.000199999999,75.16000199999999,0.7516000199999999
600637.SH,600637,东方明珠,20120626,14.91,15.05,14.43,14.71,15.0,-0.29,-1.93,48472.33,71328.906,7132.890600000001,71.328906,0.71328906
600637.SH,600637,东方明珠,20120627,14.6,14.6,13.3,13.4,14.71,-1.31,-8.91,230846.79,319460.644,31946.0644,319.46064399999995,3.1946064399999994
600637.SH,600637,东方明珠,20120628,13.35,13.67,12.55,12.71,13.4,-0.69,-5.15,155186.61,202955.974,20295.5974,202.955974,2.02955974
600637.SH,600637,东方明珠,20120629,12.75,13.14,12.7,13.1,12.71,0.39,3.07,78222.37,100771.308,10077.1308,100.771308,1.00771308
600637.SH,600637,东方明珠,20120702,13.18,13.28,12.92,13.22,13.1,0.12,0.92,59697.59,78367.386,7836.7386,78.367386,0.7836738599999999
600637.SH,600637,东方明珠,20120703,13.26,13.52,13.24,13.43,13.22,0.21,1.59,48191.48,64567.12,6456.712,64.56712,0.6456712
600637.SH,600637,东方明珠,20120704,13.4,13.45,13.1,13.18,13.43,-0.25,-1.86,28231.01,37364.824,3736.4824,37.364824,0.3736482399999999
600637.SH,600637,东方明珠,20120705,13.1,13.13,12.41,12.73,13.18,-0.45,-3.41,67013.05,84944.926,8494.492600000001,84.94492600000001,0.8494492600000001
600637.SH,600637,东方明珠,20120706,12.85,13.25,12.71,13.17,12.73,0.44,3.46,45466.79,58949.307,5894.9307,58.949307,0.58949307
600637.SH,600637,东方明珠,20120709,13.17,13.85,13.11,13.31,13.17,0.14,1.06,80025.85,108686.225,10868.6225,108.686225,1.08686225
600637.SH,600637,东方明珠,20120710,13.18,13.7,13.18,13.48,13.31,0.17,1.28,43200.48,58281.07,5828.107,58.28107,0.5828107
600637.SH,600637,东方明珠,20120711,13.43,13.7,13.28,13.54,13.48,0.06,0.45,28155.9,37980.649,3798.0649,37.980649,0.37980649
600637.SH,600637,东方明珠,20120712,13.55,13.75,13.39,13.71,13.54,0.17,1.26,42391.13,57746.648,5774.6648000000005,57.74664800000001,0.5774664800000001
600637.SH,600637,东方明珠,20120713,13.85,13.88,13.58,13.67,13.71,-0.04,-0.29,38706.74,53016.669,5301.6669,53.016669,0.53016669
600637.SH,600637,东方明珠,20120716,13.68,13.75,13.18,13.25,13.67,-0.42,-3.07,32059.06,42789.303,4278.9303,42.789303,0.4278930299999999
600637.SH,600637,东方明珠,20120717,13.25,13.29,12.8,13.24,13.25,-0.01,-0.08,55355.0,71841.788,7184.1788,71.841788,0.71841788
600637.SH,600637,东方明珠,20120718,13.18,13.34,12.92,13.27,13.24,0.03,0.23,33638.21,44185.424,4418.5424,44.185424000000005,0.44185424
600637.SH,600637,东方明珠,20120719,13.24,13.75,13.0,13.63,13.27,0.36,2.71,58868.86,79826.402,7982.6402,79.826402,0.79826402
600637.SH,600637,东方明珠,20120720,13.62,13.7,13.41,13.54,13.63,-0.09,-0.66,30538.22,41229.92,4122.992,41.22992,0.4122992
600637.SH,600637,东方明珠,20120723,13.4,13.8,13.13,13.72,13.54,0.18,1.33,50855.93,68842.755,6884.275500000001,68.84275500000001,0.6884275500000001
600637.SH,600637,东方明珠,20120724,13.65,13.84,13.57,13.7,13.72,-0.02,-0.15,33039.54,45329.983,4532.9983,45.329983,0.4532998299999999
600637.SH,600637,东方明珠,20120725,13.7,14.05,13.66,13.81,13.7,0.11,0.8,56485.95,78561.454,7856.145399999999,78.561454,0.78561454
600637.SH,600637,东方明珠,20120726,13.72,13.87,13.43,13.49,13.81,-0.32,-2.32,43730.94,59388.58,5938.858,59.388580000000005,0.5938858
600637.SH,600637,东方明珠,20120727,13.81,14.16,13.8,13.99,13.49,0.5,3.71,115259.75,161094.129,16109.4129,161.09412899999998,1.6109412899999995
600637.SH,600637,东方明珠,20120730,14.01,14.76,14.01,14.37,13.99,0.38,2.72,156675.32,226457.286,22645.7286,226.457286,2.26457286
600637.SH,600637,东方明珠,20120731,14.3,14.5,14.01,14.12,14.37,-0.25,-1.74,69197.95,98029.856,9802.9856,98.029856,0.98029856
600637.SH,600637,东方明珠,20120801,14.02,15.5,14.02,15.19,14.12,1.07,7.58,187527.0,280230.385,28023.0385,280.230385,2.80230385
600637.SH,600637,东方明珠,20120802,15.15,15.87,14.91,15.57,15.19,0.38,2.5,171054.28,263815.069,26381.5069,263.815069,2.63815069
600637.SH,600637,东方明珠,20120803,15.57,15.89,15.46,15.82,15.57,0.25,1.61,144765.27,227089.39,22708.939,227.08939,2.2708939
600637.SH,600637,东方明珠,20120806,15.68,15.86,15.35,15.81,15.82,-0.01,-0.06,134971.23,211380.4,21138.04,211.3804,2.113804
600637.SH,600637,东方明珠,20120807,15.8,17.3,15.67,16.93,15.81,1.12,7.08,276245.33,459409.565,45940.9565,459.409565,4.59409565
600637.SH,600637,东方明珠,20120808,16.8,17.23,16.5,17.04,16.93,0.11,0.65,144982.46,243526.147,24352.6147,243.526147,2.43526147
600637.SH,600637,东方明珠,20120809,16.84,17.35,16.75,17.2,17.04,0.16,0.94,110462.0,189017.979,18901.7979,189.017979,1.89017979
600637.SH,600637,东方明珠,20120810,17.2,17.34,16.65,16.82,17.2,-0.38,-2.21,88930.72,150579.574,15057.9574,150.57957399999998,1.5057957399999995
600637.SH,600637,东方明珠,20120813,16.8,17.02,16.39,16.41,16.82,-0.41,-2.44,100152.61,166485.179,16648.5179,166.485179,1.66485179
600637.SH,600637,东方明珠,20120814,16.4,16.55,15.86,16.54,16.41,0.13,0.79,137505.46,222583.318,22258.3318,222.583318,2.22583318
600637.SH,600637,东方明珠,20120815,16.4,16.54,16.07,16.09,16.54,-0.45,-2.72,55292.25,90077.665,9007.7665,90.077665,0.90077665
600637.SH,600637,东方明珠,20120816,16.09,16.53,15.96,16.18,16.09,0.09,0.56,62331.76,101696.702,10169.6702,101.696702,1.01696702
600637.SH,600637,东方明珠,20120817,16.07,16.45,16.02,16.25,16.18,0.07,0.43,61002.24,98911.155,9891.1155,98.911155,0.98911155
600637.SH,600637,东方明珠,20120820,16.17,16.44,15.9,16.42,16.25,0.17,1.05,47861.17,77505.099,7750.5099,77.505099,0.77505099
600637.SH,600637,东方明珠,20120821,16.37,17.3,16.3,17.03,16.42,0.61,3.72,124488.64,211371.758,21137.1758,211.371758,2.11371758
600637.SH,600637,东方明珠,20120822,17.12,17.72,16.88,17.49,17.03,0.46,2.7,155213.53,269510.589,26951.0589,269.510589,2.69510589
600637.SH,600637,东方明珠,20120823,17.4,17.62,16.84,16.94,17.49,-0.55,-3.14,103456.12,176798.731,17679.8731,176.798731,1.76798731
600637.SH,600637,东方明珠,20120824,16.88,16.98,16.0,16.16,16.94,-0.78,-4.6,111583.56,182094.797,18209.4797,182.094797,1.82094797
600637.SH,600637,东方明珠,20120827,15.88,16.23,15.87,16.12,16.16,-0.04,-0.25,59256.17,94977.942,9497.7942,94.977942,0.94977942
600637.SH,600637,东方明珠,20120828,16.03,16.56,16.03,16.39,16.12,0.27,1.67,61087.72,100183.085,10018.3085,100.183085,1.0018308500000002
600637.SH,600637,东方明珠,20120829,16.4,16.41,15.6,15.63,16.39,-0.76,-4.64,68928.84,110366.154,11036.6154,110.366154,1.10366154
600637.SH,600637,东方明珠,20120830,15.5,15.56,14.93,15.21,15.63,-0.42,-2.69,102478.02,156432.65,15643.265,156.43265,1.5643265
600637.SH,600637,东方明珠,20120831,15.18,15.43,15.12,15.29,15.21,0.08,0.53,41246.7,63092.449,6309.2449,63.092449,0.63092449
600637.SH,600637,东方明珠,20120903,15.1,16.16,15.0,15.93,15.29,0.64,4.19,94100.37,147925.536,14792.5536,147.925536,1.47925536
600637.SH,600637,东方明珠,20120904,15.82,16.27,15.5,15.51,15.93,-0.42,-2.64,55047.94,87476.135,8747.6135,87.476135,0.87476135
600637.SH,600637,东方明珠,20120905,15.38,16.15,15.36,16.13,15.51,0.62,4.0,73326.13,116376.826,11637.6826,116.376826,1.16376826
600637.SH,600637,东方明珠,20120906,16.02,16.43,16.01,16.21,16.13,0.08,0.5,49235.84,80008.909,8000.8909,80.008909,0.8000890900000001
600637.SH,600637,东方明珠,20120907,16.33,17.08,16.33,16.84,16.21,0.63,3.89,122612.24,206171.814,20617.1814,206.171814,2.06171814
600637.SH,600637,东方明珠,20120910,16.8,17.03,16.55,16.66,16.84,-0.18,-1.07,80252.26,134733.917,13473.391699999998,134.733917,1.34733917
600637.SH,600637,东方明珠,20120911,16.65,17.32,16.51,16.8,16.66,0.14,0.84,112073.62,190252.536,19025.2536,190.252536,1.90252536
600637.SH,600637,东方明珠,20120912,16.89,17.03,16.55,16.72,16.8,-0.08,-0.48,52459.41,87917.801,8791.7801,87.917801,0.87917801
600637.SH,600637,东方明珠,20120913,16.74,17.07,16.26,16.29,16.72,-0.43,-2.57,57528.49,95688.729,9568.8729,95.688729,0.95688729
600637.SH,600637,东方明珠,20120914,16.39,16.53,15.96,16.4,16.29,0.11,0.68,62589.76,101579.185,10157.9185,101.579185,1.01579185
600637.SH,600637,东方明珠,20120917,16.43,16.64,15.98,16.03,16.4,-0.37,-2.26,41892.01,68450.097,6845.0097,68.450097,0.68450097
600637.SH,600637,东方明珠,20120918,15.99,16.04,15.62,15.82,16.03,-0.21,-1.31,40907.69,64720.103,6472.0103,64.720103,0.64720103
600637.SH,600637,东方明珠,20120919,15.76,16.13,15.75,16.03,15.82,0.21,1.33,23945.45,38133.034,3813.3034,38.133034,0.3813303399999999
600637.SH,600637,东方明珠,20120920,16.04,16.11,15.5,15.5,16.03,-0.53,-3.31,29624.9,46922.284,4692.2284,46.922284,0.46922284
600637.SH,600637,东方明珠,20120921,15.54,15.77,15.48,15.54,15.5,0.04,0.26,27846.43,43421.695,4342.1695,43.421695,0.43421695
600637.SH,600637,东方明珠,20120924,15.44,16.24,15.33,16.18,15.54,0.64,4.12,51270.06,81667.449,8166.7449,81.66744899999999,0.8166744899999999
600637.SH,600637,东方明珠,20120925,16.3,16.3,15.88,16.05,16.18,-0.13,-0.8,29029.65,46629.866,4662.9866,46.629866,0.46629866
600637.SH,600637,东方明珠,20120926,15.93,16.05,15.55,15.6,16.05,-0.45,-2.8,29541.22,46361.527,4636.152700000001,46.361527,0.46361527
600637.SH,600637,东方明珠,20120927,15.65,16.26,15.53,16.14,15.6,0.54,3.46,54194.23,87073.457,8707.3457,87.073457,0.8707345700000001
600637.SH,600637,东方明珠,20120928,16.12,16.26,15.93,16.13,16.14,-0.01,-0.06,47343.32,76220.725,7622.0725,76.220725,0.76220725
600637.SH,600637,东方明珠,20121008,16.19,16.26,15.91,15.97,16.13,-0.16,-0.99,26136.55,42011.62,4201.162,42.01162,0.4201162
600637.SH,600637,东方明珠,20121009,16.0,17.2,16.0,16.92,15.97,0.95,5.95,124726.06,209183.721,20918.3721,209.183721,2.09183721
600637.SH,600637,东方明珠,20121010,16.85,17.05,16.68,16.96,16.92,0.04,0.24,59773.94,100933.188,10093.3188,100.933188,1.00933188
600637.SH,600637,东方明珠,20121011,16.9,17.1,16.61,16.7,16.96,-0.26,-1.53,48077.05,80811.011,8081.1011,80.811011,0.8081101099999999
600637.SH,600637,东方明珠,20121012,16.98,17.13,16.1,16.36,16.7,-0.34,-2.04,85709.8,141760.014,14176.0014,141.76001399999998,1.4176001399999998
600637.SH,600637,东方明珠,20121015,16.2,16.45,16.01,16.27,16.36,-0.09,-0.55,30761.36,49809.436,4980.9436000000005,49.809436000000005,0.49809436
600637.SH,600637,东方明珠,20121016,16.27,16.62,16.21,16.36,16.27,0.09,0.55,35942.62,59061.763,5906.1763,59.061763,0.59061763
600637.SH,600637,东方明珠,20121017,16.47,16.63,16.31,16.54,16.36,0.18,1.1,36193.81,59666.828,5966.6828000000005,59.666828,0.59666828
600637.SH,600637,东方明珠,20121018,16.6,16.65,16.19,16.48,16.54,-0.06,-0.36,81011.64,132858.837,13285.8837,132.858837,1.32858837
600637.SH,600637,东方明珠,20121019,16.5,16.77,16.2,16.23,16.48,-0.25,-1.52,77277.27,126741.529,12674.1529,126.741529,1.2674152899999998
600637.SH,600637,东方明珠,20121022,16.01,16.34,16.01,16.17,16.23,-0.06,-0.37,50569.91,81555.23,8155.522999999999,81.55523,0.8155522999999999
600637.SH,600637,东方明珠,20121023,16.17,16.66,16.11,16.4,16.17,0.23,1.42,75625.24,124644.745,12464.4745,124.644745,1.24644745
600637.SH,600637,东方明珠,20121024,16.25,16.58,16.2,16.51,16.4,0.11,0.67,37115.11,61038.754,6103.8754,61.038754,0.61038754
600637.SH,600637,东方明珠,20121025,16.49,16.95,16.45,16.64,16.51,0.13,0.79,112135.77,187334.072,18733.4072,187.334072,1.87334072
600637.SH,600637,东方明珠,20121026,16.61,16.65,16.0,16.24,16.64,-0.4,-2.4,67805.93,110271.757,11027.1757,110.271757,1.10271757
600637.SH,600637,东方明珠,20121029,16.03,16.3,15.63,15.71,16.24,-0.53,-3.26,67729.69,107800.778,10780.0778,107.800778,1.07800778
600637.SH,600637,东方明珠,20121030,15.71,15.95,15.57,15.61,15.71,-0.1,-0.64,41564.07,65316.283,6531.6283,65.316283,0.65316283
600637.SH,600637,东方明珠,20121031,15.75,16.01,15.62,15.93,15.61,0.32,2.05,34381.62,54538.158,5453.8158,54.538158,0.54538158
600637.SH,600637,东方明珠,20121101,15.92,16.34,15.81,16.24,15.93,0.31,1.95,47828.38,77522.832,7752.2832,77.522832,0.77522832
600637.SH,600637,东方明珠,20121102,16.38,16.72,16.36,16.39,16.24,0.15,0.92,69283.13,114408.293,11440.8293,114.408293,1.1440829300000002
600637.SH,600637,东方明珠,20121105,16.38,16.39,15.92,15.96,16.39,-0.43,-2.62,49353.86,79659.745,7965.974499999999,79.65974499999999,0.7965974499999998
600637.SH,600637,东方明珠,20121106,15.87,16.06,15.7,16.0,15.96,0.04,0.25,42202.42,67009.464,6700.946400000001,67.00946400000001,0.6700946400000001
600637.SH,600637,东方明珠,20121107,16.0,16.06,15.7,15.82,16.0,-0.18,-1.13,27103.85,42990.524,4299.0524,42.99052399999999,0.4299052399999999
600637.SH,600637,东方明珠,20121108,15.75,15.92,15.51,15.66,15.82,-0.16,-1.01,31744.05,49961.077,4996.1077,49.961077,0.49961077
600637.SH,600637,东方明珠,20121109,15.68,15.81,15.6,15.68,15.66,0.02,0.13,20254.34,31778.855,3177.8855,31.778855,0.31778855
600637.SH,600637,东方明珠,20121112,15.68,15.81,15.0,15.15,15.68,-0.53,-3.38,49914.34,76585.528,7658.5528,76.58552800000001,0.7658552800000001
600637.SH,600637,东方明珠,20121113,15.2,15.25,14.7,14.91,15.15,-0.24,-1.58,59103.21,88270.235,8827.0235,88.270235,0.88270235
600637.SH,600637,东方明珠,20121114,14.88,14.94,14.28,14.75,14.91,-0.16,-1.07,62700.14,91621.484,9162.1484,91.621484,0.91621484
600637.SH,600637,东方明珠,20121115,14.73,14.73,14.25,14.39,14.75,-0.36,-2.44,41840.62,60823.886,6082.3886,60.823886,0.60823886
600637.SH,600637,东方明珠,20121116,14.39,14.53,14.15,14.44,14.39,0.05,0.35,42729.68,61338.598,6133.8598,61.338598000000005,0.61338598
600637.SH,600637,东方明珠,20121119,14.5,14.62,14.44,14.61,14.44,0.17,1.18,27946.37,40669.375,4066.9375,40.669375,0.40669375
600637.SH,600637,东方明珠,20121120,14.61,14.97,14.51,14.61,14.61,0.0,0.0,35888.02,52977.585,5297.7585,52.977585,0.5297758499999999
600637.SH,600637,东方明珠,20121121,14.6,14.72,14.2,14.67,14.61,0.06,0.41,22242.51,32305.849,3230.5849,32.305848999999995,0.32305849
600637.SH,600637,东方明珠,20121122,14.55,14.76,14.47,14.49,14.67,-0.18,-1.23,15900.26,23218.886,2321.8886,23.218886,0.2321888599999999
600637.SH,600637,东方明珠,20121123,14.51,14.85,14.32,14.72,14.49,0.23,1.59,43521.4,63842.753,6384.275299999999,63.842753,0.63842753
600637.SH,600637,东方明珠,20121126,14.69,14.83,14.66,14.73,14.72,0.01,0.07,35826.9,52877.464,5287.7464,52.877464,0.5287746400000001
600637.SH,600637,东方明珠,20121127,14.65,14.65,13.85,13.88,14.73,-0.85,-5.77,68380.33,97220.155,9722.0155,97.220155,0.97220155
600637.SH,600637,东方明珠,20121128,13.8,14.0,13.7,13.87,13.88,-0.01,-0.07,31470.57,43717.288,4371.7288,43.717288,0.43717288
600637.SH,600637,东方明珠,20121129,13.88,13.97,13.52,13.56,13.87,-0.31,-2.24,22494.34,30928.753,3092.8753,30.928753,0.30928753
600637.SH,600637,东方明珠,20121130,13.62,13.78,13.52,13.67,13.56,0.11,0.81,17401.1,23770.899,2377.0899,23.770899,0.23770899
600637.SH,600637,东方明珠,20121203,13.69,13.9,13.47,13.49,13.67,-0.18,-1.32,33205.87,45571.583,4557.1583,45.571583,0.45571583
600637.SH,600637,东方明珠,20121204,13.4,13.71,13.0,13.68,13.49,0.19,1.41,69456.06,91704.808,9170.4808,91.704808,0.9170480800000002
600637.SH,600637,东方明珠,20121205,13.5,14.33,13.5,14.11,13.68,0.43,3.14,54225.07,76358.305,7635.830499999999,76.35830499999999,0.7635830499999998
600637.SH,600637,东方明珠,20121206,14.08,14.55,14.01,14.33,14.11,0.22,1.56,63197.83,90381.368,9038.1368,90.381368,0.90381368
600637.SH,600637,东方明珠,20121207,14.38,14.77,14.36,14.65,14.33,0.32,2.23,42276.53,61632.633,6163.2633000000005,61.632633000000006,0.61632633
600637.SH,600637,东方明珠,20121210,14.65,14.81,14.42,14.68,14.65,0.03,0.2,66421.01,96879.208,9687.9208,96.879208,0.96879208
600637.SH,600637,东方明珠,20121211,14.6,14.73,14.5,14.55,14.68,-0.13,-0.89,22392.11,32691.128,3269.1128,32.691128,0.3269112799999999
600637.SH,600637,东方明珠,20121212,14.48,14.52,14.19,14.33,14.55,-0.22,-1.51,35043.58,50460.593,5046.0593,50.460593,0.50460593
600637.SH,600637,东方明珠,20121213,14.32,14.44,13.91,14.06,14.33,-0.27,-1.88,24512.95,34622.578,3462.2578000000003,34.622578000000004,0.34622578
600637.SH,600637,东方明珠,20121214,14.0,15.06,13.9,14.99,14.06,0.93,6.61,103176.61,150177.549,15017.7549,150.177549,1.50177549
600637.SH,600637,东方明珠,20121217,14.91,15.06,14.66,14.83,14.99,-0.16,-1.07,69380.77,103263.396,10326.3396,103.263396,1.03263396
600637.SH,600637,东方明珠,20121218,14.7,14.71,14.11,14.2,14.83,-0.63,-4.25,146509.97,211493.448,21149.3448,211.493448,2.11493448
600637.SH,600637,东方明珠,20121219,14.1,14.61,14.05,14.37,14.2,0.17,1.2,95699.43,138518.535,13851.8535,138.518535,1.3851853500000002
600637.SH,600637,东方明珠,20121220,14.21,14.56,14.15,14.44,14.37,0.07,0.49,65956.57,94989.496,9498.9496,94.989496,0.94989496
600637.SH,600637,东方明珠,20121221,14.46,14.61,14.3,14.52,14.44,0.08,0.55,63488.61,91805.862,9180.5862,91.805862,0.91805862
600637.SH,600637,东方明珠,20121224,14.55,15.58,14.5,15.15,14.52,0.63,4.34,141856.98,212924.009,21292.4009,212.924009,2.12924009
600637.SH,600637,东方明珠,20121225,15.15,15.31,14.9,15.21,15.15,0.06,0.4,130972.54,198172.716,19817.2716,198.172716,1.98172716
600637.SH,600637,东方明珠,20121226,15.11,15.84,15.1,15.76,15.21,0.55,3.62,127068.21,198428.566,19842.8566,198.428566,1.98428566
600637.SH,600637,东方明珠,20121227,15.79,16.02,15.55,15.57,15.76,-0.19,-1.21,80867.4,127765.657,12776.5657,127.765657,1.27765657
600637.SH,600637,东方明珠,20121228,15.5,16.02,15.45,15.87,15.57,0.3,1.93,102891.67,162733.675,16273.367499999998,162.73367499999998,1.6273367499999998
600637.SH,600637,东方明珠,20121231,15.89,16.1,15.55,15.87,15.87,0.0,0.0,107621.59,169884.166,16988.4166,169.884166,1.69884166
600637.SH,600637,东方明珠,20130104,15.92,16.38,15.92,16.03,15.87,0.16,1.01,96900.92,156557.765,15655.776500000002,156.55776500000002,1.5655776500000005
600637.SH,600637,东方明珠,20130107,15.97,16.18,15.88,15.99,16.03,-0.04,-0.25,42836.72,68460.136,6846.0136,68.460136,0.68460136
600637.SH,600637,东方明珠,20130108,16.0,16.6,15.9,16.18,15.99,0.19,1.19,88624.91,144303.561,14430.3561,144.303561,1.44303561
600637.SH,600637,东方明珠,20130109,16.17,16.24,15.98,16.11,16.18,-0.07,-0.43,58214.91,93743.76,9374.376,93.74376,0.9374376
600637.SH,600637,东方明珠,20130110,16.05,16.05,15.63,15.81,16.11,-0.3,-1.86,92581.09,146129.784,14612.978400000002,146.12978400000003,1.4612978400000003
600637.SH,600637,东方明珠,20130111,15.8,15.89,15.5,15.6,15.81,-0.21,-1.33,95893.69,150317.678,15031.7678,150.317678,1.50317678
600637.SH,600637,东方明珠,20130114,15.56,16.12,15.53,16.01,15.6,0.41,2.63,124226.51,196370.045,19637.004500000003,196.37004500000003,1.9637004500000004
600637.SH,600637,东方明珠,20130115,16.01,16.15,15.85,16.03,16.01,0.02,0.12,90397.3,144322.613,14432.261300000002,144.32261300000002,1.4432261300000002
600637.SH,600637,东方明珠,20130116,16.1,16.39,15.67,15.91,16.03,-0.12,-0.75,100846.62,162434.567,16243.4567,162.43456700000002,1.62434567
600637.SH,600637,东方明珠,20130117,15.78,15.97,15.6,15.8,15.91,-0.11,-0.69,60740.97,95777.314,9577.7314,95.777314,0.95777314
600637.SH,600637,东方明珠,20130118,15.99,16.03,15.7,15.91,15.8,0.11,0.7,54840.82,87224.467,8722.4467,87.224467,0.87224467
600637.SH,600637,东方明珠,20130121,15.95,16.38,15.93,16.37,15.91,0.46,2.89,122887.61,198708.944,19870.8944,198.708944,1.98708944
600637.SH,600637,东方明珠,20130122,16.4,16.65,16.0,16.06,16.37,-0.31,-1.89,97029.17,158656.063,15865.6063,158.656063,1.58656063
600637.SH,600637,东方明珠,20130123,15.98,16.63,15.88,16.6,16.06,0.54,3.36,146553.52,240197.024,24019.7024,240.19702400000003,2.4019702400000003
600637.SH,600637,东方明珠,20130124,16.6,16.65,16.06,16.22,16.6,-0.38,-2.29,107022.9,174752.687,17475.2687,174.752687,1.7475268700000002
600637.SH,600637,东方明珠,20130125,16.27,16.95,16.1,16.83,16.22,0.61,3.76,154230.75,256778.941,25677.8941,256.778941,2.56778941
600637.SH,600637,东方明珠,20130128,16.85,17.35,16.65,17.25,16.83,0.42,2.5,138062.12,234672.595,23467.2595,234.672595,2.34672595
600637.SH,600637,东方明珠,20130129,17.18,17.22,16.96,17.2,17.25,-0.05,-0.29,82301.19,140801.993,14080.199299999998,140.80199299999998,1.4080199299999998
600637.SH,600637,东方明珠,20130130,17.23,17.23,16.66,16.93,17.2,-0.27,-1.57,99848.65,168596.812,16859.6812,168.596812,1.68596812
600637.SH,600637,东方明珠,20130131,16.92,17.08,16.4,16.62,16.93,-0.31,-1.83,83597.64,138976.658,13897.6658,138.976658,1.38976658
600637.SH,600637,东方明珠,20130201,16.6,16.95,16.51,16.63,16.62,0.01,0.06,50479.18,84293.835,8429.3835,84.293835,0.8429383500000001
600637.SH,600637,东方明珠,20130204,16.39,16.67,16.32,16.41,16.63,-0.22,-1.32,58713.51,96851.618,9685.1618,96.851618,0.96851618
600637.SH,600637,东方明珠,20130205,16.48,17.18,16.38,17.16,16.41,0.75,4.57,83023.52,140174.739,14017.4739,140.17473900000002,1.40174739
600637.SH,600637,东方明珠,20130206,17.11,17.16,16.8,16.97,17.16,-0.19,-1.11,46012.1,77938.776,7793.8776,77.938776,0.7793877600000001
600637.SH,600637,东方明珠,20130207,16.9,17.15,16.84,17.0,16.97,0.03,0.18,46228.0,78590.811,7859.0811,78.590811,0.78590811
600637.SH,600637,东方明珠,20130208,17.03,17.53,16.91,17.19,17.0,0.19,1.12,81061.09,139998.731,13999.8731,139.99873100000002,1.3999873100000002
600637.SH,600637,东方明珠,20130218,17.2,17.21,16.66,17.01,17.19,-0.18,-1.05,54095.65,91497.552,9149.7552,91.497552,0.91497552
600637.SH,600637,东方明珠,20130219,17.08,17.4,16.87,17.07,17.01,0.06,0.35,88203.12,150724.496,15072.449600000002,150.72449600000002,1.5072449600000002
600637.SH,600637,东方明珠,20130220,17.12,17.83,16.81,17.8,17.07,0.73,4.28,142607.48,247573.484,24757.3484,247.573484,2.47573484
600637.SH,600637,东方明珠,20130221,17.59,17.74,17.04,17.28,17.8,-0.52,-2.92,123285.78,214777.628,21477.7628,214.777628,2.14777628
600637.SH,600637,东方明珠,20130222,17.29,18.14,17.11,17.91,17.28,0.63,3.65,147489.82,261778.184,26177.8184,261.778184,2.61778184
600637.SH,600637,东方明珠,20130225,17.95,18.55,17.68,18.34,17.91,0.43,2.4,161041.73,292783.339,29278.3339,292.783339,2.9278333899999995
600637.SH,600637,东方明珠,20130226,18.3,18.6,17.6,17.66,18.34,-0.68,-3.71,125245.23,227014.438,22701.4438,227.014438,2.27014438
600637.SH,600637,东方明珠,20130227,17.65,17.93,17.38,17.65,17.66,-0.01,-0.06,75760.1,133279.78,13327.978,133.27978,1.3327977999999998
600637.SH,600637,东方明珠,20130228,17.69,18.14,17.66,18.12,17.65,0.47,2.66,80371.01,143912.392,14391.2392,143.912392,1.43912392
600637.SH,600637,东方明珠,20130301,18.12,18.23,17.75,18.01,18.12,-0.11,-0.61,88318.7,158995.402,15899.5402,158.99540199999998,1.5899540199999995
600637.SH,600637,东方明珠,20130304,17.83,17.86,16.21,16.93,18.01,-1.08,-6.0,168710.29,290182.647,29018.2647,290.182647,2.90182647
600637.SH,600637,东方明珠,20130305,16.9,17.23,16.38,16.76,16.93,-0.17,-1.0,153406.91,256143.874,25614.3874,256.143874,2.56143874
600637.SH,600637,东方明珠,20130306,16.8,17.6,16.73,17.56,16.76,0.8,4.77,151885.67,262122.534,26212.2534,262.12253400000003,2.6212253400000005
600637.SH,600637,东方明珠,20130307,17.46,17.5,16.86,16.92,17.56,-0.64,-3.64,101863.47,175191.6,17519.16,175.1916,1.751916
600637.SH,600637,东方明珠,20130308,16.97,17.13,16.5,16.85,16.92,-0.07,-0.41,66014.16,110585.34,11058.534,110.58534,1.1058534
600637.SH,600637,东方明珠,20130311,16.63,16.95,16.55,16.86,16.85,0.01,0.06,32551.15,54826.853,5482.6853,54.826853,0.54826853
600637.SH,600637,东方明珠,20130312,16.84,16.84,15.95,16.09,16.86,-0.77,-4.57,113260.07,185255.965,18525.5965,185.255965,1.85255965
600637.SH,600637,东方明珠,20130313,15.96,16.07,15.46,15.58,16.09,-0.51,-3.17,107607.3,169150.731,16915.0731,169.150731,1.69150731
600637.SH,600637,东方明珠,20130314,15.57,16.0,15.57,15.7,15.58,0.12,0.77,63253.58,99878.282,9987.8282,99.878282,0.99878282
600637.SH,600637,东方明珠,20130315,15.73,16.31,15.59,15.62,15.7,-0.08,-0.51,87313.91,139498.592,13949.8592,139.498592,1.39498592
600637.SH,600637,东方明珠,20130318,15.63,16.21,15.6,16.04,15.62,0.42,2.69,90801.7,145279.958,14527.9958,145.279958,1.45279958
600637.SH,600637,东方明珠,20130319,16.08,16.16,15.87,16.11,16.04,0.07,0.44,46400.64,74326.747,7432.6747,74.32674700000001,0.7432674700000002
600637.SH,600637,东方明珠,20130320,16.19,16.58,16.08,16.53,16.11,0.42,2.61,69538.68,113873.688,11387.3688,113.873688,1.13873688
600637.SH,600637,东方明珠,20130321,16.56,16.77,16.35,16.6,16.53,0.07,0.42,63431.02,104979.672,10497.9672,104.979672,1.04979672
600637.SH,600637,东方明珠,20130322,16.6,16.9,16.33,16.47,16.6,-0.13,-0.78,55892.3,92797.421,9279.7421,92.797421,0.92797421
600637.SH,600637,东方明珠,20130325,16.6,16.64,16.09,16.17,16.47,-0.3,-1.82,53844.64,87530.5,8753.05,87.53049999999999,0.8753049999999999
600637.SH,600637,东方明珠,20130326,16.2,16.48,15.55,16.3,16.17,0.13,0.8,78530.41,126747.618,12674.7618,126.747618,1.26747618
600637.SH,600637,东方明珠,20130327,16.07,16.42,15.82,16.0,16.3,-0.3,-1.84,60731.04,97448.608,9744.8608,97.44860799999998,0.9744860799999998
600637.SH,600637,东方明珠,20130328,15.84,16.15,15.8,16.01,16.0,0.01,0.06,60354.07,96470.505,9647.0505,96.47050500000002,0.9647050500000002
600637.SH,600637,东方明珠,20130329,16.05,16.91,16.05,16.68,16.01,0.67,4.18,104260.46,173149.672,17314.9672,173.14967199999998,1.7314967199999998
600637.SH,600637,东方明珠,20130401,16.63,17.5,16.63,17.4,16.68,0.72,4.32,189744.24,327765.147,32776.5147,327.765147,3.2776514700000003
600637.SH,600637,东方明珠,20130402,17.51,17.58,16.98,17.17,17.4,-0.23,-1.32,99714.64,171975.421,17197.5421,171.97542099999998,1.7197542099999998
600637.SH,600637,东方明珠,20130403,17.29,17.35,16.93,17.19,17.17,0.02,0.12,72133.94,123028.487,12302.8487,123.02848699999998,1.2302848699999998
600637.SH,600637,东方明珠,20130408,16.95,17.98,16.65,17.89,17.19,0.7,4.07,147160.89,258717.495,25871.7495,258.717495,2.58717495
600637.SH,600637,东方明珠,20130409,17.76,18.35,17.66,17.77,17.89,-0.12,-0.67,150776.21,271376.176,27137.6176,271.376176,2.71376176
600637.SH,600637,东方明珠,20130410,17.72,18.25,17.5,18.1,17.77,0.33,1.86,139275.61,249655.058,24965.5058,249.655058,2.49655058
600637.SH,600637,东方明珠,20130411,18.07,18.28,17.6,17.88,18.1,-0.22,-1.22,81954.07,147108.013,14710.8013,147.108013,1.47108013
600637.SH,600637,东方明珠,20130412,17.85,17.98,17.59,17.71,17.88,-0.17,-0.95,53098.61,94073.85,9407.385,94.07385,0.9407385
600637.SH,600637,东方明珠,20130415,17.71,18.0,17.59,17.9,17.71,0.19,1.07,52456.4,93108.385,9310.8385,93.108385,0.93108385
600637.SH,600637,东方明珠,20130416,17.85,17.91,17.09,17.87,17.9,-0.03,-0.17,92792.86,160838.589,16083.8589,160.838589,1.60838589
600637.SH,600637,东方明珠,20130417,17.7,17.95,17.43,17.94,17.87,0.07,0.39,52965.07,93944.132,9394.4132,93.944132,0.93944132
600637.SH,600637,东方明珠,20130418,17.94,18.43,17.77,18.33,17.94,0.39,2.17,152235.54,278044.664,27804.4664,278.04466399999995,2.78044664
600637.SH,600637,东方明珠,20130419,18.33,18.46,18.06,18.39,18.33,0.06,0.33,119384.32,218675.112,21867.5112,218.675112,2.1867511200000003
600637.SH,600637,东方明珠,20130422,18.3,19.28,18.17,19.15,18.39,0.76,4.13,326125.05,617355.483,61735.5483,617.355483,6.1735548300000005
600637.SH,600637,东方明珠,20130423,19.05,19.24,18.38,18.45,19.15,-0.7,-3.66,158459.3,297651.371,29765.1371,297.651371,2.97651371
600637.SH,600637,东方明珠,20130424,18.46,20.13,18.35,19.75,18.45,1.3,7.05,245246.63,475805.876,47580.5876,475.805876,4.75805876
600637.SH,600637,东方明珠,20130425,20.0,20.43,19.1,19.17,19.75,-0.58,-2.94,211338.77,419038.299,41903.8299,419.038299,4.19038299
600637.SH,600637,东方明珠,20130426,19.06,19.57,18.7,19.19,19.17,0.02,0.1,102177.13,196004.589,19600.4589,196.004589,1.96004589
600637.SH,600637,东方明珠,20130502,19.19,20.44,18.96,20.32,19.19,1.13,5.89,154016.22,308695.52,30869.552000000003,308.69552000000004,3.0869552
600637.SH,600637,东方明珠,20130503,20.36,20.8,20.14,20.77,20.32,0.45,2.21,163085.27,334094.345,33409.4345,334.094345,3.34094345
600637.SH,600637,东方明珠,20130506,20.4,21.68,20.37,21.03,20.77,0.26,1.25,210700.2,448518.602,44851.8602,448.518602,4.48518602
600637.SH,600637,东方明珠,20130507,21.21,21.27,20.5,20.97,21.03,-0.06,-0.29,128282.06,267186.649,26718.6649,267.186649,2.67186649
600637.SH,600637,东方明珠,20130508,21.35,21.73,20.82,20.92,20.97,-0.05,-0.24,160164.0,339917.12,33991.712,339.91712,3.3991712
600637.SH,600637,东方明珠,20130509,20.85,21.38,20.27,20.95,20.92,0.03,0.14,223106.06,463818.152,46381.8152,463.818152,4.63818152
600637.SH,600637,东方明珠,20130510,20.78,21.0,20.13,20.32,20.95,-0.63,-3.01,148749.56,303613.327,30361.3327,303.613327,3.03613327
600637.SH,600637,东方明珠,20130513,20.43,20.67,19.9,20.5,20.32,0.18,0.89,118105.97,239689.475,23968.9475,239.689475,2.39689475
600637.SH,600637,东方明珠,20130514,20.45,20.5,19.99,20.28,20.5,-0.22,-1.07,106796.81,215797.276,21579.7276,215.797276,2.1579727600000003
600637.SH,600637,东方明珠,20130515,20.29,21.19,20.15,21.07,20.28,0.79,3.9,125713.35,260453.244,26045.3244,260.45324400000004,2.6045324400000003
600637.SH,600637,东方明珠,20130516,21.16,21.46,20.76,20.89,21.07,-0.18,-0.85,137805.88,290536.286,29053.628600000004,290.536286,2.9053628600000003
600637.SH,600637,东方明珠,20130517,20.79,22.18,20.79,22.0,20.89,1.11,5.31,238921.46,515015.772,51501.5772,515.015772,5.150157719999999
600637.SH,600637,东方明珠,20130520,22.49,24.2,22.49,24.2,22.0,2.2,10.0,347361.69,835757.506,83575.7506,835.757506,8.35757506
600637.SH,600637,东方明珠,20130521,24.0,25.17,23.88,24.6,24.2,0.4,1.65,284385.79,697096.599,69709.6599,697.096599,6.97096599
600637.SH,600637,东方明珠,20130522,24.62,25.14,24.19,24.79,24.6,0.19,0.77,182552.55,450985.368,45098.5368,450.985368,4.50985368
600637.SH,600637,东方明珠,20130523,24.31,24.81,23.9,24.22,24.79,-0.57,-2.3,152913.07,371590.092,37159.0092,371.590092,3.71590092
600637.SH,600637,东方明珠,20130524,24.24,25.5,24.24,25.12,24.22,0.9,3.72,148444.09,371596.672,37159.6672,371.596672,3.71596672
600637.SH,600637,东方明珠,20130527,25.34,25.87,24.75,25.39,25.12,0.27,1.07,131170.08,331711.649,33171.1649,331.711649,3.31711649
600637.SH,600637,东方明珠,20130528,25.4,25.49,24.24,24.32,25.39,-1.07,-4.21,145013.39,356899.753,35689.975300000006,356.89975300000003,3.5689975300000003
600637.SH,600637,东方明珠,20130529,24.29,24.55,23.78,24.38,24.32,0.06,0.25,118731.39,285905.07,28590.507,285.90507,2.8590507
600637.SH,600637,东方明珠,20130530,24.25,24.88,23.95,24.37,24.38,-0.01,-0.04,99734.44,244709.66,24470.966,244.70966,2.4470966
600637.SH,600637,东方明珠,20130531,24.39,24.52,23.5,23.62,24.37,-0.75,-3.08,123904.78,295581.801,29558.1801,295.581801,2.95581801
600637.SH,600637,东方明珠,20130603,23.66,23.94,22.98,23.11,23.62,-0.51,-2.16,130701.8,306765.208,30676.5208,306.765208,3.06765208
600637.SH,600637,东方明珠,20130604,23.13,23.3,22.0,22.25,23.11,-0.86,-3.72,136531.91,308377.717,30837.7717,308.377717,3.0837771700000003
600637.SH,600637,东方明珠,20130605,22.27,22.9,22.18,22.73,22.25,0.48,2.16,146551.15,331240.531,33124.053100000005,331.24053100000003,3.3124053100000004
600637.SH,600637,东方明珠,20130606,22.68,23.15,22.38,22.76,22.73,0.03,0.13,97978.44,224078.633,22407.8633,224.078633,2.24078633
600637.SH,600637,东方明珠,20130607,22.68,23.3,22.65,22.83,22.76,0.07,0.31,101965.03,234482.453,23448.2453,234.482453,2.3448245300000004
600637.SH,600637,东方明珠,20130613,22.5,24.18,21.21,24.01,22.83,1.18,5.17,172222.44,399235.316,39923.5316,399.235316,3.99235316
600637.SH,600637,东方明珠,20130614,24.09,25.1,23.76,24.79,24.01,0.78,3.25,214643.07,531636.697,53163.669700000006,531.636697,5.316366970000001
600637.SH,600637,东方明珠,20130617,24.86,26.38,24.8,25.77,24.79,0.98,3.95,267636.8,688667.321,68866.7321,688.6673209999999,6.886673209999999
600637.SH,600637,东方明珠,20130618,25.52,26.06,24.9,25.67,25.77,-0.1,-0.39,147182.98,376398.172,37639.817200000005,376.3981720000001,3.76398172
600637.SH,600637,东方明珠,20130619,25.55,26.62,25.09,26.01,25.67,0.34,1.32,160006.21,419304.477,41930.4477,419.304477,4.19304477
600637.SH,600637,东方明珠,20130620,25.58,26.45,24.78,24.95,26.01,-1.06,-4.08,154378.58,392392.796,39239.2796,392.3927959999999,3.923927959999999
600637.SH,600637,东方明珠,20130621,24.4,25.4,23.65,25.0,24.95,0.05,0.2,122254.98,299609.118,29960.9118,299.609118,2.99609118
600637.SH,600637,东方明珠,20130624,24.89,26.24,23.95,24.75,25.0,-0.25,-1.0,228534.16,574107.206,57410.7206,574.107206,5.7410720600000005
600637.SH,600637,东方明珠,20130625,24.5,26.08,22.6,26.02,24.75,1.27,5.13,304011.23,745536.255,74553.6255,745.536255,7.45536255
600637.SH,600637,东方明珠,20130626,25.95,28.62,25.58,28.62,26.02,2.6,9.99,328438.49,899967.353,89996.7353,899.967353,8.99967353
600637.SH,600637,东方明珠,20130627,28.22,28.75,26.9,28.39,28.62,-0.23,-0.8,256139.41,717523.699,71752.3699,717.5236990000001,7.175236990000001
600637.SH,600637,东方明珠,20130628,27.98,29.2,27.2,28.0,28.39,-0.39,-1.37,196520.49,553871.106,55387.1106,553.871106,5.538711060000001
600637.SH,600637,东方明珠,20130701,28.6,29.6,28.4,29.01,28.0,1.01,3.61,213260.23,616947.107,61694.7107,616.947107,6.169471069999999
600637.SH,600637,东方明珠,20130702,28.62,29.3,27.99,29.0,29.01,-0.01,-0.03,198563.43,569870.485,56987.0485,569.8704849999999,5.69870485
600637.SH,600637,东方明珠,20130703,28.5,29.46,27.8,28.87,29.0,-0.13,-0.45,293353.65,839224.966,83922.4966,839.224966,8.39224966
600637.SH,600637,东方明珠,20130704,28.4,28.55,27.78,27.82,28.87,-1.05,-3.64,190683.96,536588.093,53658.8093,536.588093,5.365880929999999
600637.SH,600637,东方明珠,20130705,27.7,28.36,27.0,27.06,27.82,-0.76,-2.73,220518.99,607833.083,60783.3083,607.833083,6.07833083
600637.SH,600637,东方明珠,20130708,26.81,27.77,26.4,27.19,27.06,0.13,0.48,143299.57,388922.371,38892.2371,388.922371,3.88922371
600637.SH,600637,东方明珠,20130709,27.26,27.85,27.06,27.69,27.19,0.5,1.84,129655.21,356112.446,35611.2446,356.112446,3.56112446
600637.SH,600637,东方明珠,20130710,27.6,28.25,27.3,27.88,27.69,0.19,0.69,150096.55,416534.749,41653.4749,416.534749,4.16534749
600637.SH,600637,东方明珠,20130711,27.6,28.48,27.03,28.46,27.88,0.58,2.08,211005.25,584977.834,58497.7834,584.977834,5.84977834
600637.SH,600637,东方明珠,20130712,28.95,29.99,28.55,28.62,28.46,0.16,0.56,298562.82,871787.448,87178.7448,871.787448,8.71787448
600637.SH,600637,东方明珠,20130715,28.79,30.8,28.7,30.55,28.62,1.93,6.74,261574.5,780848.629,78084.8629,780.848629,7.808486289999999
600637.SH,600637,东方明珠,20130716,30.47,31.25,29.84,30.38,30.55,-0.17,-0.56,158674.84,482182.663,48218.2663,482.1826630000001,4.82182663
600637.SH,600637,东方明珠,20130717,30.3,30.49,29.12,29.41,30.38,-0.97,-3.19,137672.77,409281.986,40928.1986,409.281986,4.09281986
600637.SH,600637,东方明珠,20130718,29.2,30.73,29.01,30.54,29.41,1.13,3.84,160214.24,485136.145,48513.6145,485.13614500000006,4.851361450000001
600637.SH,600637,东方明珠,20130719,30.54,31.2,29.4,29.46,30.54,-1.08,-3.54,185967.28,563656.84,56365.684,563.65684,5.6365684
600637.SH,600637,东方明珠,20130723,32.0,32.41,30.95,32.41,29.46,2.95,10.01,210374.16,676912.07,67691.207,676.91207,6.769120699999999
600637.SH,600637,东方明珠,20130724,32.6,34.88,32.6,33.73,32.41,1.32,4.07,238755.18,808207.186,80820.7186,808.207186,8.08207186
600637.SH,600637,东方明珠,20130725,33.3,34.32,31.83,33.54,33.73,-0.19,-0.56,236725.96,784562.645,78456.2645,784.5626450000001,7.845626450000001
600637.SH,600637,东方明珠,20130726,33.5,34.44,32.71,33.46,33.54,-0.08,-0.24,132690.89,445628.193,44562.8193,445.628193,4.45628193
600637.SH,600637,东方明珠,20130729,33.75,36.2,33.5,33.73,33.46,0.27,0.81,246970.56,854355.525,85435.5525,854.3555250000001,8.54355525
600637.SH,600637,东方明珠,20130730,33.76,34.15,30.75,31.65,33.73,-2.08,-6.17,213267.46,688643.418,68864.3418,688.643418,6.88643418
600637.SH,600637,东方明珠,20130731,31.65,34.08,31.3,32.95,31.65,1.3,4.11,150187.58,492439.089,49243.9089,492.439089,4.92439089
600637.SH,600637,东方明珠,20130801,33.15,34.34,32.89,34.18,32.95,1.23,3.73,148305.14,502510.126,50251.0126,502.510126,5.0251012600000005
600637.SH,600637,东方明珠,20130802,34.59,35.4,33.78,35.3,34.18,1.12,3.28,142823.73,496812.606,49681.2606,496.812606,4.96812606
600637.SH,600637,东方明珠,20130805,35.1,35.89,34.3,35.29,35.3,-0.01,-0.03,83659.44,294104.249,29410.4249,294.10424900000004,2.9410424900000005
600637.SH,600637,东方明珠,20130806,35.01,35.99,34.61,35.01,35.29,-0.28,-0.79,111275.4,392497.399,39249.7399,392.497399,3.92497399
600637.SH,600637,东方明珠,20130807,34.77,35.0,33.88,34.21,35.01,-0.8,-2.29,109828.81,378688.501,37868.8501,378.688501,3.78688501
600637.SH,600637,东方明珠,20130808,33.88,34.01,32.76,33.18,34.21,-1.03,-3.01,124923.8,416291.07,41629.107,416.2910700000001,4.1629107
600637.SH,600637,东方明珠,20130809,33.28,34.17,31.9,32.47,33.18,-0.71,-2.14,132675.79,435696.804,43569.6804,435.696804,4.35696804
600637.SH,600637,东方明珠,20130812,32.7,32.93,30.55,31.16,32.47,-1.31,-4.03,195020.39,610359.99,61035.999,610.3599899999999,6.103599899999999
600637.SH,600637,东方明珠,20130813,31.16,32.92,31.14,32.35,31.16,1.19,3.82,148894.59,479453.192,47945.3192,479.453192,4.79453192
600637.SH,600637,东方明珠,20130814,32.38,32.59,31.36,32.48,32.35,0.13,0.4,111669.19,358024.465,35802.446500000005,358.0244650000001,3.580244650000001
600637.SH,600637,东方明珠,20130815,33.18,33.94,32.36,33.29,32.48,0.81,2.49,182884.5,610213.762,61021.3762,610.213762,6.10213762
600637.SH,600637,东方明珠,20130816,32.84,34.98,32.0,32.32,33.29,-0.97,-2.91,165051.89,551634.729,55163.47290000001,551.6347290000001,5.5163472900000015
600637.SH,600637,东方明珠,20130819,32.19,33.9,31.85,33.22,32.32,0.9,2.78,141812.43,471053.985,47105.3985,471.053985,4.71053985
600637.SH,600637,东方明珠,20130820,33.28,33.64,32.3,32.73,33.22,-0.49,-1.48,87259.75,287535.308,28753.5308,287.535308,2.87535308
600637.SH,600637,东方明珠,20130821,32.7,32.7,31.53,31.82,32.73,-0.91,-2.78,83999.82,268275.054,26827.5054,268.275054,2.68275054
600637.SH,600637,东方明珠,20130822,31.65,33.8,31.63,33.5,31.82,1.68,5.28,121905.39,401337.443,40133.744300000006,401.33744300000006,4.013374430000001
600637.SH,600637,东方明珠,20130823,33.8,35.52,33.4,34.88,33.5,1.38,4.12,213617.49,741684.718,74168.4718,741.684718,7.416847179999999
600637.SH,600637,东方明珠,20130826,35.13,35.16,34.1,34.96,34.88,0.08,0.23,117486.83,409465.167,40946.5167,409.465167,4.09465167
600637.SH,600637,东方明珠,20130827,34.78,35.3,34.36,35.26,34.96,0.3,0.86,99854.67,347789.905,34778.9905,347.789905,3.4778990499999995
600637.SH,600637,东方明珠,20130828,35.11,37.56,35.01,36.64,35.26,1.38,3.91,192780.17,708790.146,70879.0146,708.7901459999999,7.087901459999999
600637.SH,600637,东方明珠,20130829,36.39,36.87,34.9,35.45,36.64,-1.19,-3.25,122193.55,437800.143,43780.0143,437.80014299999993,4.378001429999999
600637.SH,600637,东方明珠,20130830,35.45,35.45,31.91,31.91,35.45,-3.54,-9.99,168975.93,564992.324,56499.2324,564.992324,5.649923240000001
600637.SH,600637,东方明珠,20130902,31.65,33.5,31.5,32.08,31.91,0.17,0.53,143677.44,469824.034,46982.4034,469.824034,4.69824034
600637.SH,600637,东方明珠,20130903,32.3,33.44,32.16,33.22,32.08,1.14,3.55,92303.94,303548.838,30354.8838,303.548838,3.03548838
600637.SH,600637,东方明珠,20130904,33.19,33.49,32.5,32.75,33.22,-0.47,-1.41,74957.58,247140.853,24714.0853,247.140853,2.47140853
600637.SH,600637,东方明珠,20130905,32.57,35.49,32.31,35.42,32.75,2.67,8.15,173970.61,598655.504,59865.55039999999,598.655504,5.98655504
600637.SH,600637,东方明珠,20130906,35.4,36.65,34.7,36.31,35.42,0.89,2.51,160873.06,573357.088,57335.7088,573.357088,5.733570879999999
600637.SH,600637,东方明珠,20130909,36.32,37.88,35.82,35.98,36.31,-0.33,-0.91,200580.57,744150.3,74415.03,744.1503,7.441503
600637.SH,600637,东方明珠,20130910,36.39,37.7,35.93,37.61,35.98,1.63,4.53,164067.35,608641.95,60864.19499999999,608.64195,6.0864195
600637.SH,600637,东方明珠,20130911,37.66,38.21,34.48,35.34,37.61,-2.27,-6.04,163006.1,584186.456,58418.6456,584.186456,5.84186456
600637.SH,600637,东方明珠,20130912,35.72,37.17,35.3,36.02,35.34,0.68,1.92,131891.33,478400.413,47840.0413,478.400413,4.78400413
600637.SH,600637,东方明珠,20130913,36.3,37.1,35.12,36.98,36.02,0.96,2.67,110839.7,402495.776,40249.5776,402.495776,4.02495776
600637.SH,600637,东方明珠,20130916,37.29,40.16,36.65,39.54,36.98,2.56,6.92,232424.52,904384.096,90438.4096,904.384096,9.04384096
600637.SH,600637,东方明珠,20130917,39.5,41.79,39.06,39.98,39.54,0.44,1.11,175045.06,709952.847,70995.28469999999,709.9528469999999,7.099528469999999
600637.SH,600637,东方明珠,20130918,40.15,43.09,40.15,43.01,39.98,3.03,7.58,170011.68,714944.584,71494.4584,714.9445840000001,7.149445840000001
600637.SH,600637,东方明珠,20130923,43.45,46.87,42.16,46.46,43.01,3.45,8.02,181851.57,803527.199,80352.7199,803.527199,8.03527199
600637.SH,600637,东方明珠,20130924,49.99,51.11,46.88,51.11,46.46,4.65,10.01,348919.9,1734220.123,173422.0123,1734.220123,17.34220123
600637.SH,600637,东方明珠,20130925,51.7,51.91,48.31,48.92,51.11,-2.19,-4.28,276065.03,1386407.988,138640.7988,1386.407988,13.864079879999998
600637.SH,600637,东方明珠,20130926,49.33,49.39,44.04,44.66,48.92,-4.26,-8.71,302578.98,1399138.88,139913.88799999998,1399.1388799999995,13.991388799999998
600637.SH,600637,东方明珠,20130927,44.38,48.1,44.11,47.59,44.66,2.93,6.56,308252.81,1434476.75,143447.675,1434.4767499999998,14.344767499999998
600637.SH,600637,东方明珠,20130930,50.0,52.35,49.0,52.35,47.59,4.76,10.0,371677.16,1922173.065,192217.3065,1922.173065,19.22173065
600637.SH,600637,东方明珠,20131008,52.0,52.76,47.68,49.3,52.35,-3.05,-5.83,355759.14,1770945.011,177094.5011,1770.945011,17.70945011
600637.SH,600637,东方明珠,20131009,48.5,50.87,47.71,49.53,49.3,0.23,0.47,194263.88,961956.42,96195.642,961.95642,9.6195642
600637.SH,600637,东方明珠,20131010,49.59,49.59,45.5,46.01,49.53,-3.52,-7.11,274584.29,1292523.599,129252.3599,1292.523599,12.92523599
600637.SH,600637,东方明珠,20131011,46.1,46.96,43.3,45.08,46.01,-0.93,-2.02,196366.06,883700.979,88370.09790000001,883.7009790000001,8.837009790000002
600637.SH,600637,东方明珠,20131014,44.9,46.87,43.71,46.09,45.08,1.01,2.24,181597.53,817661.67,81766.167,817.66167,8.1766167
600637.SH,600637,东方明珠,20131015,46.0,48.22,45.6,46.66,46.09,0.57,1.24,215148.59,1015568.229,101556.8229,1015.568229,10.15568229
600637.SH,600637,东方明珠,20131016,46.06,46.5,41.99,42.03,46.66,-4.63,-9.92,281479.62,1207850.1,120785.01,1207.8501,12.078501
600637.SH,600637,东方明珠,20131017,42.0,42.8,40.85,41.13,42.03,-0.9,-2.14,186054.08,773571.114,77357.1114,773.571114,7.735711139999999
600637.SH,600637,东方明珠,20131018,41.15,42.69,41.14,41.46,41.13,0.33,0.8,97943.77,411377.85,41137.785,411.37785,4.1137785
600637.SH,600637,东方明珠,20131021,42.01,44.23,42.0,44.1,41.46,2.64,6.37,152531.69,664243.375,66424.3375,664.2433749999999,6.642433749999999
600637.SH,600637,东方明珠,20131022,43.18,44.12,39.69,39.69,44.1,-4.41,-10.0,249708.85,1022830.997,102283.0997,1022.830997,10.22830997
600637.SH,600637,东方明珠,20131023,39.5,40.25,37.88,39.84,39.69,0.15,0.38,171729.59,670035.635,67003.5635,670.0356350000001,6.700356350000001
600637.SH,600637,东方明珠,20131024,39.75,40.7,39.11,39.69,39.84,-0.15,-0.38,85034.94,341596.863,34159.6863,341.596863,3.41596863
600637.SH,600637,东方明珠,20131025,39.82,40.28,35.75,37.92,39.69,-1.77,-4.46,206863.61,778473.106,77847.3106,778.4731059999999,7.784731059999999
600637.SH,600637,东方明珠,20131028,37.7,38.56,36.0,37.31,37.92,-0.61,-1.61,151383.62,566001.358,56600.1358,566.001358,5.66001358
600637.SH,600637,东方明珠,20131029,37.35,38.82,35.6,38.78,37.31,1.47,3.94,211218.73,785830.33,78583.033,785.83033,7.8583033
600637.SH,600637,东方明珠,20131030,38.1,40.5,38.0,38.99,38.78,0.21,0.54,218737.94,863079.392,86307.9392,863.079392,8.63079392
600637.SH,600637,东方明珠,20131031,38.6,39.15,36.4,37.05,38.99,-1.94,-4.98,131836.3,496851.374,49685.1374,496.851374,4.968513740000001
600637.SH,600637,东方明珠,20131101,37.45,37.45,35.08,36.32,37.05,-0.73,-1.97,136783.5,494464.771,49446.4771,494.464771,4.944647710000001
600637.SH,600637,东方明珠,20131104,36.1,37.3,36.1,36.24,36.32,-0.08,-0.22,84032.95,308309.146,30830.9146,308.309146,3.08309146
600637.SH,600637,东方明珠,20131105,36.15,37.9,35.37,37.7,36.24,1.46,4.03,102671.02,380295.757,38029.5757,380.295757,3.80295757
600637.SH,600637,东方明珠,20131106,37.26,37.84,35.8,35.87,37.7,-1.83,-4.85,108533.11,399715.016,39971.5016,399.7150160000001,3.99715016
600637.SH,600637,东方明珠,20131107,35.6,36.68,35.1,35.53,35.87,-0.34,-0.95,93695.63,335848.569,33584.8569,335.848569,3.35848569
600637.SH,600637,东方明珠,20131108,35.25,36.77,35.03,36.06,35.53,0.53,1.49,103545.48,372056.251,37205.6251,372.056251,3.72056251
600637.SH,600637,东方明珠,20131111,35.7,35.92,33.81,34.97,36.06,-1.09,-3.02,91964.28,320993.543,32099.3543,320.993543,3.20993543
600637.SH,600637,东方明珠,20131112,34.75,35.86,34.55,35.08,34.97,0.11,0.31,93970.49,331946.886,33194.6886,331.946886,3.31946886
600637.SH,600637,东方明珠,20131113,35.2,36.45,35.08,35.23,35.08,0.15,0.43,135579.2,485452.882,48545.2882,485.45288199999993,4.85452882
600637.SH,600637,东方明珠,20131114,35.0,37.09,34.88,36.79,35.23,1.56,4.428,144685.65,526059.996,52605.9996,526.0599960000001,5.26059996
600637.SH,600637,东方明珠,20131115,36.9,40.3,36.9,39.12,36.79,2.33,6.33,226713.91,889208.26,88920.826,889.20826,8.8920826
600637.SH,600637,东方明珠,20131118,39.69,41.1,39.3,39.94,39.12,0.82,2.1,187411.44,753563.115,75356.3115,753.5631149999999,7.535631149999999
600637.SH,600637,东方明珠,20131119,39.63,41.7,39.61,40.45,39.94,0.51,1.28,117861.16,481059.672,48105.9672,481.059672,4.81059672
600637.SH,600637,东方明珠,20131120,40.65,41.22,39.68,40.49,40.45,0.04,0.1,78211.83,314249.069,31424.9069,314.249069,3.1424906900000003
600637.SH,600637,东方明珠,20131121,40.2,41.7,39.82,41.14,40.49,0.65,1.61,89154.72,365350.568,36535.056800000006,365.35056800000007,3.6535056800000008
600637.SH,600637,东方明珠,20131122,41.15,41.33,38.47,39.03,41.14,-2.11,-5.13,161123.4,633472.972,63347.29719999999,633.4729719999999,6.33472972
600637.SH,600637,东方明珠,20131125,38.75,38.89,37.43,38.31,39.03,-0.72,-1.84,121327.14,462395.014,46239.5014,462.395014,4.62395014
600637.SH,600637,东方明珠,20131126,38.31,38.98,37.84,38.8,38.31,0.49,1.28,76927.25,296489.149,29648.9149,296.48914899999994,2.9648914899999994
600637.SH,600637,东方明珠,20131127,38.6,41.78,38.55,40.75,38.8,1.95,5.03,130296.03,526814.755,52681.4755,526.814755,5.26814755
600637.SH,600637,东方明珠,20131128,40.7,41.5,40.11,40.65,40.75,-0.1,-0.25,84012.56,342344.73,34234.473,342.34473,3.4234473
600637.SH,600637,东方明珠,20131129,40.8,42.6,40.64,42.27,40.65,1.62,3.99,141286.8,591544.412,59154.4412,591.544412,5.91544412
600637.SH,600637,东方明珠,20131202,40.9,40.9,38.04,38.24,42.27,-4.03,-9.53,200023.17,779717.564,77971.7564,779.717564,7.797175640000001
600637.SH,600637,东方明珠,20131203,37.94,37.94,35.0,36.99,38.24,-1.25,-3.27,173050.15,631105.638,63110.5638,631.105638,6.31105638
600637.SH,600637,东方明珠,20131204,36.79,39.8,36.76,37.64,36.99,0.65,1.76,128171.45,488792.008,48879.2008,488.792008,4.88792008
600637.SH,600637,东方明珠,20131205,39.0,39.9,37.68,37.83,37.64,0.19,0.5,161227.89,622019.638,62201.963800000005,622.0196380000001,6.220196380000001
600637.SH,600637,东方明珠,20131206,37.85,38.56,36.5,37.95,37.83,0.12,0.32,103826.61,388460.683,38846.0683,388.460683,3.88460683
600637.SH,600637,东方明珠,20131209,38.1,39.93,38.05,39.63,37.95,1.68,4.43,127140.17,496082.131,49608.2131,496.082131,4.96082131
600637.SH,600637,东方明珠,20131210,39.8,41.1,39.5,39.83,39.63,0.2,0.5,121704.38,488748.275,48874.8275,488.748275,4.88748275
600637.SH,600637,东方明珠,20131211,39.5,40.84,38.86,40.01,39.83,0.18,0.45,101927.02,408197.333,40819.7333,408.197333,4.08197333
600637.SH,600637,东方明珠,20131212,39.9,41.67,39.54,40.99,40.01,0.98,2.45,147268.71,603335.753,60333.5753,603.3357530000001,6.033357530000001
600637.SH,600637,东方明珠,20131213,40.58,41.54,40.28,41.19,40.99,0.2,0.49,95458.35,391537.929,39153.7929,391.537929,3.91537929
600637.SH,600637,东方明珠,20131216,41.4,41.99,40.1,40.8,41.19,-0.39,-0.95,86412.59,353837.958,35383.7958,353.837958,3.53837958
600637.SH,600637,东方明珠,20131217,40.51,40.96,37.71,38.43,40.8,-2.37,-5.81,112574.56,438427.105,43842.7105,438.427105,4.38427105
600637.SH,600637,东方明珠,20131218,38.2,38.2,36.81,37.71,38.43,-0.72,-1.87,102175.54,383225.835,38322.5835,383.225835,3.83225835
600637.SH,600637,东方明珠,20131219,37.22,38.47,37.22,37.6,37.71,-0.11,-0.29,61871.95,235296.84,23529.684,235.29684,2.3529684
600637.SH,600637,东方明珠,20131220,37.42,38.4,36.81,37.32,37.6,-0.28,-0.74,58849.41,221897.941,22189.7941,221.897941,2.21897941
600637.SH,600637,东方明珠,20131223,37.32,38.0,36.4,36.48,37.32,-0.84,-2.25,85736.59,318275.409,31827.5409,318.275409,3.1827540900000004
600637.SH,600637,东方明珠,20131224,36.95,37.19,35.08,35.81,36.48,-0.67,-1.84,136546.12,489736.162,48973.6162,489.736162,4.897361620000001
600637.SH,600637,东方明珠,20131225,35.89,36.9,35.36,36.87,35.81,1.06,2.96,74406.11,270000.473,27000.0473,270.000473,2.70000473
600637.SH,600637,东方明珠,20131226,36.8,37.38,35.5,35.66,36.87,-1.21,-3.28,72842.35,265085.822,26508.5822,265.08582199999995,2.6508582199999995
600637.SH,600637,东方明珠,20131227,35.6,36.18,35.3,35.76,35.66,0.1,0.28,70379.41,251496.553,25149.6553,251.49655300000003,2.5149655300000004
600637.SH,600637,东方明珠,20131230,35.88,37.45,35.88,37.3,35.76,1.54,4.31,75616.69,277102.03,27710.203,277.10203,2.7710203
600637.SH,600637,东方明珠,20131231,36.89,37.58,36.78,36.97,37.3,-0.33,-0.88,52563.03,195316.429,19531.6429,195.316429,1.95316429
600637.SH,600637,东方明珠,20140102,36.81,37.24,36.35,37.12,36.97,0.15,0.41,93649.83,345787.857,34578.7857,345.78785700000003,3.45787857
600637.SH,600637,东方明珠,20140103,36.99,37.4,36.37,37.14,37.12,0.02,0.05,96253.77,356232.946,35623.2946,356.232946,3.5623294600000004
600637.SH,600637,东方明珠,20140106,37.0,38.15,36.75,37.17,37.14,0.03,0.08,100570.66,377250.603,37725.0603,377.250603,3.77250603
600637.SH,600637,东方明珠,20140107,38.2,40.88,38.2,40.28,37.17,3.11,8.37,232426.48,922593.167,92259.3167,922.593167,9.22593167
600637.SH,600637,东方明珠,20140108,40.7,43.44,39.9,42.79,40.28,2.51,6.23,272133.94,1138166.636,113816.6636,1138.166636,11.38166636
600637.SH,600637,东方明珠,20140109,42.71,43.39,41.75,41.79,42.79,-1.0,-2.34,159542.43,677510.75,67751.075,677.5107499999999,6.775107499999999
600637.SH,600637,东方明珠,20140110,41.5,42.23,40.2,40.31,41.79,-1.48,-3.54,117845.74,485952.634,48595.2634,485.9526340000001,4.85952634
600637.SH,600637,东方明珠,20140113,40.22,41.18,39.5,40.21,40.31,-0.1,-0.25,110572.65,446708.693,44670.869300000006,446.708693,4.467086930000001
600637.SH,600637,东方明珠,20140114,40.0,41.85,39.81,41.72,40.21,1.51,3.76,109305.34,449321.247,44932.1247,449.321247,4.4932124700000005
600637.SH,600637,东方明珠,20140115,41.54,43.09,41.3,42.01,41.72,0.29,0.7,105043.06,444564.138,44456.4138,444.564138,4.44564138
600637.SH,600637,东方明珠,20140116,42.05,43.38,40.46,40.65,41.96,-1.31,-3.12,100817.78,422746.262,42274.6262,422.746262,4.22746262
600637.SH,600637,东方明珠,20140117,40.66,41.15,39.82,40.38,40.65,-0.27,-0.66,74902.65,303629.582,30362.9582,303.629582,3.0362958200000003
600637.SH,600637,东方明珠,20140120,40.1,40.77,38.82,38.84,40.38,-1.54,-3.81,80523.17,317988.023,31798.8023,317.988023,3.17988023
600637.SH,600637,东方明珠,20140121,38.63,40.4,38.63,40.36,38.84,1.52,3.91,75125.84,298128.234,29812.8234,298.128234,2.9812823400000004
600637.SH,600637,东方明珠,20140122,40.36,40.79,40.0,40.59,40.36,0.23,0.57,110334.65,445661.839,44566.1839,445.661839,4.45661839
600637.SH,600637,东方明珠,20140123,40.4,43.4,39.85,42.86,40.59,2.27,5.59,203048.05,848763.636,84876.36360000001,848.7636360000001,8.487636360000002
600637.SH,600637,东方明珠,20140124,42.31,42.57,41.81,41.97,42.86,-0.89,-2.08,126624.19,533386.389,53338.6389,533.386389,5.33386389
600637.SH,600637,东方明珠,20140127,41.8,43.0,40.97,41.7,41.97,-0.27,-0.64,121463.44,510672.811,51067.2811,510.672811,5.106728110000001
600637.SH,600637,东方明珠,20140128,41.7,42.1,39.7,39.89,41.7,-1.81,-4.34,133053.33,534803.289,53480.3289,534.803289,5.34803289
600637.SH,600637,东方明珠,20140129,39.91,40.92,39.49,40.53,39.89,0.64,1.6,103437.4,415758.104,41575.8104,415.758104,4.15758104
600637.SH,600637,东方明珠,20140130,40.6,42.2,40.25,40.89,40.53,0.36,0.89,124008.9,512799.114,51279.9114,512.7991139999999,5.127991139999999
600637.SH,600637,东方明珠,20140207,40.2,42.55,39.8,42.26,40.89,1.37,3.35,160541.84,668455.727,66845.57269999999,668.4557269999999,6.684557269999999
600637.SH,600637,东方明珠,20140210,42.26,44.78,42.25,43.58,42.26,1.32,3.12,185085.03,810024.259,81002.4259,810.024259,8.10024259
600637.SH,600637,东方明珠,20140211,43.59,44.29,41.51,42.76,43.58,-0.82,-1.88,149766.92,643253.423,64325.3423,643.253423,6.43253423
600637.SH,600637,东方明珠,20140212,42.6,43.05,41.85,42.97,42.76,0.21,0.49,100780.3,427238.294,42723.8294,427.238294,4.27238294
600637.SH,600637,东方明珠,20140213,43.27,43.29,40.0,40.15,42.97,-2.82,-6.56,176325.59,729504.328,72950.4328,729.504328,7.29504328
600637.SH,600637,东方明珠,20140214,40.8,44.17,40.76,44.16,40.15,4.01,9.99,288405.09,1242396.548,124239.6548,1242.396548,12.42396548
600637.SH,600637,东方明珠,20140217,44.23,44.48,42.68,43.09,44.16,-1.07,-2.42,220128.78,951108.662,95110.8662,951.108662,9.51108662
600637.SH,600637,东方明珠,20140218,43.0,45.49,42.42,44.33,43.09,1.24,2.88,257075.12,1132908.884,113290.8884,1132.9088840000002,11.329088840000002
600637.SH,600637,东方明珠,20140221,43.8,43.8,41.5,42.84,44.33,-1.49,-3.36,188464.47,804552.531,80455.2531,804.552531,8.04552531
600637.SH,600637,东方明珠,20140224,42.28,42.8,41.5,41.71,42.84,-1.13,-2.64,125346.32,526101.586,52610.1586,526.101586,5.26101586
600637.SH,600637,东方明珠,20140225,41.7,42.4,39.4,39.98,41.71,-1.73,-4.15,206196.67,852165.399,85216.5399,852.165399,8.521653989999999
600637.SH,600637,东方明珠,20140226,39.9,39.91,35.98,36.47,39.98,-3.51,-8.78,340008.99,1250235.972,125023.5972,1250.235972,12.50235972
600637.SH,600637,东方明珠,20140227,36.52,37.0,32.82,33.88,36.47,-2.59,-7.1,293225.67,1026017.806,102601.7806,1026.017806,10.26017806
600637.SH,600637,东方明珠,20140228,33.9,35.9,32.27,35.39,33.88,1.51,4.46,247402.41,844116.445,84411.6445,844.116445,8.44116445
600637.SH,600637,东方明珠,20140303,34.76,37.3,34.56,36.6,35.39,1.21,3.42,166807.4,603094.851,60309.485100000005,603.0948510000001,6.030948510000001
600637.SH,600637,东方明珠,20140304,36.58,36.58,35.1,35.77,36.6,-0.83,-2.27,112469.36,402898.397,40289.8397,402.898397,4.02898397
600637.SH,600637,东方明珠,20140305,35.8,36.38,34.86,34.97,35.77,-0.8,-2.24,85108.38,302448.267,30244.8267,302.448267,3.02448267
600637.SH,600637,东方明珠,20140306,35.81,37.11,35.7,36.11,34.97,1.14,3.26,146549.62,533350.949,53335.0949,533.350949,5.33350949
600637.SH,600637,东方明珠,20140307,35.7,35.95,34.34,34.42,36.11,-1.69,-4.68,124399.2,434403.119,43440.3119,434.403119,4.34403119
600637.SH,600637,东方明珠,20140310,33.7,33.7,31.0,32.0,34.42,-2.42,-7.03,174004.58,561057.75,56105.775,561.05775,5.610577500000001
600637.SH,600637,东方明珠,20140311,31.67,33.43,31.54,32.7,32.0,0.7,2.19,109276.53,356089.627,35608.9627,356.08962699999995,3.5608962699999998
600637.SH,600637,东方明珠,20140312,32.68,34.2,32.6,33.64,32.7,0.94,2.87,105011.1,352120.213,35212.0213,352.120213,3.52120213
600637.SH,600637,东方明珠,20140313,34.0,35.18,33.22,34.96,33.64,1.32,3.92,123391.56,424770.211,42477.0211,424.770211,4.24770211
600637.SH,600637,东方明珠,20140314,34.69,36.52,34.54,35.69,34.96,0.73,2.09,118403.89,424125.584,42412.5584,424.125584,4.241255839999999
600637.SH,600637,东方明珠,20140317,35.9,37.01,35.58,36.68,35.69,0.99,2.77,99334.49,363645.859,36364.5859,363.645859,3.63645859
600637.SH,600637,东方明珠,20140318,36.91,36.91,35.57,36.33,36.68,-0.35,-0.95,98832.68,358189.712,35818.9712,358.189712,3.58189712
600637.SH,600637,东方明珠,20140319,36.18,36.6,35.6,36.15,36.33,-0.18,-0.5,59616.23,214913.335,21491.3335,214.913335,2.14913335
600637.SH,600637,东方明珠,20140320,36.15,36.83,34.01,34.29,36.15,-1.86,-5.15,95576.65,339343.799,33934.3799,339.343799,3.39343799
600637.SH,600637,东方明珠,20140321,33.99,36.7,32.58,35.64,34.29,1.35,3.94,112235.63,390968.536,39096.8536,390.968536,3.90968536
600637.SH,600637,东方明珠,20140331,35.26,35.3,32.08,32.08,35.64,-3.56,-9.99,141929.5,461412.363,46141.2363,461.412363,4.61412363
600637.SH,600637,东方明珠,20140401,31.48,32.7,31.1,32.22,32.08,0.14,0.44,72276.11,232168.584,23216.8584,232.168584,2.32168584
600637.SH,600637,东方明珠,20140402,32.18,32.22,29.55,31.64,32.22,-0.58,-1.8,159602.91,487847.5,48784.75,487.8475,4.878475
600637.SH,600637,东方明珠,20140403,31.07,31.61,30.6,31.15,31.64,-0.49,-1.55,69110.22,215053.033,21505.3033,215.053033,2.15053033
600637.SH,600637,东方明珠,20140404,31.15,31.8,31.0,31.73,31.15,0.58,1.86,54288.77,171223.565,17122.3565,171.223565,1.71223565
600637.SH,600637,东方明珠,20140408,31.58,32.35,31.19,32.09,31.73,0.36,1.13,58883.17,188399.312,18839.9312,188.399312,1.88399312
600637.SH,600637,东方明珠,20140409,32.8,33.64,32.5,33.04,32.09,0.95,2.96,93194.78,308469.266,30846.9266,308.469266,3.08469266
600637.SH,600637,东方明珠,20140410,33.17,34.65,32.7,34.07,33.04,1.03,3.12,115450.22,391180.315,39118.0315,391.180315,3.91180315
600637.SH,600637,东方明珠,20140411,33.75,35.67,33.75,35.28,34.07,1.21,3.55,116905.02,407107.992,40710.7992,407.107992,4.07107992
600637.SH,600637,东方明珠,20140414,35.7,36.95,35.21,36.14,35.28,0.86,2.44,139647.14,509164.781,50916.4781,509.164781,5.09164781
600637.SH,600637,东方明珠,20140415,36.0,36.49,34.87,34.98,36.14,-1.16,-3.21,110704.59,394754.253,39475.4253,394.754253,3.94754253
600637.SH,600637,东方明珠,20140416,35.01,36.66,35.0,36.62,34.98,1.64,4.69,127164.61,460307.41,46030.741,460.30741,4.6030741
600637.SH,600637,东方明珠,20140417,36.63,36.96,36.14,36.26,36.62,-0.36,-0.98,64975.66,237207.369,23720.7369,237.207369,2.37207369
600637.SH,600637,东方明珠,20140418,36.68,37.85,36.5,36.79,36.26,0.53,1.46,106198.0,395621.492,39562.1492,395.621492,3.95621492
600637.SH,600637,东方明珠,20140421,36.4,36.65,35.11,35.78,36.79,-1.01,-2.75,78558.29,282365.343,28236.5343,282.365343,2.82365343
600637.SH,600637,东方明珠,20140422,35.7,36.19,35.2,35.83,35.78,0.05,0.14,55135.42,196727.883,19672.7883,196.727883,1.96727883
600637.SH,600637,东方明珠,20140423,35.7,35.8,33.59,33.8,35.83,-2.03,-5.67,99648.46,343885.376,34388.5376,343.88537599999995,3.4388537599999998
600637.SH,600637,东方明珠,20140424,33.8,34.85,32.67,34.15,33.8,0.35,1.04,74108.4,249922.27,24992.227,249.92227,2.4992227
600637.SH,600637,东方明珠,20140425,34.12,35.21,33.61,34.7,34.15,0.55,1.61,61924.01,215142.243,21514.2243,215.142243,2.15142243
600637.SH,600637,东方明珠,20140428,34.1,35.1,33.05,33.21,34.7,-1.49,-4.29,59275.11,200986.881,20098.6881,200.986881,2.00986881
600637.SH,600637,东方明珠,20140429,33.52,33.96,32.8,33.95,33.21,0.74,2.23,47807.77,160091.152,16009.1152,160.091152,1.60091152
600637.SH,600637,东方明珠,20140430,33.95,34.95,33.5,33.83,33.95,-0.12,-0.35,74113.3,253749.947,25374.9947,253.749947,2.53749947
600637.SH,600637,东方明珠,20140505,34.05,34.08,32.5,33.02,33.83,-0.81,-2.39,89254.37,293386.835,29338.683500000003,293.386835,2.93386835
600637.SH,600637,东方明珠,20140506,33.08,33.16,31.9,32.53,33.02,-0.49,-1.48,129056.37,419297.813,41929.7813,419.297813,4.19297813
600637.SH,600637,东方明珠,20140507,32.5,33.07,31.96,32.69,32.53,0.16,0.49,75325.68,244624.362,24462.4362,244.624362,2.44624362
600637.SH,600637,东方明珠,20140508,32.75,33.4,32.43,33.19,32.69,0.5,1.53,105200.68,347184.916,34718.4916,347.184916,3.47184916
600637.SH,600637,东方明珠,20140509,33.01,33.33,32.46,32.8,33.19,-0.39,-1.18,65220.29,213982.899,21398.2899,213.982899,2.13982899
600637.SH,600637,东方明珠,20140512,33.0,33.36,32.5,33.24,32.8,0.44,1.34,63777.77,210652.222,21065.2222,210.652222,2.10652222
600637.SH,600637,东方明珠,20140513,33.34,33.96,33.12,33.38,33.24,0.14,0.42,45933.54,153928.388,15392.8388,153.928388,1.5392838800000002
600637.SH,600637,东方明珠,20140514,33.35,33.85,32.87,32.88,33.38,-0.5,-1.5,48757.85,162757.226,16275.7226,162.757226,1.62757226
600637.SH,600637,东方明珠,20140515,32.81,32.99,31.95,32.12,32.88,-0.76,-2.31,57724.36,186618.013,18661.8013,186.618013,1.86618013
600637.SH,600637,东方明珠,20140516,32.24,32.43,31.95,32.27,32.12,0.15,0.47,35415.45,113921.564,11392.1564,113.921564,1.13921564
600637.SH,600637,东方明珠,20140519,31.95,32.25,31.58,31.84,32.27,-0.43,-1.33,35247.35,112190.136,11219.0136,112.190136,1.1219013599999998
600637.SH,600637,东方明珠,20140520,32.2,32.48,31.7,31.83,31.84,-0.01,-0.03,30988.2,99417.314,9941.7314,99.417314,0.99417314
600637.SH,600637,东方明珠,20140521,31.52,31.91,31.22,31.68,31.83,-0.15,-0.47,43511.81,137182.787,13718.2787,137.18278700000002,1.3718278700000002
600637.SH,600637,东方明珠,20140522,31.58,32.42,31.58,31.85,31.68,0.17,0.54,63067.28,201891.623,20189.1623,201.891623,2.0189162300000003
600637.SH,600637,东方明珠,20140523,32.1,32.33,31.5,32.29,31.85,0.44,1.38,75405.23,240580.222,24058.0222,240.580222,2.40580222
600637.SH,600637,东方明珠,20140526,32.5,32.79,31.91,32.54,32.29,0.25,0.77,88993.69,287415.902,28741.5902,287.415902,2.87415902
600637.SH,600637,东方明珠,20140527,32.55,32.55,31.8,32.0,32.54,-0.54,-1.66,57307.87,183744.846,18374.4846,183.744846,1.83744846
600637.SH,600637,东方明珠,20140528,31.95,32.1,31.12,32.03,32.0,0.03,0.09,96177.0,304539.293,30453.9293,304.539293,3.04539293
600637.SH,600637,东方明珠,20141124,35.19,35.19,35.19,35.19,31.99,3.2,10.0,2290.01,8058.545,805.8545,8.058545,0.08058545
600637.SH,600637,东方明珠,20141125,38.71,38.71,38.71,38.71,35.19,3.52,10.0,9079.03,35144.925,3514.4925000000003,35.144925,0.35144925
600637.SH,600637,东方明珠,20141126,41.0,42.5,39.84,41.91,38.71,3.2,8.27,848570.84,3497921.372,349792.1372,3497.921372,34.97921372
600637.SH,600637,东方明珠,20141127,41.0,41.46,40.0,40.28,41.91,-1.63,-3.89,410436.4,1664994.463,166499.4463,1664.994463,16.64994463
600637.SH,600637,东方明珠,20141128,40.2,42.63,39.3,40.51,40.28,0.23,0.57,400458.78,1641438.553,164143.8553,1641.438553,16.41438553
600637.SH,600637,东方明珠,20141201,40.2,40.95,38.88,39.08,40.51,-1.43,-3.53,302083.29,1198282.956,119828.2956,1198.282956,11.98282956
600637.SH,600637,东方明珠,20141202,39.25,39.75,38.78,39.29,39.08,0.21,0.54,281819.25,1104463.246,110446.3246,1104.463246,11.04463246
600637.SH,600637,东方明珠,20141203,39.31,40.3,38.61,39.81,39.29,0.52,1.32,346841.26,1370474.067,137047.4067,1370.474067,13.70474067
600637.SH,600637,东方明珠,20141204,39.99,40.47,39.7,39.95,39.81,0.14,0.35,263495.62,1053126.833,105312.6833,1053.126833,10.53126833
600637.SH,600637,东方明珠,20141205,40.0,40.0,38.11,38.37,39.95,-1.58,-3.95,255967.31,996356.287,99635.6287,996.356287,9.96356287
600637.SH,600637,东方明珠,20141208,38.15,39.5,38.1,38.59,38.37,0.22,0.57,212330.59,822440.939,82244.0939,822.4409390000001,8.22440939
600637.SH,600637,东方明珠,20141209,38.3,40.5,38.11,38.26,38.59,-0.33,-0.86,393888.74,1549824.17,154982.417,1549.82417,15.4982417
600637.SH,600637,东方明珠,20141210,38.45,40.77,38.45,40.5,38.26,2.24,5.85,388919.47,1543212.955,154321.2955,1543.212955,15.43212955
600637.SH,600637,东方明珠,20141211,40.61,41.43,39.61,39.98,40.5,-0.52,-1.28,271951.68,1100266.615,110026.6615,1100.266615,11.00266615
600637.SH,600637,东方明珠,20141212,40.04,40.49,39.55,39.92,39.98,-0.06,-0.15,142549.58,570420.435,57042.04350000001,570.4204350000001,5.704204350000001
600637.SH,600637,东方明珠,20141215,39.99,41.2,39.99,40.79,39.92,0.87,2.18,217931.21,886983.475,88698.3475,886.983475,8.86983475
600637.SH,600637,东方明珠,20141216,40.9,41.0,40.09,40.18,40.79,-0.61,-1.5,161528.38,652906.352,65290.6352,652.906352,6.529063519999999
600637.SH,600637,东方明珠,20141217,39.99,40.05,38.97,39.08,40.18,-1.1,-2.74,194942.52,766411.238,76641.1238,766.411238,7.664112380000001
600637.SH,600637,东方明珠,20141218,39.15,39.59,39.01,39.21,39.08,0.13,0.33,115282.85,452377.473,45237.7473,452.377473,4.52377473
600637.SH,600637,东方明珠,20141219,39.21,39.96,39.0,39.34,39.21,0.13,0.33,147249.65,580317.65,58031.765,580.31765,5.803176499999999
600637.SH,600637,东方明珠,20141222,39.38,39.56,37.26,37.47,39.34,-1.87,-4.75,170747.15,650413.124,65041.3124,650.4131239999999,6.50413124
600637.SH,600637,东方明珠,20141223,37.47,38.2,37.21,37.38,37.47,-0.09,-0.24,101182.83,380655.09,38065.509000000005,380.65509,3.8065509
600637.SH,600637,东方明珠,20141224,37.58,37.94,37.25,37.57,37.38,0.19,0.51,97824.79,366869.92,36686.992,366.86992,3.6686992
600637.SH,600637,东方明珠,20141225,37.9,38.2,37.5,37.81,37.57,0.24,0.64,122591.56,462559.399,46255.9399,462.559399,4.62559399
600637.SH,600637,东方明珠,20141226,37.96,39.0,37.6,38.98,37.81,1.17,3.09,162307.96,620766.582,62076.658200000005,620.7665820000001,6.207665820000001
600637.SH,600637,东方明珠,20141229,40.65,40.94,39.1,39.35,38.98,0.37,0.95,217451.61,865873.008,86587.3008,865.873008,8.65873008
600637.SH,600637,东方明珠,20141230,39.35,39.72,37.39,37.68,39.35,-1.67,-4.24,177316.41,680378.238,68037.8238,680.378238,6.80378238
600637.SH,600637,东方明珠,20141231,37.8,38.23,37.28,37.88,37.68,0.2,0.53,103073.33,387750.139,38775.013900000005,387.7501390000001,3.87750139
600637.SH,600637,东方明珠,20150105,37.7,38.0,37.29,37.31,37.88,-0.57,-1.5,153692.87,578999.156,57899.91559999999,578.999156,5.78999156
600637.SH,600637,东方明珠,20150106,37.25,37.37,36.36,37.02,37.31,-0.29,-0.78,188954.71,697027.721,69702.7721,697.027721,6.970277210000001
600637.SH,600637,东方明珠,20150107,37.02,37.57,36.88,37.05,37.02,0.03,0.08,117175.87,434960.18,43496.018,434.96018,4.349601799999999
600637.SH,600637,东方明珠,20150108,37.0,37.24,36.58,36.63,37.05,-0.42,-1.13,85093.13,312974.366,31297.4366,312.974366,3.12974366
600637.SH,600637,东方明珠,20150109,36.65,37.0,36.36,36.4,36.63,-0.23,-0.63,99192.65,364463.242,36446.3242,364.463242,3.64463242
600637.SH,600637,东方明珠,20150112,36.49,37.25,36.18,37.07,36.4,0.67,1.84,113498.07,414965.365,41496.5365,414.965365,4.14965365
600637.SH,600637,东方明珠,20150113,37.03,37.37,36.8,37.15,37.07,0.08,0.22,86148.3,320111.04,32011.104,320.11104,3.2011104
600637.SH,600637,东方明珠,20150114,37.14,37.19,36.42,36.58,37.15,-0.57,-1.53,69225.76,254418.905,25441.8905,254.418905,2.5441890500000004
600637.SH,600637,东方明珠,20150115,36.69,37.1,36.52,36.89,36.58,0.31,0.85,67088.8,247171.419,24717.1419,247.171419,2.47171419
600637.SH,600637,东方明珠,20150116,37.12,39.38,36.99,38.63,36.89,1.74,4.72,207653.01,796137.498,79613.7498,796.137498,7.96137498
600637.SH,600637,东方明珠,20150119,37.4,39.24,36.81,37.32,38.63,-1.31,-3.39,166252.57,632766.949,63276.6949,632.7669490000001,6.327669490000001
600637.SH,600637,东方明珠,20150120,38.0,38.33,37.51,38.17,37.32,0.85,2.28,149545.11,567851.361,56785.1361,567.851361,5.67851361
600637.SH,600637,东方明珠,20150121,38.55,39.5,38.54,39.41,38.17,1.24,3.25,230168.82,899977.313,89997.7313,899.977313,8.99977313
600637.SH,600637,东方明珠,20150122,39.98,40.97,39.52,39.67,39.41,0.26,0.66,290802.55,1169599.583,116959.9583,1169.5995830000002,11.69599583
600637.SH,600637,东方明珠,20150123,39.92,40.08,38.82,39.02,39.67,-0.65,-1.64,164270.69,645692.805,64569.28050000001,645.6928050000001,6.456928050000001
600637.SH,600637,东方明珠,20150126,39.12,40.93,39.1,40.74,39.02,1.72,4.41,268789.5,1083101.527,108310.1527,1083.101527,10.83101527
600637.SH,600637,东方明珠,20150127,41.1,42.13,40.65,41.2,40.74,0.46,1.13,250433.55,1034329.173,103432.9173,1034.329173,10.34329173
600637.SH,600637,东方明珠,20150128,41.2,41.93,40.52,40.77,41.2,-0.43,-1.04,198211.48,817997.059,81799.7059,817.997059,8.17997059
600637.SH,600637,东方明珠,20150129,40.5,40.99,40.01,40.05,40.77,-0.72,-1.77,108298.64,437058.981,43705.898100000006,437.0589810000001,4.370589810000001
600637.SH,600637,东方明珠,20150130,40.5,40.69,39.71,39.72,40.05,-0.33,-0.82,91761.95,367652.12,36765.212,367.65212,3.6765212
600637.SH,600637,东方明珠,20150202,39.4,39.77,39.26,39.37,39.72,-0.35,-0.88,80929.82,319381.316,31938.1316,319.381316,3.1938131600000004
600637.SH,600637,东方明珠,20150203,39.73,40.2,39.33,39.85,39.37,0.48,1.22,96139.26,381571.619,38157.1619,381.571619,3.81571619
600637.SH,600637,东方明珠,20150204,39.95,39.95,38.75,38.79,39.85,-1.06,-2.66,151553.05,594118.891,59411.88909999999,594.118891,5.941188909999999
600637.SH,600637,东方明珠,20150205,38.76,40.29,38.59,39.17,38.79,0.38,0.98,220831.73,870081.433,87008.1433,870.081433,8.70081433
600637.SH,600637,东方明珠,20150206,39.18,40.0,39.01,39.37,39.17,0.2,0.51,131290.31,517025.254,51702.5254,517.025254,5.17025254
600637.SH,600637,东方明珠,20150209,39.49,39.93,39.25,39.3,39.37,-0.07,-0.18,89986.71,356185.749,35618.5749,356.185749,3.56185749
600637.SH,600637,东方明珠,20150210,39.32,39.75,39.1,39.47,39.3,0.17,0.43,79666.24,314014.154,31401.4154,314.014154,3.14014154
600637.SH,600637,东方明珠,20150211,39.51,40.92,39.48,40.06,39.47,0.59,1.49,192482.11,775206.074,77520.60740000001,775.2060740000001,7.752060740000001
600637.SH,600637,东方明珠,20150212,40.27,40.44,39.49,40.05,40.06,-0.01,-0.03,158091.13,630793.945,63079.3945,630.7939449999999,6.307939449999999
600637.SH,600637,东方明珠,20150213,40.2,40.78,39.88,40.62,40.05,0.57,1.42,185090.86,748062.993,74806.2993,748.062993,7.48062993
600637.SH,600637,东方明珠,20150216,40.9,44.6,40.72,43.69,40.62,3.07,7.56,423272.78,1805579.478,180557.9478,1805.579478,18.05579478
600637.SH,600637,东方明珠,20150217,43.5,43.8,42.69,43.03,43.69,-0.66,-1.51,230343.57,994362.13,99436.213,994.36213,9.9436213
600637.SH,600637,东方明珠,20150225,43.22,43.29,41.3,41.48,43.03,-1.55,-3.6,187139.52,790302.66,79030.266,790.3026600000001,7.9030266
600637.SH,600637,东方明珠,20150226,41.52,42.38,41.47,42.19,41.48,0.71,1.71,129508.24,543059.319,54305.9319,543.0593190000001,5.430593190000001
600637.SH,600637,东方明珠,20150227,42.17,42.78,41.76,42.33,42.19,0.14,0.33,142434.59,602328.001,60232.80010000001,602.3280010000001,6.023280010000001
600637.SH,600637,东方明珠,20150302,42.34,42.38,41.55,42.14,42.33,-0.19,-0.45,193918.25,811233.185,81123.31850000001,811.233185,8.11233185
600637.SH,600637,东方明珠,20150303,42.04,42.47,41.21,41.25,42.14,-0.89,-2.11,171989.55,720379.294,72037.9294,720.379294,7.20379294
600637.SH,600637,东方明珠,20150304,41.75,43.33,41.54,43.3,41.25,2.05,4.97,306419.27,1296363.962,129636.3962,1296.363962,12.963639620000002
600637.SH,600637,东方明珠,20150305,43.1,43.11,42.22,42.59,43.3,-0.71,-1.64,151656.96,646276.861,64627.686100000006,646.276861,6.46276861
600637.SH,600637,东方明珠,20150306,42.8,43.16,42.43,42.48,42.59,-0.11,-0.26,118098.88,504707.904,50470.7904,504.707904,5.04707904
600637.SH,600637,东方明珠,20150309,43.4,43.4,42.69,43.2,42.48,0.72,1.69,159032.83,684144.598,68414.4598,684.144598,6.84144598
600637.SH,600637,东方明珠,20150310,43.3,44.14,42.93,43.51,43.2,0.31,0.72,174061.39,759656.392,75965.6392,759.6563920000001,7.596563920000001
600637.SH,600637,东方明珠,20150311,43.58,43.58,42.68,42.92,43.51,-0.59,-1.36,145347.29,627141.675,62714.1675,627.1416750000001,6.271416750000001
600637.SH,600637,东方明珠,20150312,43.1,43.38,42.33,42.72,42.92,-0.2,-0.47,114911.92,492913.262,49291.3262,492.913262,4.92913262
600637.SH,600637,东方明珠,20150313,42.88,43.0,42.45,42.8,42.72,0.08,0.19,101051.2,431437.434,43143.7434,431.437434,4.31437434
600637.SH,600637,东方明珠,20150316,43.06,44.35,43.06,43.97,42.8,1.17,2.73,201955.03,883241.779,88324.1779,883.241779,8.83241779
600637.SH,600637,东方明珠,20150317,44.2,45.18,43.98,44.52,43.97,0.55,1.25,217834.04,971084.132,97108.4132,971.084132,9.71084132
600637.SH,600637,东方明珠,20150318,44.9,48.65,44.6,48.56,44.52,4.04,9.07,337903.86,1598152.202,159815.2202,1598.1522020000002,15.981522020000002
600637.SH,600637,东方明珠,20150319,48.3,48.3,47.1,47.6,48.56,-0.96,-1.98,195798.08,933497.129,93349.7129,933.497129,9.33497129
600637.SH,600637,东方明珠,20150320,47.47,49.8,47.19,48.29,47.6,0.69,1.45,256539.9,1243141.022,124314.1022,1243.141022,12.43141022
600637.SH,600637,东方明珠,20150323,49.0,50.09,48.73,49.1,48.29,0.81,1.68,235675.93,1159924.03,115992.403,1159.92403,11.599240300000002
600637.SH,600637,东方明珠,20150324,49.15,50.45,48.4,50.26,49.1,1.16,2.36,289667.26,1434895.82,143489.582,1434.89582,14.3489582
600637.SH,600637,东方明珠,20150325,50.5,50.5,49.37,49.87,50.26,-0.39,-0.78,194124.86,968785.301,96878.5301,968.785301,9.68785301
600637.SH,600637,东方明珠,20150407,54.0,54.0,50.81,50.96,49.87,1.09,2.19,395861.01,2061367.54,206136.754,2061.36754,20.6136754
600637.SH,600637,东方明珠,20150408,51.29,51.29,48.4,49.34,50.96,-1.62,-3.18,346300.63,1724255.608,172425.5608,1724.2556080000002,17.24255608
600637.SH,600637,东方明珠,20150409,49.35,49.38,47.0,47.62,49.34,-1.72,-3.49,286524.82,1370321.026,137032.1026,1370.321026,13.70321026
600637.SH,600637,东方明珠,20150410,47.41,49.65,47.41,49.13,47.62,1.51,3.17,228828.4,1112008.056,111200.8056,1112.008056,11.120080560000002
600637.SH,600637,东方明珠,20150413,49.16,49.43,48.26,49.08,49.13,-0.05,-0.1,203055.32,991431.777,99143.1777,991.431777,9.91431777
600637.SH,600637,东方明珠,20150414,49.3,50.8,48.73,48.8,48.97,-0.17,-0.35,210236.03,1041614.769,104161.4769,1041.614769,10.41614769
600637.SH,600637,东方明珠,20150415,48.76,48.76,46.5,46.61,48.8,-2.19,-4.49,183795.34,872703.935,87270.3935,872.703935,8.72703935
600637.SH,600637,东方明珠,20150416,46.7,50.19,46.68,49.56,46.61,2.95,6.33,271639.69,1331431.292,133143.1292,1331.431292,13.31431292
600637.SH,600637,东方明珠,20150417,50.28,50.97,49.59,50.4,49.56,0.84,1.69,235871.23,1187279.051,118727.9051,1187.279051,11.87279051
600637.SH,600637,东方明珠,20150420,50.16,55.44,49.16,55.44,50.4,5.04,10.0,354832.05,1898052.509,189805.2509,1898.052509,18.98052509
600637.SH,600637,东方明珠,20150421,58.85,60.98,57.5,58.03,55.44,2.59,4.67,591678.52,3536693.398,353669.3398,3536.6933980000003,35.366933980000006
600637.SH,600637,东方明珠,20150422,58.1,63.83,57.8,63.83,58.03,5.8,9.99,466281.52,2855639.733,285563.9733,2855.639733,28.55639733
600637.SH,600637,东方明珠,20150423,70.2,70.21,67.83,70.21,63.83,6.38,10.0,319889.58,2244777.516,224477.7516,2244.777516,22.447775160000003
600637.SH,600637,东方明珠,20150424,77.23,77.23,68.48,77.23,70.21,7.02,10.0,1168798.55,8805905.092,880590.5092,8805.905091999999,88.05905091999999
600637.SH,600637,东方明珠,20150427,78.0,78.0,72.5,72.54,77.23,-4.69,-6.07,622549.24,4651773.299,465177.3299,4651.773299,46.51773298999999
600637.SH,600637,东方明珠,20150428,71.89,71.9,65.44,65.76,72.54,-6.78,-9.35,614340.16,4144376.562,414437.6562,4144.376562,41.44376561999999
600637.SH,600637,东方明珠,20150429,66.5,71.62,66.49,70.73,65.76,4.97,7.56,545831.94,3819022.607,381902.2607,3819.022607,38.19022607
600637.SH,600637,东方明珠,20150505,67.0,69.2,63.66,63.66,70.73,-7.07,-10.0,425046.51,2763336.726,276333.6726,2763.336726,27.63336726
600637.SH,600637,东方明珠,20150506,64.5,65.48,61.34,63.59,63.66,-0.07,-0.11,315525.64,2004376.429,200437.6429,2004.376429,20.04376429
600637.SH,600637,东方明珠,20150507,63.0,64.47,62.02,62.69,63.59,-0.9,-1.42,184444.99,1169017.481,116901.7481,1169.017481,11.690174809999998
600637.SH,600637,东方明珠,20150508,63.84,64.36,61.8,63.12,62.69,0.43,0.69,201604.6,1271707.462,127170.7462,1271.707462,12.71707462
600637.SH,600637,东方明珠,20150511,63.0,66.8,62.61,66.25,63.12,3.13,4.96,303049.78,1955986.923,195598.6923,1955.986923,19.55986923
600637.SH,600637,东方明珠,20150512,66.0,67.95,65.66,66.92,66.25,0.67,1.01,291947.6,1951156.632,195115.6632,1951.156632,19.51156632
600637.SH,600637,东方明珠,20150513,66.92,69.2,65.0,67.36,66.92,0.44,0.66,356993.14,2390178.823,239017.8823,2390.178823,23.90178823
600637.SH,600637,东方明珠,20150514,66.8,67.25,65.03,65.07,67.36,-2.29,-3.4,224285.24,1480280.34,148028.034,1480.2803400000005,14.802803400000002
600637.SH,600637,东方明珠,20150515,65.1,65.89,63.2,64.15,65.07,-0.92,-1.41,196527.25,1262404.522,126240.4522,1262.404522,12.62404522
600637.SH,600637,东方明珠,20150518,65.1,67.9,65.1,67.35,64.15,3.2,4.99,248920.59,1665827.776,166582.7776,1665.827776,16.65827776
600637.SH,600637,东方明珠,20150519,68.0,68.8,66.33,68.32,67.35,0.97,1.44,216266.89,1467970.163,146797.0163,1467.970163,14.67970163
600637.SH,600637,东方明珠,20150520,68.51,70.36,68.37,68.88,68.32,0.56,0.82,253478.92,1757607.403,175760.7403,1757.607403,17.57607403
600637.SH,600637,东方明珠,20150521,69.1,70.65,68.12,70.58,68.88,1.7,2.47,242303.46,1679667.655,167966.7655,1679.6676550000002,16.79667655
600637.SH,600637,东方明珠,20150522,71.5,71.97,69.5,70.65,70.58,0.07,0.1,219690.82,1547003.513,154700.3513,1547.003513,15.47003513
600637.SH,600637,东方明珠,20150525,70.6,73.2,69.61,72.9,70.65,2.25,3.18,260835.29,1863366.594,186336.6594,1863.366594,18.63366594
600637.SH,600637,东方明珠,20150526,72.88,75.76,72.14,75.28,72.9,2.38,3.26,278141.87,2056548.622,205654.8622,2056.5486220000003,20.565486220000004
600637.SH,600637,东方明珠,20150527,75.12,75.67,73.18,74.4,75.28,-0.88,-1.17,215044.57,1596828.403,159682.84029999998,1596.8284029999998,15.968284029999998
600637.SH,600637,东方明珠,20150528,73.25,73.99,66.96,66.96,74.4,-7.44,-10.0,320269.26,2273289.755,227328.9755,2273.289755,22.73289755
600637.SH,600637,东方明珠,20150529,66.66,69.56,63.61,66.48,66.96,-0.48,-0.72,297347.41,1986802.15,198680.215,1986.80215,19.8680215
600637.SH,600637,东方明珠,20150601,66.64,70.24,66.64,70.1,66.48,3.62,5.45,260994.68,1796096.438,179609.64380000002,1796.0964380000005,17.960964380000004
600637.SH,600637,东方明珠,20150602,71.29,77.11,70.28,77.11,70.1,7.01,10.0,407039.22,3023331.649,302333.16490000003,3023.331649,30.233316490000004
600637.SH,600637,东方明珠,20150603,74.6,76.0,69.4,71.54,77.11,-5.57,-7.22,774153.91,5584205.591,558420.5591,5584.205591,55.84205591
600637.SH,600637,东方明珠,20150604,71.58,71.98,64.39,67.09,71.54,-4.45,-6.22,651569.3,4382314.404,438231.4404,4382.314404000001,43.82314404000001
600637.SH,600637,东方明珠,20150605,68.0,69.15,64.8,65.93,67.09,-1.16,-1.73,626974.01,4203379.897,420337.9897,4203.379897,42.03379897
600637.SH,600637,东方明珠,20150608,65.99,66.58,63.3,65.06,65.93,-0.87,-1.32,512920.36,3312050.607,331205.0607,3312.050607,33.12050607
600637.SH,600637,东方明珠,20150609,65.0,67.0,64.28,66.3,65.06,1.24,1.91,419658.89,2777067.141,277706.7141,2777.067141,27.77067141
600637.SH,600637,东方明珠,20150610,66.34,71.17,66.34,69.93,66.3,3.63,5.48,634620.78,4377128.378,437712.8378,4377.128377999999,43.77128378
600637.SH,600637,东方明珠,20150611,69.51,69.9,67.18,67.88,69.93,-2.05,-2.93,492520.11,3353212.062,335321.2062,3353.212062,33.53212062
600637.SH,600637,东方明珠,20150619,61.09,63.8,61.09,61.09,67.88,-6.79,-10.0,287119.07,1770978.425,177097.8425,1770.978425,17.70978425
600637.SH,600637,东方明珠,20150623,56.03,57.39,54.98,54.98,61.09,-6.11,-10.0,355841.79,1964837.619,196483.7619,1964.837619,19.64837619
600637.SH,600637,东方明珠,20150624,56.1,56.8,53.49,54.68,54.98,-0.3,-0.55,541486.39,2972876.309,297287.6309,2972.876309,29.72876309
600637.SH,600637,东方明珠,20150625,54.9,55.18,49.23,49.8,54.68,-4.88,-8.92,730858.69,3777722.359,377772.2359,3777.722359,37.777223590000006
600637.SH,600637,东方明珠,20150626,47.12,47.13,44.82,44.82,49.8,-4.98,-10.0,544031.97,2475691.766,247569.1766,2475.691766,24.75691766
600637.SH,600637,东方明珠,20150629,44.15,44.8,40.34,40.34,44.82,-4.48,-10.0,720128.08,2970449.99,297044.999,2970.44999,29.7044999
600637.SH,600637,东方明珠,20150630,38.0,42.84,36.39,42.08,40.34,1.74,4.31,864997.47,3420219.207,342021.9207,3420.219207,34.20219207
600637.SH,600637,东方明珠,20150701,41.36,43.35,37.87,37.87,42.08,-4.21,-10.0,709079.54,2924965.799,292496.5799,2924.965799,29.24965799
600637.SH,600637,东方明珠,20150702,37.88,38.61,34.89,35.63,37.87,-2.24,-5.92,682809.95,2503771.081,250377.1081,2503.771081,25.03771081
600637.SH,600637,东方明珠,20150703,35.13,36.95,32.61,33.24,35.63,-2.39,-6.71,690543.46,2408951.101,240895.1101,2408.951101,24.08951101
600637.SH,600637,东方明珠,20150706,36.56,36.56,33.33,35.6,33.24,2.36,7.1,1004368.76,3549502.953,354950.2953,3549.502953,35.495029530000004
600637.SH,600637,东方明珠,20150707,34.0,35.3,32.04,32.93,35.6,-2.67,-7.5,858454.3,2830664.569,283066.4569,2830.664569,28.30664569
600637.SH,600637,东方明珠,20150708,29.64,31.68,29.64,29.64,32.93,-3.29,-9.99,1128926.24,3400626.055,340062.6055,3400.626055,34.00626055
600637.SH,600637,东方明珠,20150709,29.64,32.6,28.0,32.6,29.64,2.96,9.99,711067.65,2209103.798,220910.3798,2209.103798,22.09103798
600637.SH,600637,东方明珠,20150710,33.1,35.86,32.78,35.86,32.6,3.26,10.0,482993.98,1711325.162,171132.5162,1711.325162,17.11325162
600637.SH,600637,东方明珠,20150713,37.5,39.45,36.21,39.45,35.86,3.59,10.01,756828.37,2906324.959,290632.4959,2906.324959,29.063249589999995
600637.SH,600637,东方明珠,20150714,39.03,42.5,38.02,39.09,39.45,-0.36,-0.91,862401.82,3464301.958,346430.1958,3464.301958,34.64301958
600637.SH,600637,东方明珠,20150715,38.15,38.5,35.18,35.72,39.09,-3.37,-8.62,624897.07,2271238.229,227123.8229,2271.238229,22.71238229
600637.SH,600637,东方明珠,20150716,35.72,38.05,34.0,37.16,35.72,1.44,4.03,441598.38,1617762.836,161776.2836,1617.762836,16.17762836
600637.SH,600637,东方明珠,20150717,37.57,39.96,37.21,39.24,37.16,2.08,5.6,422923.04,1633691.596,163369.15959999998,1633.691596,16.33691596
600637.SH,600637,东方明珠,20150720,39.19,40.17,38.11,38.88,39.24,-0.36,-0.92,517027.18,2023224.797,202322.4797,2023.224797,20.23224797
600637.SH,600637,东方明珠,20150721,38.0,39.28,37.58,38.48,38.88,-0.4,-1.03,411857.31,1580165.334,158016.5334,1580.1653340000005,15.801653340000003
600637.SH,600637,东方明珠,20150722,38.5,39.34,37.88,39.07,38.48,0.59,1.53,437261.15,1691719.315,169171.9315,1691.719315,16.91719315
600637.SH,600637,东方明珠,20150723,40.28,42.98,40.28,42.98,39.07,3.91,10.01,522948.76,2181210.738,218121.0738,2181.210738,21.81210738
600637.SH,600637,东方明珠,20150724,44.93,45.0,40.85,41.5,42.98,-1.48,-3.44,918662.75,3986441.402,398644.1402,3986.441402,39.86441402
600637.SH,600637,东方明珠,20150727,40.0,42.7,37.35,37.35,41.5,-4.15,-10.0,647021.66,2599793.915,259979.3915,2599.793915,25.99793915
600637.SH,600637,东方明珠,20150728,36.0,37.47,33.69,35.47,37.35,-1.88,-5.03,581699.9,2072541.082,207254.1082,2072.541082,20.72541082
600637.SH,600637,东方明珠,20150729,36.14,38.0,35.28,37.97,35.47,2.5,7.05,442284.09,1605231.927,160523.1927,1605.2319269999998,16.052319269999998
600637.SH,600637,东方明珠,20150730,37.41,38.35,35.81,36.25,37.97,-1.72,-4.53,402348.59,1512651.487,151265.1487,1512.651487,15.12651487
600637.SH,600637,东方明珠,20150731,35.8,36.32,34.85,35.8,36.25,-0.45,-1.24,351596.75,1251769.426,125176.9426,1251.7694259999998,12.51769426
600637.SH,600637,东方明珠,20150803,35.01,35.6,33.71,35.1,35.8,-0.7,-1.96,321782.85,1114251.133,111425.1133,1114.251133,11.14251133
600637.SH,600637,东方明珠,20150804,35.33,37.5,35.29,37.38,35.1,2.28,6.5,305758.62,1116245.323,111624.5323,1116.245323,11.16245323
600637.SH,600637,东方明珠,20150805,37.21,37.73,35.85,36.28,37.38,-1.1,-2.94,274299.17,1010677.492,101067.7492,1010.677492,10.10677492
600637.SH,600637,东方明珠,20150806,35.67,36.8,35.22,36.04,36.28,-0.24,-0.66,173499.39,626081.332,62608.1332,626.0813320000001,6.2608133200000005
600637.SH,600637,东方明珠,20150807,36.58,37.87,36.58,37.61,36.04,1.57,4.36,287418.43,1074221.658,107422.1658,1074.221658,10.74221658
600637.SH,600637,东方明珠,20150810,37.93,40.23,37.93,39.94,37.61,2.33,6.2,404938.04,1597695.54,159769.554,1597.69554,15.9769554
600637.SH,600637,东方明珠,20150811,39.97,40.55,39.1,39.52,39.94,-0.42,-1.05,369079.26,1470590.399,147059.0399,1470.590399,14.70590399
600637.SH,600637,东方明珠,20150812,39.5,42.18,39.16,40.38,39.52,0.86,2.18,481047.54,1953322.055,195332.2055,1953.322055,19.53322055
600637.SH,600637,东方明珠,20150813,40.68,42.8,40.05,42.39,40.38,2.01,4.98,554328.37,2316914.696,231691.4696,2316.9146960000003,23.169146960000003
600637.SH,600637,东方明珠,20150814,43.1,43.89,41.39,42.1,42.39,-0.29,-0.68,481260.58,2054712.585,205471.2585,2054.712585,20.54712585
600637.SH,600637,东方明珠,20150817,41.88,42.7,41.19,42.16,42.1,0.06,0.14,382807.74,1604612.329,160461.2329,1604.612329,16.04612329
600637.SH,600637,东方明珠,20150818,42.2,42.29,37.94,37.94,42.16,-4.22,-10.01,479532.6,1905606.218,190560.6218,1905.606218,19.05606218
600637.SH,600637,东方明珠,20150819,36.05,38.53,34.5,37.79,37.94,-0.15,-0.4,427412.76,1557567.682,155756.7682,1557.567682,15.575676819999998
600637.SH,600637,东方明珠,20150820,36.9,38.1,35.78,35.88,37.79,-1.91,-5.05,299570.02,1105502.309,110550.2309,1105.502309,11.05502309
600637.SH,600637,东方明珠,20150821,35.05,36.0,33.33,33.68,35.88,-2.2,-6.13,299771.35,1038751.371,103875.1371,1038.751371,10.38751371
600637.SH,600637,东方明珠,20150824,32.3,32.3,30.31,30.31,33.68,-3.37,-10.01,401046.21,1224340.016,122434.0016,1224.340016,12.24340016
600637.SH,600637,东方明珠,20150825,27.58,29.28,27.28,27.28,30.31,-3.03,-10.0,412012.24,1159426.347,115942.6347,1159.426347,11.59426347
600637.SH,600637,东方明珠,20150826,27.59,28.65,24.9,25.02,27.28,-2.26,-8.28,574064.77,1543860.725,154386.0725,1543.860725,15.43860725
600637.SH,600637,东方明珠,20150827,26.11,27.52,25.5,27.52,25.02,2.5,9.99,524300.14,1382245.235,138224.5235,1382.245235,13.82245235
600637.SH,600637,东方明珠,20150828,28.6,29.94,27.99,29.86,27.52,2.34,8.5,478230.67,1386423.407,138642.3407,1386.423407,13.86423407
600637.SH,600637,东方明珠,20150831,29.1,29.6,28.12,29.55,29.86,-0.31,-1.04,428044.33,1237898.743,123789.8743,1237.898743,12.37898743
600637.SH,600637,东方明珠,20150901,29.01,29.2,27.0,28.56,29.55,-0.99,-3.35,391493.74,1102667.724,110266.7724,1102.667724,11.02667724
600637.SH,600637,东方明珠,20150902,27.16,30.49,27.03,29.96,28.56,1.4,4.9,583881.92,1710121.659,171012.1659,1710.121659,17.10121659
600637.SH,600637,东方明珠,20150907,30.63,31.88,29.88,30.06,29.96,0.1,0.33,357552.4,1102633.173,110263.3173,1102.633173,11.02633173
600637.SH,600637,东方明珠,20150908,29.71,33.07,28.89,32.7,30.06,2.64,8.78,413644.9,1286422.5,128642.25,1286.4225,12.864225
600637.SH,600637,东方明珠,20150909,33.04,33.9,31.52,32.43,32.7,-0.27,-0.83,517936.26,1703718.333,170371.8333,1703.718333,17.03718333
600637.SH,600637,东方明珠,20150910,31.65,32.25,31.39,31.86,32.43,-0.57,-1.76,224595.44,714217.729,71421.77290000001,714.2177290000001,7.142177290000001
600637.SH,600637,东方明珠,20150911,31.66,33.66,31.56,33.56,31.86,1.7,5.34,323875.75,1053817.8,105381.78,1053.8178,10.538178
600637.SH,600637,东方明珠,20150914,33.4,33.45,30.2,33.11,33.56,-0.45,-1.34,620455.04,1991829.163,199182.9163,1991.829163,19.91829163
600637.SH,600637,东方明珠,20150915,32.01,32.35,29.8,31.2,33.11,-1.91,-5.77,262609.71,818750.87,81875.087,818.75087,8.1875087
600637.SH,600637,东方明珠,20150916,30.95,33.9,30.53,33.14,31.2,1.94,6.22,328094.99,1056990.319,105699.0319,1056.9903189999998,10.569903189999998
600637.SH,600637,东方明珠,20150917,32.95,33.59,31.28,31.36,33.14,-1.78,-5.37,310375.48,1012923.352,101292.3352,1012.923352,10.12923352
600637.SH,600637,东方明珠,20150918,31.6,31.98,30.8,31.3,31.36,-0.06,-0.19,185240.95,580463.859,58046.38590000001,580.4638590000001,5.804638590000001
600637.SH,600637,东方明珠,20150921,30.86,32.93,30.85,32.4,31.3,1.1,3.51,180739.45,581643.437,58164.343700000005,581.6434370000001,5.8164343700000005
600637.SH,600637,东方明珠,20150922,32.3,32.94,32.02,32.3,32.4,-0.1,-0.31,160138.16,520395.075,52039.5075,520.395075,5.203950750000001
600637.SH,600637,东方明珠,20150923,31.7,32.45,31.5,31.79,32.3,-0.51,-1.58,142728.57,456192.552,45619.2552,456.192552,4.56192552
600637.SH,600637,东方明珠,20150924,32.49,33.3,32.2,32.91,31.79,1.12,3.52,232389.11,761534.218,76153.4218,761.534218,7.61534218
600637.SH,600637,东方明珠,20150925,32.78,33.45,31.68,32.2,32.91,-0.71,-2.16,208995.14,683787.866,68378.7866,683.7878660000001,6.837878660000001
600637.SH,600637,东方明珠,20150928,32.41,32.47,31.0,32.16,32.2,-0.04,-0.12,94998.36,303173.267,30317.3267,303.17326699999995,3.03173267
600637.SH,600637,东方明珠,20150929,31.6,31.99,31.1,31.17,32.16,-0.99,-3.08,86405.61,272206.648,27220.6648,272.206648,2.72206648
600637.SH,600637,东方明珠,20150930,31.4,31.88,30.91,31.03,31.17,-0.14,-0.45,78180.65,244378.979,24437.8979,244.378979,2.44378979
600637.SH,600637,东方明珠,20151008,31.99,32.55,31.4,31.7,31.03,0.67,2.16,247832.51,791453.2,79145.31999999999,791.4531999999999,7.914531999999999
600637.SH,600637,东方明珠,20151009,31.7,32.43,31.53,32.12,31.7,0.42,1.32,140377.75,450464.652,45046.4652,450.464652,4.50464652
600637.SH,600637,东方明珠,20151012,32.4,33.88,32.0,33.28,32.12,1.16,3.61,284771.83,947553.576,94755.3576,947.553576,9.47553576
600637.SH,600637,东方明珠,20151013,33.0,34.18,32.89,33.77,33.28,0.49,1.47,217729.72,733186.277,73318.6277,733.186277,7.33186277
600637.SH,600637,东方明珠,20151014,33.79,34.29,33.09,33.18,33.77,-0.59,-1.75,195783.94,659840.712,65984.0712,659.840712,6.598407120000001
600637.SH,600637,东方明珠,20151015,33.13,34.58,33.11,34.53,33.18,1.35,4.07,250004.62,850445.589,85044.5589,850.445589,8.504455890000001
600637.SH,600637,东方明珠,20151016,34.8,36.95,34.35,36.52,34.53,1.99,5.76,446435.13,1586725.763,158672.57630000002,1586.725763,15.86725763
600637.SH,600637,东方明珠,20151019,36.65,38.04,35.5,35.9,36.52,-0.62,-1.7,344289.78,1259983.968,125998.39680000002,1259.9839680000002,12.599839680000002
600637.SH,600637,东方明珠,20151020,35.9,36.54,35.6,36.31,35.9,0.41,1.14,194359.51,701516.947,70151.69470000001,701.5169470000001,7.015169470000001
600637.SH,600637,东方明珠,20151021,36.27,37.05,33.23,35.54,36.31,-0.77,-2.12,425339.87,1505216.227,150521.6227,1505.216227,15.052162270000002
600637.SH,600637,东方明珠,20151022,35.15,36.35,34.58,36.04,35.54,0.5,1.41,220395.66,784440.271,78444.02709999999,784.4402709999999,7.84440271
600637.SH,600637,东方明珠,20151023,36.17,37.5,35.63,36.84,36.04,0.8,2.22,304709.1,1114412.153,111441.2153,1114.412153,11.14412153
600637.SH,600637,东方明珠,20151026,37.1,37.18,35.3,35.72,36.84,-1.12,-3.04,318807.99,1149594.215,114959.4215,1149.594215,11.49594215
600637.SH,600637,东方明珠,20151027,35.5,35.8,34.58,35.36,35.72,-0.36,-1.01,165999.99,585040.506,58504.0506,585.040506,5.850405060000001
600637.SH,600637,东方明珠,20151028,35.38,35.92,34.51,34.54,35.36,-0.82,-2.32,156015.68,549688.849,54968.884900000005,549.688849,5.49688849
600637.SH,600637,东方明珠,20151029,34.8,35.08,34.09,34.32,34.54,-0.22,-0.64,153697.6,529910.687,52991.0687,529.910687,5.29910687
600637.SH,600637,东方明珠,20151030,34.32,35.58,34.21,34.71,34.32,0.39,1.14,162081.73,565183.865,56518.3865,565.183865,5.651838649999999
600637.SH,600637,东方明珠,20151102,34.49,35.97,34.4,34.93,34.71,0.22,0.63,222893.48,789615.309,78961.5309,789.615309,7.89615309
600637.SH,600637,东方明珠,20151103,35.0,35.33,34.36,34.87,34.93,-0.06,-0.17,134191.54,466852.225,46685.2225,466.852225,4.66852225
600637.SH,600637,东方明珠,20151104,34.91,36.3,34.91,36.27,34.87,1.4,4.01,297148.6,1061563.206,106156.3206,1061.563206,10.61563206
600637.SH,600637,东方明珠,20151105,36.25,37.28,35.65,35.93,36.27,-0.34,-0.94,487640.56,1777181.319,177718.13189999998,1777.1813189999998,17.77181319
600637.SH,600637,东方明珠,20151106,36.47,36.98,36.31,36.93,35.93,1.0,2.78,337241.06,1236500.101,123650.0101,1236.500101,12.36500101
600637.SH,600637,东方明珠,20151109,36.7,37.81,36.41,37.09,36.93,0.16,0.43,426122.27,1584719.475,158471.9475,1584.719475,15.847194750000002
600637.SH,600637,东方明珠,20151110,37.0,38.17,36.81,37.2,37.09,0.11,0.3,348962.25,1310622.445,131062.2445,1310.622445,13.10622445
600637.SH,600637,东方明珠,20151111,37.26,37.41,36.42,36.87,37.2,-0.33,-0.89,268303.61,986404.257,98640.4257,986.404257,9.86404257
600637.SH,600637,东方明珠,20151112,36.9,37.19,36.16,36.38,36.87,-0.49,-1.33,228004.46,832986.873,83298.6873,832.9868730000001,8.329868730000001
600637.SH,600637,东方明珠,20151113,37.5,38.39,37.22,37.29,36.38,0.91,2.5,664119.64,2510729.31,251072.931,2510.72931,25.107293100000003
600637.SH,600637,东方明珠,20151116,36.18,36.9,35.8,36.86,37.29,-0.43,-1.15,287695.05,1044121.797,104412.1797,1044.121797,10.44121797
600637.SH,600637,东方明珠,20151117,37.02,37.4,36.5,36.58,36.86,-0.28,-0.76,306464.67,1135776.242,113577.6242,1135.776242,11.357762420000002
600637.SH,600637,东方明珠,20151118,36.63,36.83,35.71,35.92,36.58,-0.66,-1.8,203918.3,740920.341,74092.0341,740.920341,7.40920341
600637.SH,600637,东方明珠,20151119,36.24,36.42,35.79,36.4,35.92,0.48,1.34,144763.39,522703.23,52270.323,522.70323,5.227032299999999
600637.SH,600637,东方明珠,20151120,36.6,37.75,36.48,37.14,36.4,0.74,2.03,320779.15,1195152.521,119515.2521,1195.152521,11.95152521
600637.SH,600637,东方明珠,20151123,37.25,38.18,36.8,37.51,37.14,0.37,1.0,329691.2,1241470.593,124147.0593,1241.470593,12.41470593
600637.SH,600637,东方明珠,20151124,37.58,37.6,36.47,36.95,37.51,-0.56,-1.49,211407.65,779077.762,77907.7762,779.0777619999999,7.790777619999999
600637.SH,600637,东方明珠,20151125,36.8,37.4,36.56,37.37,36.95,0.42,1.14,232387.43,859740.468,85974.0468,859.740468,8.59740468
600637.SH,600637,东方明珠,20151126,37.55,39.65,37.55,37.95,37.37,0.58,1.55,537897.3,2073344.672,207334.4672,2073.344672,20.733446720000003
600637.SH,600637,东方明珠,20151127,37.48,38.09,34.46,35.01,37.95,-2.94,-7.75,343129.37,1253592.803,125359.2803,1253.5928030000002,12.535928030000004
600637.SH,600637,东方明珠,20151130,35.2,35.38,32.5,34.41,35.01,-0.6,-1.71,257522.74,884020.19,88402.019,884.02019,8.8402019
600637.SH,600637,东方明珠,20151201,34.16,34.89,34.0,34.44,34.41,0.03,0.09,159483.04,550948.625,55094.8625,550.948625,5.50948625
600637.SH,600637,东方明珠,20151202,34.6,35.33,34.0,35.01,34.44,0.57,1.66,168890.24,589209.21,58920.921,589.20921,5.8920921
600637.SH,600637,东方明珠,20151203,35.05,35.53,34.85,35.46,35.01,0.45,1.29,146609.99,516547.942,51654.7942,516.5479419999999,5.16547942
600637.SH,600637,东方明珠,20151204,35.4,35.46,34.71,34.96,35.46,-0.5,-1.41,160325.31,562547.487,56254.7487,562.5474869999999,5.62547487
600637.SH,600637,东方明珠,20151207,35.39,36.15,35.0,35.65,34.96,0.69,1.97,201465.5,717822.357,71782.23569999999,717.8223569999999,7.178223569999999
600637.SH,600637,东方明珠,20151208,35.4,35.49,34.21,34.5,35.65,-1.15,-3.23,160755.32,558430.469,55843.0469,558.430469,5.58430469
600637.SH,600637,东方明珠,20151209,35.48,36.87,35.3,35.41,34.5,0.91,2.64,326662.74,1173941.915,117394.1915,1173.941915,11.739419150000002
600637.SH,600637,东方明珠,20151210,35.0,36.3,34.88,35.5,35.41,0.09,0.25,222238.87,791155.098,79115.5098,791.155098,7.911550979999999
600637.SH,600637,东方明珠,20151211,35.43,37.68,35.21,37.3,35.5,1.8,5.07,485378.19,1797349.367,179734.93670000002,1797.3493670000005,17.973493670000003
600637.SH,600637,东方明珠,20151214,36.63,37.44,36.38,37.42,37.3,0.12,0.32,274295.49,1011911.141,101191.1141,1011.911141,10.11911141
600637.SH,600637,东方明珠,20151215,37.48,38.17,36.8,37.22,37.42,-0.2,-0.53,231529.61,865332.709,86533.2709,865.332709,8.65332709
600637.SH,600637,东方明珠,20151216,37.23,37.9,36.82,36.94,37.22,-0.28,-0.75,184274.19,688063.556,68806.3556,688.063556,6.880635559999999
600637.SH,600637,东方明珠,20151217,37.44,37.79,36.95,37.26,36.94,0.32,0.87,513473.9,1911764.309,191176.4309,1911.764309,19.11764309
600637.SH,600637,东方明珠,20151218,37.1,37.65,36.77,37.1,37.26,-0.16,-0.43,256163.41,951463.101,95146.3101,951.463101,9.51463101
600637.SH,600637,东方明珠,20151221,37.6,39.47,37.59,38.92,37.1,1.82,4.91,554323.5,2146864.501,214686.4501,2146.864501,21.46864501
600637.SH,600637,东方明珠,20151222,38.95,39.0,38.09,38.7,38.92,-0.22,-0.57,295520.51,1137674.914,113767.4914,1137.6749140000002,11.37674914
600637.SH,600637,东方明珠,20151223,38.76,39.38,38.18,38.31,38.7,-0.39,-1.01,264597.76,1027225.816,102722.5816,1027.225816,10.272258160000002
600637.SH,600637,东方明珠,20151224,38.32,39.04,37.9,39.01,38.31,0.7,1.83,204621.04,786542.41,78654.24100000001,786.5424100000001,7.865424100000001
600637.SH,600637,东方明珠,20151225,40.0,40.5,39.0,39.25,39.01,0.24,0.62,263770.79,1045751.891,104575.1891,1045.751891,10.45751891
600637.SH,600637,东方明珠,20151228,39.28,39.4,37.63,37.7,39.25,-1.55,-3.95,263986.2,1016926.174,101692.6174,1016.926174,10.16926174
600637.SH,600637,东方明珠,20151229,37.61,38.07,37.42,38.0,37.7,0.3,0.8,119161.72,450037.02,45003.702000000005,450.03702,4.500370200000001
600637.SH,600637,东方明珠,20151230,38.0,38.19,37.67,38.03,38.0,0.03,0.08,109330.41,414734.403,41473.4403,414.734403,4.14734403
600637.SH,600637,东方明珠,20151231,38.04,38.25,37.73,37.89,38.03,-0.14,-0.37,113149.66,429781.649,42978.1649,429.781649,4.29781649
600637.SH,600637,东方明珠,20160104,38.0,38.08,34.3,34.5,37.89,-3.39,-8.95,141720.43,514560.443,51456.0443,514.560443,5.14560443
600637.SH,600637,东方明珠,20160105,33.32,35.63,33.28,34.75,34.5,0.25,0.72,211479.54,729100.44,72910.044,729.1004399999999,7.291004399999999
600637.SH,600637,东方明珠,20160106,35.05,35.28,34.0,34.97,34.75,0.22,0.63,153937.12,533982.487,53398.2487,533.982487,5.33982487
600637.SH,600637,东方明珠,20160107,34.2,34.3,31.47,31.49,34.97,-3.48,-9.95,58358.41,190667.281,19066.7281,190.667281,1.90667281
600637.SH,600637,东方明珠,20160108,32.5,32.88,30.33,31.6,31.49,0.11,0.35,218672.87,695243.856,69524.38560000001,695.243856,6.952438560000001
600637.SH,600637,东方明珠,20160111,30.96,31.06,28.87,29.02,31.6,-2.58,-8.16,247767.63,748631.066,74863.1066,748.631066,7.48631066
600637.SH,600637,东方明珠,20160112,29.2,29.58,28.51,28.76,29.02,-0.26,-0.9,151381.98,439989.027,43998.9027,439.989027,4.399890269999999
600637.SH,600637,东方明珠,20160113,29.38,29.79,27.81,27.93,28.76,-0.83,-2.89,193833.33,560924.013,56092.401300000005,560.9240130000001,5.609240130000001
600637.SH,600637,东方明珠,20160114,26.9,28.71,26.68,28.51,27.93,0.58,2.08,189819.71,525959.2,52595.92,525.9592,5.2595920000000005
600637.SH,600637,东方明珠,20160115,28.45,28.5,26.91,27.17,28.51,-1.34,-4.7,161436.35,446238.059,44623.8059,446.238059,4.46238059
600637.SH,600637,东方明珠,20160118,26.5,28.08,26.5,27.64,27.17,0.47,1.73,137791.41,378964.423,37896.4423,378.964423,3.78964423
600637.SH,600637,东方明珠,20160119,27.74,28.72,27.55,28.65,27.64,1.01,3.65,154493.43,436926.643,43692.6643,436.926643,4.36926643
600637.SH,600637,东方明珠,20160120,28.47,28.8,27.76,28.0,28.65,-0.65,-2.27,166247.45,470209.877,47020.9877,470.209877,4.70209877
600637.SH,600637,东方明珠,20160121,27.61,28.18,26.8,26.87,28.0,-1.13,-4.04,152566.62,419038.919,41903.8919,419.038919,4.19038919
600637.SH,600637,东方明珠,20160122,27.25,27.71,26.68,27.5,26.87,0.63,2.34,110162.59,299979.344,29997.9344,299.979344,2.9997934399999995
600637.SH,600637,东方明珠,20160125,27.8,28.16,27.48,27.7,27.5,0.2,0.73,110685.68,308526.186,30852.6186,308.526186,3.08526186
600637.SH,600637,东方明珠,20160126,27.39,27.43,25.1,25.47,27.7,-2.23,-8.05,164589.55,435142.944,43514.2944,435.142944,4.35142944
600637.SH,600637,东方明珠,20160127,25.65,26.4,24.5,26.13,25.47,0.66,2.59,196020.97,500497.061,50049.7061,500.497061,5.00497061
600637.SH,600637,东方明珠,20160128,25.7,26.36,24.68,24.75,26.13,-1.38,-5.28,130882.52,335045.559,33504.5559,335.045559,3.35045559
600637.SH,600637,东方明珠,20160129,24.88,25.95,24.84,25.69,24.75,0.94,3.8,126255.73,321870.227,32187.0227,321.870227,3.21870227
600637.SH,600637,东方明珠,20160201,25.68,26.33,25.45,25.73,25.69,0.04,0.16,108349.25,280790.517,28079.0517,280.790517,2.80790517
600637.SH,600637,东方明珠,20160202,25.8,26.74,25.8,26.6,25.73,0.87,3.38,121604.2,321101.631,32110.1631,321.101631,3.21101631
600637.SH,600637,东方明珠,20160203,26.2,27.41,26.11,27.39,26.6,0.79,2.97,144688.59,386310.588,38631.0588,386.310588,3.86310588
600637.SH,600637,东方明珠,20160204,27.4,27.95,27.01,27.4,27.39,0.01,0.04,176967.18,486052.031,48605.2031,486.052031,4.86052031
600637.SH,600637,东方明珠,20160205,27.46,27.86,27.14,27.49,27.4,0.09,0.33,139772.25,384883.087,38488.3087,384.883087,3.84883087
600637.SH,600637,东方明珠,20160215,26.58,27.39,26.42,27.17,27.49,-0.32,-1.16,82603.68,222488.47,22248.847,222.48847,2.2248847
600637.SH,600637,东方明珠,20160216,27.4,28.18,27.19,28.02,27.17,0.85,3.13,138215.66,385170.956,38517.0956,385.170956,3.85170956
600637.SH,600637,东方明珠,20160217,27.84,28.5,27.84,28.24,28.02,0.22,0.79,154382.52,434671.87,43467.187,434.67187,4.346718699999999
600637.SH,600637,东方明珠,20160218,28.47,28.5,28.01,28.04,28.24,-0.2,-0.71,112681.15,318054.988,31805.4988,318.05498800000004,3.1805498800000005
600637.SH,600637,东方明珠,20160219,27.99,28.1,27.58,27.92,28.04,-0.12,-0.43,95694.05,266445.695,26644.5695,266.445695,2.66445695
600637.SH,600637,东方明珠,20160222,28.33,28.52,28.0,28.48,27.92,0.56,2.01,126675.13,358546.926,35854.692599999995,358.5469259999999,3.585469259999999
600637.SH,600637,东方明珠,20160223,28.47,28.62,27.73,27.97,28.48,-0.51,-1.79,105974.16,298694.757,29869.4757,298.694757,2.98694757
600637.SH,600637,东方明珠,20160224,27.78,28.3,27.25,28.23,27.97,0.26,0.93,133733.72,371233.311,37123.3311,371.233311,3.71233311
600637.SH,600637,东方明珠,20160225,27.99,28.05,25.41,25.41,28.23,-2.82,-9.99,195689.37,522846.578,52284.6578,522.846578,5.2284657800000005
600637.SH,600637,东方明珠,20160226,25.62,26.0,25.12,25.66,25.41,0.25,0.98,137524.89,352852.434,35285.2434,352.852434,3.52852434
600637.SH,600637,东方明珠,20160229,25.65,25.66,23.81,24.62,25.66,-1.04,-4.05,175493.01,428541.621,42854.1621,428.541621,4.28541621
600637.SH,600637,东方明珠,20160301,24.6,24.97,24.03,24.78,24.62,0.16,0.65,130985.85,320968.969,32096.8969,320.968969,3.2096896900000003
600637.SH,600637,东方明珠,20160302,24.82,25.87,24.7,25.83,24.78,1.05,4.24,184778.11,467660.811,46766.0811,467.660811,4.67660811
600637.SH,600637,东方明珠,20160303,25.81,26.23,25.7,26.01,25.83,0.18,0.7,179264.95,464958.335,46495.8335,464.958335,4.64958335
600637.SH,600637,东方明珠,20160304,25.82,27.08,25.45,27.03,26.01,1.02,3.92,317277.66,830496.537,83049.6537,830.496537,8.30496537
600637.SH,600637,东方明珠,20160307,26.89,27.38,26.76,26.92,27.03,-0.11,-0.41,146345.8,395349.04,39534.904,395.34904,3.9534903999999993
600637.SH,600637,东方明珠,20160308,26.81,27.28,25.68,27.21,26.92,0.29,1.08,133821.54,351769.603,35176.9603,351.769603,3.51769603
600637.SH,600637,东方明珠,20160309,26.5,27.34,26.1,27.29,27.21,0.08,0.29,153229.51,409782.21,40978.221000000005,409.7822100000001,4.097822100000001
600637.SH,600637,东方明珠,20160310,27.0,27.2,26.4,26.43,27.29,-0.86,-3.15,97895.64,262230.468,26223.0468,262.230468,2.62230468
600637.SH,600637,东方明珠,20160311,26.2,26.48,25.84,26.46,26.43,0.03,0.11,92657.55,242660.138,24266.0138,242.660138,2.42660138
600637.SH,600637,东方明珠,20160314,26.6,27.41,26.57,27.32,26.46,0.86,3.25,159579.21,432794.543,43279.4543,432.794543,4.32794543
600637.SH,600637,东方明珠,20160315,27.2,27.32,26.74,27.12,27.32,-0.2,-0.73,109093.03,295075.102,29507.5102,295.075102,2.95075102
600637.SH,600637,东方明珠,20160316,27.13,28.11,26.99,28.04,27.12,0.92,3.39,305240.49,845496.138,84549.6138,845.4961380000001,8.45496138
600637.SH,600637,东方明珠,20160317,27.9,28.47,27.66,28.33,28.04,0.29,1.03,182237.6,512245.357,51224.5357,512.245357,5.12245357
600637.SH,600637,东方明珠,20160318,28.35,29.1,28.18,28.8,28.33,0.47,1.66,223660.53,641190.08,64119.008,641.19008,6.4119008
600637.SH,600637,东方明珠,20160321,29.08,29.94,28.69,29.11,28.8,0.31,1.08,234282.53,687767.249,68776.7249,687.767249,6.87767249
600637.SH,600637,东方明珠,20160322,28.88,29.66,28.71,29.02,29.11,-0.09,-0.31,177303.19,519120.38,51912.038,519.12038,5.191203799999999
600637.SH,600637,东方明珠,20160323,28.91,29.2,28.68,29.02,29.02,0.0,0.0,132716.18,383590.916,38359.0916,383.590916,3.83590916
600637.SH,600637,东方明珠,20160324,28.85,29.16,28.46,28.58,29.02,-0.44,-1.52,117908.59,339909.289,33990.9289,339.909289,3.39909289
600637.SH,600637,东方明珠,20160325,28.6,30.01,28.6,29.99,28.58,1.41,4.93,198534.82,582842.584,58284.258400000006,582.8425840000001,5.828425840000001
600637.SH,600637,东方明珠,20160328,30.52,30.77,29.03,29.36,29.99,-0.63,-2.1,172834.51,516158.972,51615.8972,516.158972,5.161589719999999
600637.SH,600637,东方明珠,20160329,29.13,29.35,28.0,28.15,29.36,-1.21,-4.12,116562.14,332614.534,33261.4534,332.614534,3.32614534
600637.SH,600637,东方明珠,20160330,28.39,28.95,28.38,28.87,28.15,0.72,2.56,88758.41,254745.616,25474.5616,254.745616,2.5474561600000003
600637.SH,600637,东方明珠,20160331,28.98,28.99,28.57,28.65,28.87,-0.22,-0.76,101908.4,293037.491,29303.7491,293.037491,2.93037491
600637.SH,600637,东方明珠,20160401,28.9,29.31,28.31,29.29,28.65,0.64,2.23,154511.21,445943.255,44594.3255,445.943255,4.45943255
600637.SH,600637,东方明珠,20160405,29.0,29.59,28.82,29.48,29.29,0.19,0.65,138403.48,405982.344,40598.2344,405.982344,4.05982344
600637.SH,600637,东方明珠,20160406,29.38,29.47,28.88,29.1,29.48,-0.38,-1.29,117028.79,341308.874,34130.8874,341.308874,3.41308874
600637.SH,600637,东方明珠,20160407,29.2,29.22,28.51,28.63,29.1,-0.47,-1.62,101263.95,291572.164,29157.2164,291.572164,2.91572164
600637.SH,600637,东方明珠,20160408,28.35,28.53,28.08,28.32,28.63,-0.31,-1.08,70617.59,200091.068,20009.1068,200.091068,2.00091068
600637.SH,600637,东方明珠,20160411,28.51,28.93,28.35,28.71,28.32,0.39,1.38,82648.28,237451.463,23745.1463,237.451463,2.37451463
600637.SH,600637,东方明珠,20160412,28.6,28.75,28.32,28.4,28.71,-0.31,-1.08,59910.17,170438.611,17043.861100000002,170.438611,1.7043861100000002
600637.SH,600637,东方明珠,20160413,28.51,29.15,28.51,28.82,28.4,0.42,1.48,137228.64,396777.995,39677.7995,396.777995,3.96777995
600637.SH,600637,东方明珠,20160414,29.04,29.07,28.72,28.91,28.82,0.09,0.31,77082.69,222655.102,22265.5102,222.655102,2.22655102
600637.SH,600637,东方明珠,20160415,28.91,28.98,28.55,28.66,28.91,-0.25,-0.86,86686.72,248750.446,24875.0446,248.750446,2.4875044600000003
600637.SH,600637,东方明珠,20160418,28.54,28.54,27.96,27.97,28.66,-0.69,-2.41,91743.13,258191.96,25819.196,258.19196,2.5819196
600637.SH,600637,东方明珠,20160419,28.14,28.27,27.95,28.05,27.97,0.08,0.29,64189.8,180340.58,18034.058,180.34058,1.8034057999999995
600637.SH,600637,东方明珠,20160420,28.16,28.24,26.13,27.23,28.05,-0.82,-2.92,162837.01,440055.766,44005.5766,440.055766,4.4005576600000005
600637.SH,600637,东方明珠,20160421,26.8,27.19,26.68,26.7,27.23,-0.53,-1.95,65047.57,175258.503,17525.8503,175.258503,1.75258503
600637.SH,600637,东方明珠,20160422,26.6,26.96,26.41,26.92,26.7,0.22,0.82,46143.72,123517.756,12351.7756,123.517756,1.23517756
600637.SH,600637,东方明珠,20160425,26.78,26.91,26.33,26.64,26.92,-0.28,-1.04,58069.88,154760.618,15476.0618,154.760618,1.5476061799999998
600637.SH,600637,东方明珠,20160426,26.53,26.88,26.42,26.75,26.64,0.11,0.41,72632.02,193287.623,19328.7623,193.287623,1.93287623
600637.SH,600637,东方明珠,20160427,26.48,26.54,26.15,26.27,26.75,-0.48,-1.79,118223.25,310988.042,31098.8042,310.988042,3.10988042
600637.SH,600637,东方明珠,20160428,26.23,26.35,25.46,25.76,26.27,-0.51,-1.94,106565.76,275678.437,27567.8437,275.678437,2.75678437
600637.SH,600637,东方明珠,20160429,25.76,25.85,25.59,25.65,25.76,-0.11,-0.43,67822.59,174392.839,17439.283900000002,174.392839,1.74392839
600637.SH,600637,东方明珠,20160503,25.77,26.36,25.51,26.32,25.65,0.67,2.61,104436.72,272536.435,27253.6435,272.536435,2.72536435
600637.SH,600637,东方明珠,20160504,26.3,26.72,26.2,26.45,26.32,0.13,0.49,96076.18,254334.228,25433.4228,254.334228,2.54334228
600637.SH,600637,东方明珠,20160505,26.4,26.61,26.26,26.52,26.45,0.07,0.26,72362.82,191336.091,19133.6091,191.336091,1.91336091
600637.SH,600637,东方明珠,20160506,26.69,27.35,26.25,26.26,26.52,-0.26,-0.98,165626.08,443305.908,44330.5908,443.305908,4.43305908
600637.SH,600637,东方明珠,20160509,25.9,25.9,25.1,25.29,26.26,-0.97,-3.69,111678.98,283801.417,28380.1417,283.801417,2.83801417
600637.SH,600637,东方明珠,20160510,25.33,25.4,24.91,25.06,25.29,-0.23,-0.91,53303.2,133893.686,13389.368599999998,133.89368599999997,1.3389368599999998
600637.SH,600637,东方明珠,20160511,25.25,25.29,24.85,25.02,25.06,-0.04,-0.16,55767.58,139865.606,13986.5606,139.865606,1.3986560600000002
600637.SH,600637,东方明珠,20160512,24.82,24.84,24.38,24.65,25.02,-0.37,-1.48,70802.65,174170.699,17417.0699,174.17069899999998,1.74170699
600637.SH,600637,东方明珠,20160513,24.6,24.89,24.42,24.53,24.65,-0.12,-0.49,67733.38,166790.425,16679.0425,166.790425,1.66790425
600637.SH,600637,东方明珠,20160516,24.41,24.7,24.35,24.63,24.53,0.1,0.41,64525.8,158118.857,15811.8857,158.118857,1.58118857
600637.SH,600637,东方明珠,20160517,24.69,24.76,24.32,24.45,24.63,-0.18,-0.73,81073.76,198835.959,19883.5959,198.835959,1.98835959
600637.SH,600637,东方明珠,20160518,24.32,24.6,23.9,24.26,24.45,-0.19,-0.78,106720.64,258845.661,25884.5661,258.845661,2.58845661
600637.SH,600637,东方明珠,20160519,24.25,25.09,24.12,24.91,24.26,0.65,2.68,142362.08,349507.09,34950.709,349.50709,3.4950709
600637.SH,600637,东方明珠,20160520,24.51,25.22,24.41,24.99,24.91,0.08,0.32,152141.49,379476.797,37947.6797,379.476797,3.794767970000001
600637.SH,600637,东方明珠,20160523,25.05,25.22,24.82,24.98,24.99,-0.01,-0.04,99168.33,248032.248,24803.2248,248.032248,2.48032248
600637.SH,600637,东方明珠,20160524,24.87,24.87,24.35,24.39,24.98,-0.59,-2.36,90199.83,220901.0,22090.1,220.901,2.20901
600637.SH,600637,东方明珠,20160525,24.5,24.65,24.3,24.38,24.39,-0.01,-0.04,56465.1,138093.39,13809.339000000002,138.09339000000003,1.3809339000000005
600637.SH,600637,东方明珠,20160526,24.45,24.55,23.75,24.08,24.38,-0.3,-1.23,88382.21,212290.898,21229.0898,212.290898,2.12290898
600637.SH,600637,东方明珠,20160527,24.06,24.27,23.96,24.1,24.08,0.02,0.08,54462.48,131517.978,13151.7978,131.517978,1.31517978
600637.SH,600637,东方明珠,20160530,24.03,24.24,23.76,23.98,24.1,-0.12,-0.5,72494.8,173987.919,17398.7919,173.987919,1.73987919
600637.SH,600637,东方明珠,20160531,24.07,25.17,24.05,25.02,23.98,1.04,4.34,147337.07,363736.496,36373.6496,363.736496,3.63736496
600637.SH,600637,东方明珠,20160603,25.98,26.19,25.44,25.52,25.02,0.5,2.0,174422.67,448598.532,44859.8532,448.598532,4.48598532
600637.SH,600637,东方明珠,20160606,25.64,26.33,25.5,25.75,25.52,0.23,0.9,120290.14,311207.864,31120.7864,311.20786400000003,3.1120786400000005
600637.SH,600637,东方明珠,20160607,25.77,25.83,25.28,25.65,25.75,-0.1,-0.39,92535.95,235849.561,23584.9561,235.849561,2.35849561
600637.SH,600637,东方明珠,20160608,25.59,25.59,25.29,25.39,25.65,-0.26,-1.01,69366.14,176348.602,17634.860200000003,176.34860200000003,1.7634860200000002
600637.SH,600637,东方明珠,20160613,25.02,25.14,23.86,23.88,25.39,-1.51,-5.95,197909.04,484643.156,48464.3156,484.643156,4.84643156
600637.SH,600637,东方明珠,20160614,23.95,24.0,23.35,23.51,23.88,-0.37,-1.55,162935.23,384417.9,38441.79,384.4179,3.844179000000001
600637.SH,600637,东方明珠,20160615,23.4,23.99,23.28,23.87,23.51,0.36,1.53,159451.93,379437.746,37943.7746,379.437746,3.7943774599999993
600637.SH,600637,东方明珠,20160616,23.95,23.98,23.39,23.44,23.87,-0.43,-1.8,126008.95,297723.835,29772.383500000004,297.723835,2.97723835
600637.SH,600637,东方明珠,20160617,23.45,23.86,23.45,23.54,23.44,0.1,0.43,94745.46,224233.142,22423.3142,224.233142,2.24233142
600637.SH,600637,东方明珠,20160620,23.59,23.98,23.23,23.85,23.54,0.31,1.32,107968.31,254940.373,25494.0373,254.940373,2.54940373
600637.SH,600637,东方明珠,20160621,24.04,24.06,23.47,23.57,23.85,-0.28,-1.17,100640.93,239409.749,23940.9749,239.409749,2.39409749
600637.SH,600637,东方明珠,20160622,23.5,23.74,23.41,23.71,23.57,0.14,0.59,65439.38,154386.393,15438.6393,154.386393,1.54386393
600637.SH,600637,东方明珠,20160623,23.7,23.79,23.44,23.56,23.71,-0.15,-0.63,74440.34,175632.141,17563.2141,175.63214100000002,1.7563214100000002
600637.SH,600637,东方明珠,20160624,23.57,23.67,22.6,23.04,23.56,-0.52,-2.21,133821.28,309737.076,30973.7076,309.737076,3.09737076
600637.SH,600637,东方明珠,20160627,22.8,23.47,22.8,23.39,23.04,0.35,1.52,83468.7,193975.768,19397.576800000003,193.975768,1.9397576800000005
600637.SH,600637,东方明珠,20160628,23.36,24.05,23.2,23.86,23.39,0.47,2.01,143894.83,339949.435,33994.9435,339.949435,3.39949435
600637.SH,600637,东方明珠,20160629,23.96,24.15,23.76,23.96,23.86,0.1,0.42,186052.44,445990.716,44599.0716,445.990716,4.45990716
600637.SH,600637,东方明珠,20160630,24.04,24.42,23.8,24.27,23.96,0.31,1.29,168832.46,408699.856,40869.9856,408.699856,4.0869985600000005
600637.SH,600637,东方明珠,20160701,24.23,24.27,23.88,24.0,24.27,-0.27,-1.11,92483.62,222158.546,22215.8546,222.158546,2.22158546
600637.SH,600637,东方明珠,20160704,23.83,24.5,23.83,24.35,24.0,0.35,1.46,160311.66,389074.948,38907.4948,389.074948,3.89074948
600637.SH,600637,东方明珠,20160705,24.37,24.45,24.18,24.32,24.35,-0.03,-0.12,146015.58,354663.85,35466.384999999995,354.66385,3.5466385
600637.SH,600637,东方明珠,20160706,24.23,24.51,24.22,24.39,24.32,0.07,0.29,107650.88,262379.571,26237.9571,262.379571,2.62379571
600637.SH,600637,东方明珠,20160707,24.46,24.5,24.0,24.16,24.39,-0.23,-0.94,116630.54,282538.355,28253.8355,282.538355,2.82538355
600637.SH,600637,东方明珠,20160708,24.15,24.34,24.08,24.13,24.16,-0.03,-0.12,83981.19,202925.92,20292.592,202.92592,2.0292592000000003
600637.SH,600637,东方明珠,20160711,24.18,24.41,24.02,24.07,24.13,-0.06,-0.25,92117.07,223135.01,22313.501,223.13501,2.2313501
600637.SH,600637,东方明珠,20160712,24.09,24.48,23.78,24.43,24.07,0.36,1.5,171398.09,413731.775,41373.177500000005,413.731775,4.13731775
600637.SH,600637,东方明珠,20160713,24.44,24.88,24.35,24.74,24.43,0.31,1.27,217767.07,536665.836,53666.5836,536.665836,5.36665836
600637.SH,600637,东方明珠,20160714,24.71,24.85,24.57,24.73,24.74,-0.01,-0.04,116396.35,287406.511,28740.6511,287.406511,2.87406511
600637.SH,600637,东方明珠,20160715,24.83,24.93,24.54,24.59,24.73,-0.14,-0.57,101231.24,249696.422,24969.6422,249.696422,2.49696422
600637.SH,600637,东方明珠,20160718,24.74,24.93,24.43,24.54,24.59,-0.05,-0.2,128454.7,317441.494,31744.1494,317.44149400000003,3.17441494
600637.SH,600637,东方明珠,20160719,24.49,24.58,24.22,24.4,24.54,-0.14,-0.57,91965.93,223997.541,22399.7541,223.997541,2.23997541
600637.SH,600637,东方明珠,20160720,24.44,25.17,24.34,25.13,24.4,0.73,2.99,267343.87,664870.419,66487.0419,664.870419,6.64870419
600637.SH,600637,东方明珠,20160721,24.95,25.1,24.77,24.86,25.13,-0.27,-1.07,153451.79,382478.568,38247.8568,382.478568,3.82478568
600637.SH,600637,东方明珠,20160722,24.84,24.98,24.57,24.61,24.86,-0.25,-1.01,112619.23,278916.07,27891.607,278.91607,2.7891607
600637.SH,600637,东方明珠,20160725,24.63,24.98,24.52,24.96,24.61,0.35,1.42,148036.2,367098.457,36709.8457,367.098457,3.67098457
600637.SH,600637,东方明珠,20160726,24.9,25.06,24.8,25.01,24.96,0.05,0.2,129816.05,323425.666,32342.5666,323.42566600000004,3.23425666
600637.SH,600637,东方明珠,20160727,24.89,24.89,23.52,23.94,24.78,-0.84,-3.39,214653.84,518400.025,51840.0025,518.400025,5.18400025
600637.SH,600637,东方明珠,20160728,23.8,23.9,23.26,23.59,23.94,-0.35,-1.46,135047.27,318987.977,31898.797700000003,318.987977,3.18987977
600637.SH,600637,东方明珠,20160729,23.63,23.69,23.25,23.35,23.59,-0.24,-1.02,68307.17,160002.77,16000.276999999998,160.00276999999997,1.6000276999999996
600637.SH,600637,东方明珠,20160801,23.27,23.4,22.94,23.03,23.35,-0.32,-1.37,73648.47,169995.005,16999.500500000002,169.99500500000002,1.6999500500000002
600637.SH,600637,东方明珠,20160802,23.05,23.33,23.03,23.32,23.03,0.29,1.26,53130.92,123402.868,12340.2868,123.402868,1.23402868
600637.SH,600637,东方明珠,20160803,23.3,23.49,23.17,23.46,23.32,0.14,0.6,59954.51,140192.277,14019.2277,140.192277,1.40192277
600637.SH,600637,东方明珠,20160804,23.45,23.47,23.11,23.36,23.46,-0.1,-0.43,63192.47,147132.928,14713.2928,147.13292800000002,1.4713292800000002
600637.SH,600637,东方明珠,20160805,23.36,23.55,23.26,23.3,23.36,-0.06,-0.26,68463.58,160072.031,16007.2031,160.07203099999998,1.6007203099999998
600637.SH,600637,东方明珠,20160808,23.29,23.55,23.1,23.53,23.3,0.23,0.99,61341.57,143402.057,14340.2057,143.402057,1.4340205700000002
600637.SH,600637,东方明珠,20160809,23.51,23.85,23.46,23.72,23.53,0.19,0.81,80840.79,191167.486,19116.7486,191.167486,1.91167486
600637.SH,600637,东方明珠,20160810,23.73,23.76,23.58,23.59,23.72,-0.13,-0.55,54584.01,129192.105,12919.2105,129.192105,1.29192105
600637.SH,600637,东方明珠,20160811,23.61,23.85,23.38,23.39,23.59,-0.2,-0.85,81757.04,192996.078,19299.6078,192.996078,1.92996078
600637.SH,600637,东方明珠,20160812,23.41,23.64,23.26,23.6,23.39,0.21,0.9,71194.93,166873.096,16687.3096,166.873096,1.66873096
600637.SH,600637,东方明珠,20160815,23.64,24.66,23.63,24.45,23.6,0.85,3.6,229635.16,555960.605,55596.0605,555.960605,5.55960605
600637.SH,600637,东方明珠,20160816,24.38,24.7,24.36,24.41,24.45,-0.04,-0.16,109712.8,269012.293,26901.2293,269.012293,2.69012293
600637.SH,600637,东方明珠,20160817,24.47,24.59,24.18,24.43,24.41,0.02,0.08,107340.87,261914.265,26191.4265,261.914265,2.61914265
600637.SH,600637,东方明珠,20160818,24.44,24.75,24.39,24.57,24.43,0.14,0.57,115804.84,284870.611,28487.0611,284.870611,2.84870611
600637.SH,600637,东方明珠,20160819,24.63,24.63,24.29,24.37,24.57,-0.2,-0.81,98561.82,240805.536,24080.5536,240.805536,2.40805536
600637.SH,600637,东方明珠,20160822,24.38,24.59,24.3,24.32,24.37,-0.05,-0.21,76125.86,185936.275,18593.6275,185.936275,1.85936275
600637.SH,600637,东方明珠,20160823,24.4,24.53,24.3,24.42,24.32,0.1,0.41,61745.07,150703.164,15070.3164,150.703164,1.50703164
600637.SH,600637,东方明珠,20160824,24.43,24.5,24.18,24.27,24.42,-0.15,-0.61,57363.6,139634.997,13963.4997,139.634997,1.39634997
600637.SH,600637,东方明珠,20160825,24.19,24.19,23.65,23.79,24.27,-0.48,-1.98,79681.17,189888.681,18988.8681,189.888681,1.89888681
600637.SH,600637,东方明珠,20160826,23.79,24.05,23.78,23.84,23.79,0.05,0.21,57698.57,137861.469,13786.146900000002,137.86146900000003,1.3786146900000005
600637.SH,600637,东方明珠,20160829,23.81,23.84,23.61,23.74,23.84,-0.1,-0.42,51627.79,122351.38,12235.138,122.35138,1.2235138
600637.SH,600637,东方明珠,20160830,23.78,24.14,23.75,23.84,23.74,0.1,0.42,69790.86,167125.62,16712.561999999998,167.12561999999997,1.6712561999999995
600637.SH,600637,东方明珠,20160831,24.0,25.51,24.0,25.24,23.84,1.4,5.87,444775.1,1111152.462,111115.2462,1111.152462,11.11152462
600637.SH,600637,东方明珠,20160901,25.12,26.12,25.02,25.64,25.24,0.4,1.58,386417.73,989376.856,98937.6856,989.376856,9.89376856
600637.SH,600637,东方明珠,20160902,25.5,25.96,25.29,25.71,25.64,0.07,0.27,194056.58,496354.727,49635.4727,496.354727,4.963547269999999
600637.SH,600637,东方明珠,20160905,25.75,25.81,25.31,25.45,25.71,-0.26,-1.01,124243.52,317175.645,31717.5645,317.17564500000003,3.17175645
600637.SH,600637,东方明珠,20160906,25.44,26.3,25.34,26.28,25.45,0.83,3.26,233875.76,603390.157,60339.0157,603.390157,6.03390157
600637.SH,600637,东方明珠,20160907,26.25,26.25,25.7,25.72,26.28,-0.56,-2.13,182385.31,473422.661,47342.2661,473.422661,4.73422661
600637.SH,600637,东方明珠,20160908,25.76,26.7,25.5,26.66,25.72,0.94,3.65,294667.93,772063.016,77206.30159999999,772.063016,7.72063016
600637.SH,600637,东方明珠,20160909,26.45,27.47,26.3,27.05,26.66,0.39,1.46,278528.84,752337.767,75233.7767,752.337767,7.523377669999999
600637.SH,600637,东方明珠,20160912,26.56,26.82,25.65,26.3,27.05,-0.75,-2.77,287107.02,751555.935,75155.5935,751.555935,7.51555935
600637.SH,600637,东方明珠,20160913,26.39,26.5,25.8,25.97,26.3,-0.33,-1.25,122962.48,319825.124,31982.5124,319.825124,3.1982512400000003
600637.SH,600637,东方明珠,20160914,25.73,25.87,25.35,25.47,25.97,-0.5,-1.93,107224.77,274253.851,27425.385100000003,274.25385100000005,2.7425385100000006
600637.SH,600637,东方明珠,20160919,25.67,25.83,25.41,25.68,25.47,0.21,0.82,128356.67,329123.123,32912.312300000005,329.1231230000001,3.2912312300000006
600637.SH,600637,东方明珠,20160920,25.81,26.4,25.37,25.5,25.68,-0.18,-0.7,138800.65,359232.393,35923.2393,359.232393,3.59232393
600637.SH,600637,东方明珠,20160921,25.5,25.58,25.24,25.3,25.5,-0.2,-0.78,85330.98,216506.845,21650.6845,216.506845,2.16506845
600637.SH,600637,东方明珠,20160922,25.5,25.77,25.4,25.6,25.3,0.3,1.19,98175.38,250986.642,25098.6642,250.986642,2.50986642
600637.SH,600637,东方明珠,20160923,25.63,25.83,25.27,25.51,25.6,-0.09,-0.35,99826.59,254913.167,25491.3167,254.913167,2.54913167
600637.SH,600637,东方明珠,20160926,25.39,25.46,24.81,24.85,25.51,-0.66,-2.59,84452.79,212993.407,21299.3407,212.993407,2.12993407
600637.SH,600637,东方明珠,20160927,24.82,25.0,24.54,24.93,24.85,0.08,0.32,80698.18,200017.097,20001.7097,200.017097,2.00017097
600637.SH,600637,东方明珠,20160928,24.92,24.92,24.58,24.72,24.93,-0.21,-0.84,46378.47,114777.611,11477.7611,114.777611,1.14777611
600637.SH,600637,东方明珠,20160929,24.78,24.86,24.64,24.65,24.72,-0.07,-0.28,69910.05,172830.668,17283.0668,172.830668,1.72830668
600637.SH,600637,东方明珠,20160930,24.59,24.89,24.59,24.7,24.65,0.05,0.2,59313.27,146903.574,14690.3574,146.903574,1.4690357399999998
600637.SH,600637,东方明珠,20161010,24.83,25.19,24.77,25.17,24.7,0.47,1.9,90003.08,225053.86,22505.386,225.05386,2.2505386
600637.SH,600637,东方明珠,20161011,25.18,25.26,25.03,25.22,25.17,0.05,0.2,73254.72,184022.236,18402.2236,184.022236,1.8402223600000005
600637.SH,600637,东方明珠,20161012,25.2,25.28,24.88,25.0,25.22,-0.22,-0.87,75568.01,189365.458,18936.5458,189.365458,1.89365458
600637.SH,600637,东方明珠,20161013,25.01,25.28,24.93,25.04,25.0,0.04,0.16,79559.0,199437.418,19943.7418,199.437418,1.99437418
600637.SH,600637,东方明珠,20161014,25.0,25.05,24.67,24.92,25.04,-0.12,-0.48,76824.99,190711.556,19071.1556,190.71155600000003,1.9071155600000005
600637.SH,600637,东方明珠,20161017,25.04,25.04,24.24,24.26,24.92,-0.66,-2.65,86247.62,212523.274,21252.3274,212.523274,2.12523274
600637.SH,600637,东方明珠,20161018,24.21,24.57,24.1,24.5,24.26,0.24,0.99,94015.98,228620.294,22862.0294,228.620294,2.28620294
600637.SH,600637,东方明珠,20161019,24.49,24.53,24.24,24.33,24.5,-0.17,-0.69,79017.64,192749.823,19274.9823,192.749823,1.92749823
600637.SH,600637,东方明珠,20161020,24.26,24.55,24.22,24.45,24.33,0.12,0.49,78706.63,191933.189,19193.3189,191.93318900000003,1.9193318900000005
600637.SH,600637,东方明珠,20161021,24.43,24.45,24.12,24.25,24.45,-0.2,-0.82,68752.31,167047.646,16704.764600000002,167.047646,1.6704764600000002
600637.SH,600637,东方明珠,20161024,24.23,24.63,24.23,24.51,24.25,0.26,1.07,92826.48,227387.094,22738.7094,227.387094,2.27387094
600637.SH,600637,东方明珠,20161025,24.59,24.78,24.49,24.55,24.51,0.04,0.16,73545.02,180953.38,18095.338,180.95338,1.8095338
600637.SH,600637,东方明珠,20161026,24.56,24.73,24.5,24.58,24.55,0.03,0.12,66597.66,163894.457,16389.4457,163.894457,1.6389445699999998
600637.SH,600637,东方明珠,20161027,24.63,24.66,24.35,24.41,24.58,-0.17,-0.69,63334.9,154705.067,15470.506700000002,154.705067,1.5470506700000002
600637.SH,600637,东方明珠,20161028,24.46,24.58,23.91,23.98,24.41,-0.43,-1.76,98102.24,237922.435,23792.2435,237.922435,2.37922435
600637.SH,600637,东方明珠,20161031,23.98,24.14,23.81,23.92,23.98,-0.06,-0.25,90108.37,215730.763,21573.0763,215.730763,2.15730763
600637.SH,600637,东方明珠,20161101,23.95,24.1,23.9,24.07,23.92,0.15,0.63,79407.35,190684.944,19068.4944,190.684944,1.90684944
600637.SH,600637,东方明珠,20161102,24.01,24.07,23.79,23.83,24.07,-0.24,-1.0,74664.35,178411.818,17841.1818,178.41181799999998,1.78411818
600637.SH,600637,东方明珠,20161103,23.83,24.06,23.73,23.91,23.83,0.08,0.34,84823.07,202870.876,20287.0876,202.870876,2.02870876
600637.SH,600637,东方明珠,20161104,23.9,24.06,23.86,23.91,23.91,0.0,0.0,57995.91,138877.181,13887.718100000002,138.877181,1.3887718100000002
600637.SH,600637,东方明珠,20161107,23.98,23.99,23.81,23.85,23.91,-0.06,-0.25,58485.7,139694.207,13969.4207,139.69420699999998,1.3969420699999997
600637.SH,600637,东方明珠,20161108,23.93,24.13,23.9,24.07,23.85,0.22,0.92,96990.42,232941.695,23294.1695,232.941695,2.32941695
600637.SH,600637,东方明珠,20161109,24.07,24.07,23.52,23.84,24.07,-0.23,-0.96,104709.71,249490.66,24949.066,249.49066,2.4949066
600637.SH,600637,东方明珠,20161110,24.05,24.2,24.01,24.15,23.84,0.31,1.3,88868.48,214156.916,21415.6916,214.156916,2.14156916
600637.SH,600637,东方明珠,20161111,24.2,24.32,24.01,24.31,24.15,0.16,0.66,110701.11,267740.051,26774.0051,267.740051,2.67740051
600637.SH,600637,东方明珠,20161114,24.28,24.48,24.18,24.39,24.31,0.08,0.33,90493.93,220481.411,22048.1411,220.481411,2.20481411
600637.SH,600637,东方明珠,20161115,24.37,24.39,24.11,24.28,24.39,-0.11,-0.45,92149.39,223305.354,22330.5354,223.305354,2.23305354
600637.SH,600637,东方明珠,20161116,24.31,24.45,24.25,24.35,24.28,0.07,0.29,86672.77,211037.867,21103.7867,211.037867,2.11037867
600637.SH,600637,东方明珠,20161117,24.29,24.32,24.04,24.15,24.35,-0.2,-0.82,83315.22,201172.487,20117.2487,201.172487,2.01172487
600637.SH,600637,东方明珠,20161118,24.15,24.34,24.08,24.09,24.15,-0.06,-0.25,66016.27,159542.086,15954.208600000002,159.542086,1.5954208600000002
600637.SH,600637,东方明珠,20161121,24.1,24.31,24.07,24.14,24.09,0.05,0.21,63474.66,153508.189,15350.818900000002,153.50818900000002,1.53508189
600637.SH,600637,东方明珠,20161122,24.15,24.62,24.15,24.61,24.14,0.47,1.95,135009.63,330167.462,33016.7462,330.167462,3.30167462
600637.SH,600637,东方明珠,20161123,24.7,24.76,24.35,24.36,24.61,-0.25,-1.02,100192.9,245760.112,24576.0112,245.760112,2.45760112
600637.SH,600637,东方明珠,20161124,24.41,24.55,24.34,24.39,24.36,0.03,0.12,79715.8,194713.578,19471.3578,194.713578,1.94713578
600637.SH,600637,东方明珠,20161125,24.37,24.49,24.05,24.38,24.39,-0.01,-0.04,85774.63,207892.422,20789.2422,207.892422,2.07892422
600637.SH,600637,东方明珠,20161128,24.39,24.75,24.39,24.57,24.38,0.19,0.78,121776.24,298843.441,29884.3441,298.843441,2.98843441
600637.SH,600637,东方明珠,20161129,24.5,24.88,24.37,24.82,24.57,0.25,1.02,189779.01,467998.334,46799.8334,467.998334,4.67998334
600637.SH,600637,东方明珠,20161130,24.96,25.28,24.65,24.77,24.82,-0.05,-0.2,221160.36,552814.404,55281.4404,552.814404,5.52814404
600637.SH,600637,东方明珠,20161201,24.95,25.08,24.55,24.77,24.77,0.0,0.0,145163.09,359983.295,35998.3295,359.983295,3.59983295
600637.SH,600637,东方明珠,20161202,24.65,24.75,24.16,24.27,24.77,-0.5,-2.02,160276.98,391122.546,39112.2546,391.122546,3.91122546
600637.SH,600637,东方明珠,20161205,24.1,24.4,23.99,24.32,24.27,0.05,0.21,78969.32,191169.48,19116.948,191.16948,1.9116948
600637.SH,600637,东方明珠,20161206,24.25,24.37,24.15,24.19,24.32,-0.13,-0.53,49089.9,118870.089,11887.0089,118.870089,1.18870089
600637.SH,600637,东方明珠,20161207,24.13,24.29,24.03,24.26,24.19,0.07,0.29,47952.94,115923.207,11592.3207,115.923207,1.15923207
600637.SH,600637,东方明珠,20161208,24.3,24.37,24.06,24.08,24.26,-0.18,-0.74,53116.81,128692.985,12869.2985,128.69298500000002,1.2869298500000002
600637.SH,600637,东方明珠,20161209,24.15,24.15,23.85,23.89,24.08,-0.19,-0.79,90763.5,217565.636,21756.5636,217.565636,2.17565636
600637.SH,600637,东方明珠,20161212,23.88,23.91,23.04,23.47,23.89,-0.42,-1.76,169218.88,396205.168,39620.5168,396.205168,3.96205168
600637.SH,600637,东方明珠,20161213,23.42,23.48,23.2,23.36,23.47,-0.11,-0.47,44528.72,103947.173,10394.7173,103.947173,1.03947173
600637.SH,600637,东方明珠,20161214,23.38,23.49,23.21,23.23,23.36,-0.13,-0.56,44377.53,103521.488,10352.1488,103.521488,1.0352148799999998
600637.SH,600637,东方明珠,20161215,23.12,23.43,23.12,23.24,23.23,0.01,0.04,42969.44,100095.467,10009.5467,100.095467,1.00095467
600637.SH,600637,东方明珠,20161216,23.18,23.42,23.18,23.35,23.24,0.11,0.47,29338.56,68446.927,6844.6927,68.446927,0.68446927
600637.SH,600637,东方明珠,20161219,23.38,23.51,23.18,23.48,23.35,0.13,0.56,43090.41,100594.258,10059.4258,100.594258,1.00594258
600637.SH,600637,东方明珠,20161220,23.47,23.48,23.15,23.27,23.48,-0.21,-0.89,54349.68,126543.242,12654.3242,126.543242,1.26543242
600637.SH,600637,东方明珠,20161221,23.28,23.39,23.27,23.33,23.27,0.06,0.26,41617.19,97036.264,9703.6264,97.036264,0.9703626399999998
600637.SH,600637,东方明珠,20161222,23.33,23.35,23.06,23.18,23.33,-0.15,-0.64,42970.11,99604.581,9960.4581,99.604581,0.99604581
600637.SH,600637,东方明珠,20161223,23.18,23.21,22.97,23.03,23.18,-0.15,-0.65,49056.1,113092.283,11309.2283,113.092283,1.13092283
600637.SH,600637,东方明珠,20161226,23.0,23.04,22.72,23.03,23.03,0.0,0.0,42000.03,96034.137,9603.4137,96.03413700000002,0.9603413700000002
600637.SH,600637,东方明珠,20161227,23.0,23.34,23.0,23.14,23.03,0.11,0.48,38502.12,89138.235,8913.8235,89.13823500000001,0.8913823500000001
600637.SH,600637,东方明珠,20161228,23.06,23.33,23.06,23.14,23.14,0.0,0.0,40879.6,94859.853,9485.9853,94.859853,0.94859853
600637.SH,600637,东方明珠,20161229,23.18,23.25,23.03,23.09,23.14,-0.05,-0.22,31685.52,73363.596,7336.359600000001,73.363596,0.73363596
600637.SH,600637,东方明珠,20161230,23.15,23.34,23.09,23.3,23.09,0.21,0.91,42150.23,97816.113,9781.6113,97.816113,0.97816113
600637.SH,600637,东方明珠,20170103,23.29,23.38,23.18,23.25,23.3,-0.05,-0.21,51840.31,120558.828,12055.8828,120.558828,1.20558828
600637.SH,600637,东方明珠,20170104,23.28,23.48,23.23,23.42,23.25,0.17,0.73,63734.71,148690.375,14869.0375,148.69037500000002,1.4869037500000002
600637.SH,600637,东方明珠,20170105,23.44,23.44,23.3,23.33,23.42,-0.09,-0.38,40356.38,94277.116,9427.7116,94.277116,0.94277116
600637.SH,600637,东方明珠,20170106,23.35,23.37,23.05,23.07,23.33,-0.26,-1.11,59949.9,138941.095,13894.1095,138.94109500000002,1.3894109500000005
600637.SH,600637,东方明珠,20170109,23.06,23.25,23.02,23.18,23.07,0.11,0.48,50793.17,117519.796,11751.9796,117.519796,1.17519796
600637.SH,600637,东方明珠,20170110,23.12,23.26,23.11,23.2,23.18,0.02,0.09,33602.4,77951.461,7795.1461,77.951461,0.77951461
600637.SH,600637,东方明珠,20170111,23.17,23.2,22.94,23.03,23.2,-0.17,-0.73,38104.78,87908.376,8790.8376,87.908376,0.87908376
600637.SH,600637,东方明珠,20170112,23.03,23.16,22.76,22.77,23.03,-0.26,-1.13,40866.51,93739.014,9373.9014,93.73901399999998,0.93739014
600637.SH,600637,东方明珠,20170113,22.78,22.96,22.58,22.88,22.77,0.11,0.48,64934.51,147996.975,14799.6975,147.996975,1.47996975
600637.SH,600637,东方明珠,20170116,22.82,23.34,22.64,23.3,22.88,0.42,1.84,148764.79,343221.646,34322.164600000004,343.221646,3.43221646
600637.SH,600637,东方明珠,20170117,23.2,23.35,23.04,23.24,23.3,-0.06,-0.26,40593.43,94215.336,9421.5336,94.215336,0.94215336
600637.SH,600637,东方明珠,20170118,23.2,23.28,23.13,23.22,23.24,-0.02,-0.09,27300.73,63340.176,6334.0176,63.340176,0.63340176
600637.SH,600637,东方明珠,20170119,23.16,23.25,23.05,23.12,23.22,-0.1,-0.43,34067.27,78782.213,7878.2213,78.782213,0.78782213
600637.SH,600637,东方明珠,20170120,23.13,23.36,23.08,23.35,23.12,0.23,0.99,36447.9,84795.028,8479.5028,84.795028,0.8479502800000001
600637.SH,600637,东方明珠,20170123,23.41,23.41,23.21,23.29,23.35,-0.06,-0.26,32567.91,75916.332,7591.633199999999,75.916332,0.75916332
600637.SH,600637,东方明珠,20170124,23.29,23.29,23.0,23.05,23.29,-0.24,-1.03,35213.54,81357.947,8135.7947,81.35794700000001,0.8135794700000001
600637.SH,600637,东方明珠,20170125,23.06,23.14,22.99,23.12,23.05,0.07,0.3,23502.5,54244.736,5424.473599999999,54.244736,0.5424473599999999
600637.SH,600637,东方明珠,20170126,23.16,23.22,23.12,23.15,23.12,0.03,0.13,24005.94,55586.173,5558.6173,55.586173,0.55586173
600637.SH,600637,东方明珠,20170203,23.16,23.21,23.04,23.12,23.15,-0.03,-0.13,20165.97,46638.529,4663.8529,46.638529,0.46638529
600637.SH,600637,东方明珠,20170206,23.18,23.36,23.12,23.29,23.12,0.17,0.74,33594.88,78212.742,7821.2742,78.21274199999999,0.7821274199999999
600637.SH,600637,东方明珠,20170207,23.33,23.35,23.15,23.2,23.29,-0.09,-0.39,27596.57,64100.959,6410.0959,64.100959,0.64100959
600637.SH,600637,东方明珠,20170208,23.17,23.35,23.1,23.32,23.2,0.12,0.52,28779.08,66866.687,6686.6687,66.866687,0.66866687
600637.SH,600637,东方明珠,20170209,23.28,23.5,23.27,23.47,23.32,0.15,0.64,50756.76,118849.027,11884.9027,118.849027,1.18849027
600637.SH,600637,东方明珠,20170210,23.46,23.51,23.37,23.41,23.47,-0.06,-0.26,46781.43,109615.693,10961.5693,109.615693,1.09615693
600637.SH,600637,东方明珠,20170213,23.36,23.63,23.35,23.46,23.41,0.05,0.21,50772.21,119311.407,11931.1407,119.311407,1.19311407
600637.SH,600637,东方明珠,20170214,23.46,23.6,23.41,23.54,23.46,0.08,0.34,40708.35,95752.413,9575.2413,95.752413,0.95752413
600637.SH,600637,东方明珠,20170215,23.54,23.94,23.48,23.59,23.54,0.05,0.21,95670.03,226858.49,22685.849,226.85849,2.2685849
600637.SH,600637,东方明珠,20170216,23.58,23.62,23.41,23.48,23.59,-0.11,-0.47,59636.24,140051.541,14005.1541,140.051541,1.40051541
600637.SH,600637,东方明珠,20170217,23.52,23.66,23.32,23.33,23.48,-0.15,-0.64,51127.72,119975.264,11997.5264,119.97526399999998,1.1997526399999998
600637.SH,600637,东方明珠,20170220,23.28,23.55,23.28,23.54,23.33,0.21,0.9,50090.36,117326.963,11732.6963,117.326963,1.1732696299999998
600637.SH,600637,东方明珠,20170221,23.52,23.63,23.49,23.61,23.54,0.07,0.3,51610.98,121638.193,12163.8193,121.638193,1.2163819299999998
600637.SH,600637,东方明珠,20170222,23.62,23.63,23.43,23.46,23.61,-0.15,-0.64,73190.52,172052.323,17205.2323,172.052323,1.72052323
600637.SH,600637,东方明珠,20170223,23.48,23.5,23.35,23.42,23.46,-0.04,-0.17,43262.43,101249.341,10124.9341,101.249341,1.01249341
600637.SH,600637,东方明珠,20170224,23.43,23.73,23.36,23.69,23.42,0.27,1.15,82448.05,194553.148,19455.3148,194.553148,1.94553148
600637.SH,600637,东方明珠,20170227,23.69,23.77,23.42,23.48,23.69,-0.21,-0.89,55793.39,131456.017,13145.6017,131.456017,1.31456017
600637.SH,600637,东方明珠,20170228,23.52,23.8,23.5,23.66,23.48,0.18,0.77,67915.66,160695.85,16069.585,160.69585,1.6069585000000002
600637.SH,600637,东方明珠,20170301,23.68,23.77,23.59,23.66,23.66,0.0,0.0,61412.78,145508.206,14550.8206,145.508206,1.45508206
600637.SH,600637,东方明珠,20170302,23.73,23.76,23.51,23.52,23.66,-0.14,-0.59,45370.65,107102.661,10710.2661,107.10266099999998,1.07102661
600637.SH,600637,东方明珠,20170303,23.45,23.46,23.33,23.41,23.52,-0.11,-0.47,60242.45,140891.694,14089.1694,140.891694,1.40891694
600637.SH,600637,东方明珠,20170306,23.4,23.49,23.35,23.47,23.41,0.06,0.26,46668.24,109350.029,10935.0029,109.350029,1.09350029
600637.SH,600637,东方明珠,20170307,23.42,23.5,23.35,23.47,23.47,0.0,0.0,45387.17,106276.645,10627.6645,106.276645,1.06276645
600637.SH,600637,东方明珠,20170308,23.41,23.49,23.3,23.32,23.47,-0.15,-0.64,51795.55,121087.768,12108.7768,121.087768,1.21087768
600637.SH,600637,东方明珠,20170309,23.35,23.37,23.04,23.06,23.32,-0.26,-1.11,67367.71,155915.033,15591.5033,155.915033,1.55915033
600637.SH,600637,东方明珠,20170310,23.14,23.14,22.88,22.89,23.06,-0.17,-0.74,74949.08,172053.888,17205.3888,172.053888,1.72053888
600637.SH,600637,东方明珠,20170313,22.87,23.01,22.74,22.99,22.89,0.1,0.44,64651.3,148016.755,14801.6755,148.01675500000002,1.4801675500000002
600637.SH,600637,东方明珠,20170314,22.98,23.15,22.92,23.12,22.99,0.13,0.57,52457.17,120761.224,12076.1224,120.761224,1.20761224
600637.SH,600637,东方明珠,20170315,23.11,23.24,23.02,23.15,23.12,0.03,0.13,51190.16,118456.936,11845.6936,118.456936,1.18456936
600637.SH,600637,东方明珠,20170316,23.1,23.2,23.08,23.16,23.15,0.01,0.04,40540.29,93825.322,9382.5322,93.825322,0.93825322
600637.SH,600637,东方明珠,20170317,23.17,23.22,22.92,22.98,23.16,-0.18,-0.78,52044.5,120041.332,12004.1332,120.041332,1.20041332
600637.SH,600637,东方明珠,20170320,22.93,23.06,22.91,23.0,22.98,0.02,0.09,31008.33,71204.811,7120.4811,71.204811,0.71204811
600637.SH,600637,东方明珠,20170321,22.99,22.99,22.88,22.93,23.0,-0.07,-0.3,36144.16,82835.088,8283.5088,82.835088,0.82835088
600637.SH,600637,东方明珠,20170322,22.88,22.93,22.73,22.8,22.93,-0.13,-0.57,47641.48,108626.695,10862.6695,108.626695,1.08626695
600637.SH,600637,东方明珠,20170323,22.78,22.95,22.71,22.88,22.8,0.08,0.35,36975.16,84482.7,8448.27,84.48270000000001,0.8448270000000001
600637.SH,600637,东方明珠,20170324,22.88,22.94,22.81,22.93,22.88,0.05,0.22,35863.94,82037.959,8203.795900000001,82.03795900000001,0.8203795900000002
600637.SH,600637,东方明珠,20170327,22.91,23.09,22.87,22.94,22.93,0.01,0.04,57673.49,132392.73,13239.273,132.39273,1.3239273
600637.SH,600637,东方明珠,20170328,22.92,22.98,22.82,22.83,22.94,-0.11,-0.48,38331.37,87729.019,8772.9019,87.72901900000001,0.8772901900000001
600637.SH,600637,东方明珠,20170329,22.85,22.9,22.68,22.69,22.83,-0.14,-0.61,50186.94,114352.765,11435.2765,114.352765,1.14352765
600637.SH,600637,东方明珠,20170330,22.69,22.75,22.45,22.65,22.69,-0.04,-0.18,79083.31,178664.112,17866.4112,178.664112,1.78664112
600637.SH,600637,东方明珠,20170331,22.59,22.6,22.43,22.54,22.65,-0.11,-0.49,60326.16,135865.749,13586.5749,135.86574900000002,1.35865749
600637.SH,600637,东方明珠,20170405,22.54,22.79,22.51,22.77,22.54,0.23,1.02,49986.75,113379.865,11337.9865,113.379865,1.13379865
600637.SH,600637,东方明珠,20170406,22.74,22.75,22.6,22.64,22.77,-0.13,-0.57,45094.79,102173.956,10217.3956,102.173956,1.02173956
600637.SH,600637,东方明珠,20170407,22.66,22.85,22.57,22.75,22.64,0.11,0.49,68124.84,154812.59,15481.259,154.81259,1.5481259
600637.SH,600637,东方明珠,20170410,22.71,22.76,22.47,22.48,22.75,-0.27,-1.19,62187.52,140402.475,14040.2475,140.402475,1.40402475
600637.SH,600637,东方明珠,20170411,22.51,22.54,22.09,22.32,22.48,-0.16,-0.71,86503.27,192893.916,19289.3916,192.893916,1.92893916
600637.SH,600637,东方明珠,20170412,22.3,22.43,22.13,22.4,22.32,0.08,0.36,72852.8,162277.555,16227.7555,162.277555,1.62277555
600637.SH,600637,东方明珠,20170413,22.33,22.42,22.25,22.33,22.4,-0.07,-0.31,31133.67,69593.297,6959.3297,69.593297,0.6959329700000001
600637.SH,600637,东方明珠,20170414,22.28,22.31,22.15,22.25,22.33,-0.08,-0.36,50645.51,112535.657,11253.5657,112.535657,1.12535657
600637.SH,600637,东方明珠,20170417,22.25,22.35,22.08,22.11,22.25,-0.14,-0.63,47318.79,104942.983,10494.2983,104.94298299999998,1.0494298299999998
600637.SH,600637,东方明珠,20170418,22.16,22.25,21.99,22.12,22.11,0.01,0.05,41459.02,91728.54,9172.854,91.72854,0.9172854
600637.SH,600637,东方明珠,20170419,21.98,22.09,21.63,21.71,22.12,-0.41,-1.85,57481.87,125215.542,12521.5542,125.215542,1.25215542
600637.SH,600637,东方明珠,20170420,21.72,21.77,21.33,21.35,21.71,-0.36,-1.66,58029.72,124887.274,12488.7274,124.887274,1.24887274
600637.SH,600637,东方明珠,20170421,21.34,21.46,21.1,21.16,21.35,-0.19,-0.89,46745.9,99339.603,9933.9603,99.339603,0.99339603
600637.SH,600637,东方明珠,20170424,21.16,21.18,20.65,20.79,21.16,-0.37,-1.75,57250.88,119066.696,11906.6696,119.066696,1.19066696
600637.SH,600637,东方明珠,20170425,20.81,20.88,20.63,20.67,20.79,-0.12,-0.58,42895.8,89130.553,8913.0553,89.130553,0.89130553
600637.SH,600637,东方明珠,20170426,20.7,20.79,20.66,20.68,20.67,0.01,0.05,35616.89,73761.8,7376.18,73.76180000000001,0.7376180000000001
600637.SH,600637,东方明珠,20170427,20.64,20.84,20.35,20.81,20.68,0.13,0.63,56059.35,115537.556,11553.7556,115.537556,1.1553755600000002
600637.SH,600637,东方明珠,20170428,20.72,20.89,20.72,20.83,20.81,0.02,0.1,35361.11,73574.206,7357.4206,73.574206,0.7357420600000001
600637.SH,600637,东方明珠,20170502,20.88,21.57,20.85,21.42,20.83,0.59,2.83,99732.31,213228.581,21322.8581,213.228581,2.1322858100000004
600637.SH,600637,东方明珠,20170503,21.43,21.56,21.33,21.53,21.42,0.11,0.51,57333.69,123084.382,12308.4382,123.084382,1.23084382
600637.SH,600637,东方明珠,20170504,21.37,21.5,21.16,21.41,21.53,-0.12,-0.56,64639.26,137715.811,13771.5811,137.715811,1.37715811
600637.SH,600637,东方明珠,20170505,21.37,21.55,21.11,21.14,21.41,-0.27,-1.26,43524.32,92921.109,9292.1109,92.921109,0.92921109
600637.SH,600637,东方明珠,20170508,21.14,21.33,21.06,21.11,21.14,-0.03,-0.14,46842.68,99256.079,9925.6079,99.256079,0.99256079
600637.SH,600637,东方明珠,20170509,21.11,21.29,21.06,21.24,21.11,0.13,0.62,29322.34,62107.87,6210.787,62.107870000000005,0.6210787000000001
600637.SH,600637,东方明珠,20170510,21.25,21.29,20.81,20.97,21.24,-0.27,-1.27,46524.62,98093.539,9809.3539,98.093539,0.98093539
600637.SH,600637,东方明珠,20170511,20.85,21.21,20.82,20.99,20.97,0.02,0.1,44640.36,93722.401,9372.2401,93.722401,0.93722401
600637.SH,600637,东方明珠,20170512,21.0,21.34,20.91,21.08,20.99,0.09,0.43,41403.73,87455.262,8745.5262,87.455262,0.87455262
600637.SH,600637,东方明珠,20170515,21.2,21.3,21.11,21.15,21.08,0.07,0.33,26879.09,56968.387,5696.8387,56.968387,0.56968387
600637.SH,600637,东方明珠,20170516,21.16,21.67,20.93,21.66,21.15,0.51,2.41,79451.96,170452.286,17045.2286,170.452286,1.70452286
600637.SH,600637,东方明珠,20170517,21.66,21.69,21.36,21.48,21.66,-0.18,-0.83,39999.19,86162.976,8616.2976,86.162976,0.86162976
600637.SH,600637,东方明珠,20170518,21.4,21.65,21.36,21.55,21.48,0.07,0.33,36801.7,79037.807,7903.7807,79.037807,0.79037807
600637.SH,600637,东方明珠,20170519,21.48,21.6,21.38,21.54,21.55,-0.01,-0.05,33529.8,72033.253,7203.3253,72.033253,0.72033253
600637.SH,600637,东方明珠,20170522,21.54,21.6,21.34,21.49,21.54,-0.05,-0.23,42033.0,90145.485,9014.5485,90.145485,0.90145485
600637.SH,600637,东方明珠,20170523,21.47,21.47,20.99,21.01,21.49,-0.48,-2.23,55579.58,117810.998,11781.0998,117.810998,1.17810998
600637.SH,600637,东方明珠,20170524,20.96,21.19,20.39,21.07,21.01,0.06,0.29,72283.05,150596.04,15059.604,150.59604000000002,1.5059604000000002
600637.SH,600637,东方明珠,20170525,20.93,21.26,20.8,21.16,21.07,0.09,0.43,43733.9,92158.919,9215.8919,92.15891899999998,0.9215891899999998
600637.SH,600637,东方明珠,20170526,21.2,21.29,21.12,21.22,21.16,0.06,0.28,31187.57,66162.592,6616.2592,66.162592,0.6616259200000001
600637.SH,600637,东方明珠,20170531,21.33,21.64,21.32,21.45,21.22,0.23,1.08,46067.73,98849.797,9884.9797,98.849797,0.98849797
600637.SH,600637,东方明珠,20170601,21.37,21.37,20.71,20.76,21.45,-0.69,-3.22,95243.3,198881.401,19888.1401,198.881401,1.98881401
600637.SH,600637,东方明珠,20170602,20.7,20.71,19.89,20.2,20.76,-0.56,-2.7,139705.25,282130.968,28213.0968,282.130968,2.82130968
600637.SH,600637,东方明珠,20170605,20.19,20.2,19.98,20.14,20.2,-0.06,-0.3,85196.58,170818.491,17081.8491,170.818491,1.70818491
600637.SH,600637,东方明珠,20170606,20.15,20.27,20.07,20.2,20.14,0.06,0.3,49000.76,98766.358,9876.6358,98.766358,0.98766358
600637.SH,600637,东方明珠,20170607,20.16,20.46,20.12,20.44,20.2,0.24,1.19,88801.43,180413.919,18041.3919,180.413919,1.80413919
600637.SH,600637,东方明珠,20170608,20.45,20.64,20.41,20.45,20.44,0.01,0.05,87878.59,180080.962,18008.0962,180.080962,1.80080962
600637.SH,600637,东方明珠,20170609,20.45,20.84,20.41,20.8,20.45,0.35,1.71,144670.97,299636.584,29963.6584,299.636584,2.99636584
600637.SH,600637,东方明珠,20170612,20.71,20.76,20.37,20.55,20.8,-0.25,-1.2,81471.67,167143.919,16714.3919,167.14391899999998,1.67143919
600637.SH,600637,东方明珠,20170615,21.22,21.22,20.7,20.96,20.55,0.41,2.0,153096.02,320991.851,32099.1851,320.991851,3.20991851
600637.SH,600637,东方明珠,20170616,20.83,22.06,20.83,21.73,20.96,0.77,3.67,206684.45,447849.673,44784.9673,447.84967300000005,4.478496730000001
600637.SH,600637,东方明珠,20170619,21.65,22.07,21.4,21.86,21.73,0.13,0.6,128335.3,279273.783,27927.3783,279.273783,2.79273783
600637.SH,600637,东方明珠,20170620,21.83,21.89,21.62,21.7,21.86,-0.16,-0.73,76857.07,166811.798,16681.1798,166.811798,1.66811798
600637.SH,600637,东方明珠,20170621,21.85,21.86,21.59,21.66,21.7,-0.04,-0.18,61244.85,132850.974,13285.0974,132.85097399999998,1.32850974
600637.SH,600637,东方明珠,20170622,21.69,22.06,21.55,21.56,21.66,-0.1,-0.46,133900.59,292376.216,29237.6216,292.376216,2.92376216
600637.SH,600637,东方明珠,20170623,21.55,21.76,21.38,21.66,21.56,0.1,0.46,92523.25,199722.748,19972.2748,199.722748,1.99722748
600637.SH,600637,东方明珠,20170626,21.65,22.14,21.48,22.07,21.66,0.41,1.89,121263.58,265722.261,26572.2261,265.722261,2.65722261
600637.SH,600637,东方明珠,20170627,22.12,22.37,21.91,22.01,22.07,-0.06,-0.27,141155.0,312330.573,31233.0573,312.330573,3.12330573
600637.SH,600637,东方明珠,20170628,22.04,22.04,21.6,21.67,22.01,-0.34,-1.54,98370.62,214051.743,21405.1743,214.051743,2.14051743
600637.SH,600637,东方明珠,20170629,21.7,21.82,21.59,21.81,21.67,0.14,0.65,47706.38,103679.171,10367.9171,103.679171,1.03679171
600637.SH,600637,东方明珠,20170630,21.7,21.76,21.48,21.67,21.81,-0.14,-0.64,58810.67,126995.39,12699.539,126.99539,1.2699539
600637.SH,600637,东方明珠,20170703,21.66,21.87,21.52,21.86,21.67,0.19,0.88,64752.61,140495.881,14049.5881,140.495881,1.40495881
600637.SH,600637,东方明珠,20170704,21.83,21.89,21.6,21.7,21.86,-0.16,-0.73,69715.21,151694.232,15169.4232,151.694232,1.51694232
600637.SH,600637,东方明珠,20170705,21.7,21.83,21.6,21.75,21.7,0.05,0.23,61726.58,133982.23,13398.223000000002,133.98223000000002,1.3398223000000002
600637.SH,600637,东方明珠,20170706,21.75,21.8,21.53,21.67,21.75,-0.08,-0.37,61251.01,132618.088,13261.8088,132.618088,1.32618088
600637.SH,600637,东方明珠,20170707,21.66,21.66,21.34,21.49,21.67,-0.18,-0.83,102658.19,220100.82,22010.082,220.10082000000003,2.2010082000000004
600637.SH,600637,东方明珠,20170710,21.45,21.45,21.1,21.14,21.49,-0.35,-1.63,94083.69,199813.28,19981.328,199.81328,1.9981328000000005
600637.SH,600637,东方明珠,20170711,21.11,21.38,21.01,21.22,21.14,0.08,0.38,71371.69,151133.441,15113.344099999998,151.13344099999998,1.5113344099999997
600637.SH,600637,东方明珠,20170712,21.15,21.26,20.92,20.98,21.22,-0.24,-1.13,71532.35,150523.222,15052.3222,150.523222,1.50523222
600637.SH,600637,东方明珠,20170713,21.09,21.18,21.04,21.13,20.98,0.15,0.72,39835.95,84165.923,8416.5923,84.165923,0.8416592300000001
600637.SH,600637,东方明珠,20170714,21.13,21.27,20.76,20.81,21.13,-0.32,-1.51,67190.54,141063.005,14106.3005,141.063005,1.41063005
600637.SH,600637,东方明珠,20170717,20.83,20.91,20.06,20.07,20.81,-0.74,-3.56,101225.54,206177.362,20617.7362,206.177362,2.06177362
600637.SH,600637,东方明珠,20170718,20.08,20.29,19.99,20.24,20.07,0.17,0.85,49046.32,98726.607,9872.6607,98.726607,0.98726607
600637.SH,600637,东方明珠,20170719,20.25,20.45,20.09,20.4,20.24,0.16,0.79,88146.13,179030.694,17903.0694,179.030694,1.79030694
600637.SH,600637,东方明珠,20170720,20.39,20.57,20.32,20.49,20.4,0.09,0.44,79741.5,162863.844,16286.3844,162.863844,1.62863844
600637.SH,600637,东方明珠,20170721,20.55,20.74,20.43,20.52,20.49,0.03,0.15,59135.78,121770.908,12177.0908,121.770908,1.21770908
600637.SH,600637,东方明珠,20170724,20.45,20.71,20.31,20.66,20.52,0.14,0.68,70230.59,144089.555,14408.9555,144.089555,1.4408955499999998
600637.SH,600637,东方明珠,20170725,20.56,20.81,20.51,20.7,20.66,0.04,0.19,62223.66,128542.813,12854.2813,128.542813,1.28542813
600637.SH,600637,东方明珠,20170726,20.71,20.77,20.53,20.61,20.7,-0.09,-0.43,44947.04,92752.06,9275.206,92.75206,0.9275206
600637.SH,600637,东方明珠,20170727,20.6,21.0,20.48,20.97,20.61,0.36,1.75,85982.6,178729.914,17872.9914,178.72991399999998,1.7872991399999998
600637.SH,600637,东方明珠,20170728,20.94,21.15,20.75,20.82,20.97,-0.15,-0.72,61917.21,129430.78,12943.078,129.43078,1.2943078
600637.SH,600637,东方明珠,20170731,20.84,20.98,20.68,20.93,20.82,0.11,0.53,46632.38,97392.491,9739.2491,97.392491,0.97392491
600637.SH,600637,东方明珠,20170801,20.96,21.1,20.82,20.96,20.93,0.03,0.14,63491.49,133175.836,13317.583600000002,133.175836,1.33175836
600637.SH,600637,东方明珠,20170802,20.91,20.98,20.75,20.78,20.96,-0.18,-0.86,56027.89,116986.259,11698.6259,116.986259,1.16986259
600637.SH,600637,东方明珠,20170803,20.72,21.12,20.72,21.06,20.78,0.28,1.35,73219.72,153820.599,15382.059899999998,153.820599,1.5382059899999998
600637.SH,600637,东方明珠,20170804,21.06,21.11,20.84,20.86,21.06,-0.2,-0.95,46763.27,97838.488,9783.8488,97.838488,0.97838488
600637.SH,600637,东方明珠,20170807,20.84,20.98,20.81,20.85,20.86,-0.01,-0.05,31479.2,65731.316,6573.131600000001,65.731316,0.6573131600000001
600637.SH,600637,东方明珠,20170808,20.89,20.96,20.69,20.81,20.85,-0.04,-0.19,52785.26,109752.172,10975.2172,109.75217200000002,1.0975217200000005
600637.SH,600637,东方明珠,20170809,20.79,20.99,20.77,20.94,20.81,0.13,0.62,51658.95,108068.369,10806.8369,108.068369,1.08068369
600637.SH,600637,东方明珠,20170810,20.97,20.97,20.67,20.72,20.94,-0.22,-1.05,61995.97,128919.896,12891.9896,128.919896,1.28919896
600637.SH,600637,东方明珠,20170811,20.7,20.7,20.5,20.53,20.72,-0.19,-0.92,51269.59,105639.099,10563.9099,105.639099,1.05639099
600637.SH,600637,东方明珠,20170814,20.58,20.78,20.55,20.77,20.53,0.24,1.17,60270.09,124590.545,12459.0545,124.590545,1.24590545
600637.SH,600637,东方明珠,20170815,20.77,20.95,20.66,20.87,20.77,0.1,0.48,49371.0,102721.184,10272.1184,102.721184,1.02721184
600637.SH,600637,东方明珠,20170816,20.87,21.3,20.8,21.26,20.87,0.39,1.87,98069.21,206932.391,20693.2391,206.932391,2.06932391
600637.SH,600637,东方明珠,20170817,21.2,21.35,21.07,21.27,21.26,0.01,0.05,81654.55,173240.234,17324.0234,173.240234,1.73240234
600637.SH,600637,东方明珠,20170818,20.87,21.01,20.76,20.89,20.93,-0.04,-0.19,46551.44,97375.293,9737.5293,97.375293,0.97375293
600637.SH,600637,东方明珠,20170821,20.91,21.06,20.85,20.97,20.89,0.08,0.38,39650.39,83024.743,8302.4743,83.024743,0.83024743
600637.SH,600637,东方明珠,20170822,21.03,21.03,20.72,20.75,20.97,-0.22,-1.05,45654.25,95058.781,9505.8781,95.058781,0.95058781
600637.SH,600637,东方明珠,20170823,20.82,20.88,20.66,20.71,20.75,-0.04,-0.19,32788.19,67988.256,6798.825599999999,67.98825599999999,0.6798825599999999
600637.SH,600637,东方明珠,20170824,20.72,20.75,20.36,20.44,20.71,-0.27,-1.3,50679.14,104143.559,10414.3559,104.14355899999998,1.04143559
600637.SH,600637,东方明珠,20170825,20.4,20.67,20.4,20.59,20.44,0.15,0.73,54627.17,112287.516,11228.7516,112.287516,1.12287516
600637.SH,600637,东方明珠,20170828,20.61,20.89,20.59,20.82,20.59,0.23,1.12,66966.16,139235.384,13923.5384,139.23538399999998,1.3923538399999995
600637.SH,600637,东方明珠,20170829,20.82,21.04,20.82,21.04,20.82,0.22,1.06,61103.28,128051.183,12805.1183,128.051183,1.28051183
600637.SH,600637,东方明珠,20170830,20.99,21.04,20.83,20.96,21.04,-0.08,-0.38,70696.99,147908.204,14790.8204,147.908204,1.4790820400000002
600637.SH,600637,东方明珠,20170831,20.94,21.28,20.94,21.1,20.96,0.14,0.67,72496.84,153157.753,15315.7753,153.157753,1.53157753
600637.SH,600637,东方明珠,20170901,21.12,21.19,21.02,21.1,21.1,0.0,0.0,55610.76,117433.379,11743.3379,117.433379,1.17433379
600637.SH,600637,东方明珠,20170904,21.21,21.23,20.98,21.0,21.1,-0.1,-0.47,67605.45,142556.338,14255.6338,142.55633799999998,1.4255633799999998
600637.SH,600637,东方明珠,20170905,21.02,21.05,20.8,20.87,21.0,-0.13,-0.62,62925.64,131537.251,13153.7251,131.537251,1.31537251
600637.SH,600637,东方明珠,20170906,20.86,20.95,20.73,20.82,20.87,-0.05,-0.24,51581.9,107450.754,10745.0754,107.450754,1.07450754
600637.SH,600637,东方明珠,20170907,20.93,20.96,20.73,20.75,20.82,-0.07,-0.34,72589.51,151244.575,15124.4575,151.244575,1.51244575
600637.SH,600637,东方明珠,20170908,20.76,20.86,20.68,20.76,20.75,0.01,0.05,51145.97,106215.245,10621.5245,106.215245,1.06215245
600637.SH,600637,东方明珠,20170911,20.7,20.84,20.69,20.76,20.76,0.0,0.0,52712.7,109411.057,10941.1057,109.411057,1.09411057
600637.SH,600637,东方明珠,20170912,20.77,21.15,20.77,21.13,20.76,0.37,1.78,110935.34,232502.289,23250.2289,232.502289,2.32502289
600637.SH,600637,东方明珠,20170913,21.15,21.17,20.9,21.02,21.13,-0.11,-0.52,71886.58,151027.946,15102.7946,151.027946,1.5102794599999998
600637.SH,600637,东方明珠,20170914,21.04,21.07,20.82,20.87,21.02,-0.15,-0.71,61528.73,128864.149,12886.4149,128.864149,1.28864149
600637.SH,600637,东方明珠,20170915,20.94,21.04,20.81,20.96,20.87,0.09,0.43,57797.77,120929.948,12092.9948,120.929948,1.20929948
600637.SH,600637,东方明珠,20170918,20.96,20.97,20.85,20.93,20.96,-0.03,-0.14,44092.49,92193.356,9219.3356,92.193356,0.92193356
600637.SH,600637,东方明珠,20170919,20.95,21.02,20.86,20.99,20.93,0.06,0.29,66096.39,138411.258,13841.1258,138.411258,1.38411258
600637.SH,600637,东方明珠,20170920,20.95,21.09,20.88,21.08,20.99,0.09,0.43,68780.34,144446.394,14444.6394,144.446394,1.44446394
600637.SH,600637,东方明珠,20170921,21.15,21.15,20.78,20.82,21.08,-0.26,-1.23,87566.9,183604.005,18360.4005,183.604005,1.83604005
600637.SH,600637,东方明珠,20170922,20.8,20.82,20.48,20.53,20.82,-0.29,-1.39,84434.93,173973.634,17397.3634,173.97363399999998,1.7397363399999997
600637.SH,600637,东方明珠,20170925,20.51,20.53,20.24,20.3,20.53,-0.23,-1.12,71705.24,146073.465,14607.3465,146.073465,1.46073465
600637.SH,600637,东方明珠,20170926,20.3,20.36,20.21,20.27,20.3,-0.03,-0.15,43586.38,88356.523,8835.6523,88.356523,0.88356523
600637.SH,600637,东方明珠,20170927,20.27,20.33,20.25,20.31,20.27,0.04,0.2,33065.64,67120.462,6712.0462,67.120462,0.67120462
600637.SH,600637,东方明珠,20170928,20.28,20.34,20.19,20.25,20.31,-0.06,-0.3,46619.92,94475.6,9447.56,94.4756,0.9447560000000002
600637.SH,600637,东方明珠,20170929,20.25,20.33,20.24,20.29,20.25,0.04,0.2,41298.34,83861.503,8386.1503,83.861503,0.83861503
600637.SH,600637,东方明珠,20171009,20.44,20.53,20.35,20.38,20.29,0.09,0.44,59734.36,122173.68,12217.368,122.17368,1.2217368
600637.SH,600637,东方明珠,20171010,20.38,20.83,20.38,20.81,20.38,0.43,2.11,94144.81,194441.862,19444.1862,194.441862,1.94441862
600637.SH,600637,东方明珠,20171011,20.73,20.91,20.71,20.73,20.81,-0.08,-0.38,53221.91,110614.613,11061.4613,110.614613,1.10614613
600637.SH,600637,东方明珠,20171012,20.82,20.85,20.67,20.72,20.73,-0.01,-0.05,38906.3,80733.502,8073.350199999999,80.73350199999999,0.8073350199999999
600637.SH,600637,东方明珠,20171013,20.75,20.84,20.71,20.76,20.72,0.04,0.19,28349.98,58858.06,5885.806,58.85806,0.5885805999999999
600637.SH,600637,东方明珠,20171016,20.75,20.83,20.42,20.47,20.76,-0.29,-1.4,53975.99,111117.58,11111.758,111.11758,1.1111758
600637.SH,600637,东方明珠,20171017,20.43,20.55,20.36,20.43,20.47,-0.04,-0.2,29346.75,60012.066,6001.2066,60.012066,0.60012066
600637.SH,600637,东方明珠,20171018,20.44,20.5,20.26,20.27,20.43,-0.16,-0.78,40854.05,83236.95,8323.695,83.23695,0.8323695
600637.SH,600637,东方明珠,20171019,20.26,20.37,20.12,20.15,20.27,-0.12,-0.59,48867.84,98720.955,9872.0955,98.720955,0.98720955
600637.SH,600637,东方明珠,20171020,20.26,20.64,20.21,20.5,20.15,0.35,1.74,71715.1,146880.501,14688.0501,146.88050099999998,1.46880501
600637.SH,600637,东方明珠,20171023,20.5,20.53,20.34,20.41,20.5,-0.09,-0.44,45718.16,93316.847,9331.6847,93.316847,0.93316847
600637.SH,600637,东方明珠,20171024,20.36,20.42,20.25,20.33,20.41,-0.08,-0.39,33205.86,67402.149,6740.214900000001,67.40214900000001,0.6740214900000001
600637.SH,600637,东方明珠,20171025,20.34,20.45,20.19,20.32,20.33,-0.01,-0.05,66124.01,134188.951,13418.8951,134.188951,1.34188951
600637.SH,600637,东方明珠,20171026,20.28,20.48,20.18,20.41,20.32,0.09,0.44,58532.19,119200.115,11920.0115,119.200115,1.19200115
600637.SH,600637,东方明珠,20171027,20.42,20.53,20.31,20.37,20.41,-0.04,-0.2,42748.65,87370.439,8737.0439,87.370439,0.87370439
600637.SH,600637,东方明珠,20171106,19.0,19.58,18.93,19.09,20.37,-1.28,-6.28,258976.48,497078.685,49707.8685,497.078685,4.97078685
600637.SH,600637,东方明珠,20171107,19.0,19.27,19.0,19.23,19.09,0.14,0.73,93743.31,179808.883,17980.8883,179.80888299999998,1.7980888299999995
600637.SH,600637,东方明珠,20171108,19.13,19.37,19.06,19.27,19.23,0.04,0.21,78456.54,151008.77,15100.877,151.00877,1.5100877
600637.SH,600637,东方明珠,20171109,19.3,19.42,18.94,19.08,19.27,-0.19,-0.99,143422.92,274729.866,27472.9866,274.729866,2.74729866
600637.SH,600637,东方明珠,20171110,19.15,19.19,19.0,19.12,19.08,0.04,0.21,65956.16,125885.624,12588.5624,125.885624,1.2588562399999998
600637.SH,600637,东方明珠,20171113,19.09,19.16,18.8,18.82,19.12,-0.3,-1.57,102495.89,194126.061,19412.6061,194.126061,1.94126061
600637.SH,600637,东方明珠,20171114,18.79,18.92,18.72,18.88,18.82,0.06,0.32,83826.91,157763.591,15776.359099999998,157.763591,1.57763591
600637.SH,600637,东方明珠,20171115,18.88,18.91,18.63,18.66,18.88,-0.22,-1.17,63744.03,119578.996,11957.8996,119.578996,1.19578996
600637.SH,600637,东方明珠,20171116,18.66,18.72,18.36,18.4,18.66,-0.26,-1.39,84724.88,156544.622,15654.4622,156.544622,1.56544622
600637.SH,600637,东方明珠,20171117,18.38,18.43,17.85,17.98,18.4,-0.42,-2.28,101396.16,183194.125,18319.4125,183.194125,1.83194125
600637.SH,600637,东方明珠,20171120,17.95,17.99,17.58,17.97,17.98,-0.01,-0.06,47008.46,83800.596,8380.0596,83.800596,0.8380059599999999
600637.SH,600637,东方明珠,20171121,17.99,18.27,17.92,18.24,17.97,0.27,1.5,58493.48,106087.023,10608.7023,106.087023,1.06087023
600637.SH,600637,东方明珠,20171122,18.26,18.35,18.14,18.2,18.24,-0.04,-0.22,34145.66,62322.71,6232.271,62.32271,0.6232271
600637.SH,600637,东方明珠,20171123,18.19,18.34,17.75,17.78,18.2,-0.42,-2.31,46186.98,83263.984,8326.3984,83.263984,0.8326398399999999
600637.SH,600637,东方明珠,20171124,17.8,18.98,17.75,18.57,17.78,0.79,4.44,139168.26,258086.79,25808.679,258.08679,2.5808679
600637.SH,600637,东方明珠,20171127,18.65,18.65,18.21,18.24,18.57,-0.33,-1.78,48346.7,88950.027,8895.002700000001,88.950027,0.8895002700000001
600637.SH,600637,东方明珠,20171128,18.21,18.48,18.04,18.41,18.24,0.17,0.93,55417.59,100904.133,10090.4133,100.904133,1.00904133
600637.SH,600637,东方明珠,20171129,18.4,18.4,18.02,18.12,18.41,-0.29,-1.58,60043.03,108973.342,10897.3342,108.97334200000002,1.0897334200000002
600637.SH,600637,东方明珠,20171130,18.03,18.18,17.95,17.98,18.12,-0.14,-0.77,36783.45,66378.533,6637.8533,66.378533,0.6637853300000001
600637.SH,600637,东方明珠,20171201,17.95,18.1,17.92,18.07,17.98,0.09,0.5,38998.54,70316.634,7031.6634,70.31663400000001,0.7031663400000001
600637.SH,600637,东方明珠,20171204,18.08,18.1,17.63,17.7,18.07,-0.37,-2.05,58517.24,104285.422,10428.5422,104.285422,1.04285422
600637.SH,600637,东方明珠,20171205,17.8,17.81,17.22,17.25,17.7,-0.45,-2.54,63453.54,111157.67,11115.767,111.15767,1.1115767
600637.SH,600637,东方明珠,20171206,17.24,17.5,17.2,17.44,17.25,0.19,1.1,39519.8,68488.31,6848.831,68.48831,0.6848831
600637.SH,600637,东方明珠,20171207,17.36,17.55,17.32,17.38,17.44,-0.06,-0.34,35348.36,61608.788,6160.8788,61.608788,0.61608788
600637.SH,600637,东方明珠,20171208,17.45,17.76,17.42,17.61,17.38,0.23,1.32,54163.93,95134.766,9513.4766,95.134766,0.95134766
600637.SH,600637,东方明珠,20171211,17.62,17.72,17.56,17.63,17.61,0.02,0.11,36933.71,65201.227,6520.1227,65.201227,0.6520122700000001
600637.SH,600637,东方明珠,20171212,17.69,17.69,17.4,17.4,17.63,-0.23,-1.3,35804.39,62696.999,6269.6999000000005,62.696999000000005,0.6269699900000001
600637.SH,600637,东方明珠,20171213,17.41,17.44,17.29,17.41,17.4,0.01,0.06,29037.23,50404.929,5040.492899999999,50.404929,0.50404929
600637.SH,600637,东方明珠,20171214,17.3,17.43,17.25,17.27,17.41,-0.14,-0.8,38125.29,65968.938,6596.8938,65.968938,0.65968938
600637.SH,600637,东方明珠,20171215,17.32,17.39,17.11,17.35,17.27,0.08,0.46,64332.55,111047.274,11104.7274,111.047274,1.11047274
600637.SH,600637,东方明珠,20171218,17.43,17.43,17.05,17.27,17.35,-0.08,-0.46,62132.08,106947.58,10694.758,106.94758,1.0694758
600637.SH,600637,东方明珠,20171219,17.25,17.35,17.19,17.2,17.27,-0.07,-0.41,38756.81,66961.621,6696.1621,66.961621,0.6696162099999999
600637.SH,600637,东方明珠,20171220,17.21,17.31,17.12,17.14,17.2,-0.06,-0.35,32957.3,56732.725,5673.2725,56.732725,0.5673272500000001
600637.SH,600637,东方明珠,20171221,17.14,17.14,16.88,16.94,17.14,-0.2,-1.17,54358.27,92286.748,9228.6748,92.286748,0.92286748
600637.SH,600637,东方明珠,20171222,16.97,16.98,16.87,16.91,16.94,-0.03,-0.18,32729.44,55348.694,5534.8694000000005,55.348694,0.55348694
600637.SH,600637,东方明珠,20171225,16.85,16.94,16.47,16.49,16.91,-0.42,-2.48,52767.57,88060.165,8806.0165,88.060165,0.88060165
600637.SH,600637,东方明珠,20171226,16.54,16.65,16.48,16.62,16.49,0.13,0.79,35116.93,58205.322,5820.5322,58.205322,0.5820532199999999
600637.SH,600637,东方明珠,20171227,16.64,16.75,16.55,16.57,16.62,-0.05,-0.3,34066.45,56695.236,5669.5236,56.695236,0.5669523599999999
600637.SH,600637,东方明珠,20171228,16.6,16.95,16.6,16.69,16.57,0.12,0.72,62800.74,105378.715,10537.8715,105.378715,1.05378715
600637.SH,600637,东方明珠,20171229,16.7,16.8,16.49,16.66,16.69,-0.03,-0.18,41071.98,68346.713,6834.6713,68.346713,0.6834671299999999
600637.SH,600637,东方明珠,20180102,16.67,16.85,16.67,16.81,16.66,0.15,0.9,44315.22,74361.272,7436.1272,74.361272,0.74361272
600637.SH,600637,东方明珠,20180103,16.84,17.04,16.78,16.92,16.81,0.11,0.65,77343.4,130848.703,13084.8703,130.848703,1.30848703
600637.SH,600637,东方明珠,20180104,17.09,17.25,17.0,17.12,16.92,0.2,1.18,80093.76,136996.949,13699.6949,136.99694899999997,1.3699694899999997
600637.SH,600637,东方明珠,20180105,17.06,17.15,16.94,17.06,17.12,-0.06,-0.35,47008.14,80185.605,8018.5605,80.185605,0.8018560499999999
600637.SH,600637,东方明珠,20180108,17.07,17.28,16.9,17.27,17.06,0.21,1.23,66093.64,113044.883,11304.4883,113.044883,1.1304488300000002
600637.SH,600637,东方明珠,20180109,17.24,17.29,17.12,17.17,17.27,-0.1,-0.58,38195.64,65708.793,6570.8793000000005,65.708793,0.65708793
600637.SH,600637,东方明珠,20180110,17.18,17.23,17.0,17.03,17.17,-0.14,-0.82,34989.14,59796.66,5979.666,59.79666,0.5979666
600637.SH,600637,东方明珠,20180111,17.04,17.35,17.02,17.27,17.03,0.24,1.41,50346.85,86713.606,8671.3606,86.713606,0.86713606
600637.SH,600637,东方明珠,20180112,17.28,17.29,16.99,17.05,17.27,-0.22,-1.27,67982.62,116232.146,11623.2146,116.232146,1.16232146
600637.SH,600637,东方明珠,20180115,17.05,17.06,16.68,16.76,17.05,-0.29,-1.7,49429.08,83427.04,8342.704,83.42703999999999,0.8342703999999999
600637.SH,600637,东方明珠,20180116,16.78,16.86,16.7,16.84,16.76,0.08,0.48,45794.73,76803.284,7680.3284,76.803284,0.76803284
600637.SH,600637,东方明珠,20180117,16.82,17.12,16.62,16.98,16.84,0.14,0.83,70721.14,119192.482,11919.2482,119.192482,1.19192482
600637.SH,600637,东方明珠,20180118,16.92,17.15,16.91,17.08,16.98,0.1,0.59,52261.13,89181.227,8918.1227,89.18122699999999,0.89181227
600637.SH,600637,东方明珠,20180119,17.08,17.11,16.85,16.91,17.08,-0.17,-1.0,55504.87,94128.733,9412.8733,94.128733,0.94128733
600637.SH,600637,东方明珠,20180122,16.82,17.27,16.74,17.23,16.91,0.32,1.89,80403.05,137353.841,13735.3841,137.353841,1.37353841
600637.SH,600637,东方明珠,20180123,17.2,17.75,17.19,17.6,17.23,0.37,2.15,127481.45,223757.963,22375.7963,223.757963,2.23757963
600637.SH,600637,东方明珠,20180124,17.65,17.77,17.39,17.73,17.6,0.13,0.74,115651.4,203701.833,20370.1833,203.701833,2.03701833
600637.SH,600637,东方明珠,20180125,17.68,17.94,17.52,17.54,17.73,-0.19,-1.07,128916.11,228977.793,22897.7793,228.977793,2.28977793
600637.SH,600637,东方明珠,20180126,17.5,17.76,17.43,17.59,17.54,0.05,0.29,100665.42,177246.971,17724.697099999998,177.24697099999997,1.7724697099999998
600637.SH,600637,东方明珠,20180129,17.52,17.65,17.43,17.48,17.59,-0.11,-0.63,78423.81,137576.392,13757.6392,137.576392,1.37576392
600637.SH,600637,东方明珠,20180130,17.49,17.67,17.37,17.46,17.48,-0.02,-0.11,48323.58,84557.619,8455.761900000001,84.55761900000002,0.8455761900000002
600637.SH,600637,东方明珠,20180131,17.43,17.43,16.83,16.91,17.46,-0.55,-3.15,90299.81,154100.556,15410.055600000002,154.100556,1.54100556
600637.SH,600637,东方明珠,20180201,16.92,16.97,16.02,16.09,16.91,-0.82,-4.85,116208.69,191130.184,19113.0184,191.130184,1.91130184
600637.SH,600637,东方明珠,20180202,16.0,16.39,15.92,16.2,16.09,0.11,0.68,56232.86,91114.087,9111.4087,91.114087,0.91114087
600637.SH,600637,东方明珠,20180205,16.06,16.38,16.0,16.27,16.2,0.07,0.43,45762.51,74400.691,7440.069100000001,74.40069100000001,0.7440069100000001
600637.SH,600637,东方明珠,20180206,16.06,16.24,15.23,15.36,16.27,-0.91,-5.59,106410.43,167585.841,16758.5841,167.585841,1.6758584099999998
600637.SH,600637,东方明珠,20180207,15.55,15.79,15.15,15.59,15.36,0.23,1.5,81616.74,126786.088,12678.6088,126.786088,1.26786088
600637.SH,600637,东方明珠,20180208,15.57,15.78,15.55,15.63,15.59,0.04,0.26,36725.21,57507.136,5750.7136,57.507136,0.57507136
600637.SH,600637,东方明珠,20180209,15.27,15.44,14.35,14.54,15.63,-1.09,-6.97,103236.54,153699.552,15369.9552,153.699552,1.53699552
600637.SH,600637,东方明珠,20180212,14.65,14.88,14.58,14.82,14.54,0.28,1.93,42215.52,62412.076,6241.2076,62.412076,0.6241207599999999
600637.SH,600637,东方明珠,20180213,14.85,15.1,14.82,14.94,14.82,0.12,0.81,42320.66,63226.172,6322.6172,63.226172,0.63226172
600637.SH,600637,东方明珠,20180214,14.99,15.18,14.85,14.88,14.94,-0.06,-0.4,36769.51,55006.898,5500.6898,55.006898,0.55006898
600637.SH,600637,东方明珠,20180222,15.02,15.32,14.98,15.24,14.88,0.36,2.42,51609.43,78389.254,7838.9254,78.389254,0.78389254
600637.SH,600637,东方明珠,20180223,15.26,15.29,14.9,15.14,15.24,-0.1,-0.66,48011.78,72596.017,7259.601700000001,72.59601700000002,0.7259601700000001
600637.SH,600637,东方明珠,20180226,15.21,15.47,15.16,15.44,15.14,0.3,1.98,50466.19,77250.996,7725.0996,77.250996,0.77250996
600637.SH,600637,东方明珠,20180227,15.4,15.42,15.28,15.39,15.44,-0.05,-0.32,53380.18,81912.407,8191.2407,81.912407,0.81912407
600637.SH,600637,东方明珠,20180228,15.3,15.46,15.18,15.39,15.39,0.0,0.0,49570.26,76059.573,7605.9573,76.059573,0.76059573
600637.SH,600637,东方明珠,20180301,15.22,15.81,15.17,15.78,15.39,0.39,2.53,76493.52,118893.149,11889.3149,118.893149,1.18893149
600637.SH,600637,东方明珠,20180302,15.7,16.33,15.5,16.27,15.78,0.49,3.11,125041.6,199732.181,19973.2181,199.73218100000005,1.9973218100000003
600637.SH,600637,东方明珠,20180305,16.05,16.14,15.92,15.99,16.27,-0.28,-1.72,61617.02,98752.835,9875.2835,98.75283500000002,0.9875283500000002
600637.SH,600637,东方明珠,20180306,16.0,16.3,15.93,16.27,15.99,0.28,1.75,71571.05,115958.922,11595.8922,115.958922,1.15958922
600637.SH,600637,东方明珠,20180307,16.3,16.52,16.23,16.26,16.27,-0.01,-0.06,87726.14,143894.877,14389.4877,143.894877,1.43894877
600637.SH,600637,东方明珠,20180308,16.24,16.5,16.23,16.42,16.26,0.16,0.98,73533.94,120570.033,12057.0033,120.570033,1.20570033
600637.SH,600637,东方明珠,20180309,16.41,16.58,16.26,16.55,16.42,0.13,0.79,71695.69,117841.957,11784.1957,117.841957,1.17841957
600637.SH,600637,东方明珠,20180312,16.6,17.52,16.55,17.32,16.55,0.77,4.65,181527.93,311770.503,31177.050300000003,311.770503,3.11770503
600637.SH,600637,东方明珠,20180313,17.32,17.81,17.2,17.25,17.32,-0.07,-0.4,153336.26,268641.626,26864.1626,268.641626,2.68641626
600637.SH,600637,东方明珠,20180314,17.39,17.41,16.97,17.03,17.25,-0.22,-1.28,86764.27,148579.425,14857.9425,148.579425,1.48579425
600637.SH,600637,东方明珠,20180315,16.99,17.0,16.7,16.83,17.03,-0.2,-1.17,65586.03,110360.804,11036.0804,110.360804,1.10360804
600637.SH,600637,东方明珠,20180316,16.85,17.2,16.85,16.93,16.83,0.1,0.59,44949.41,76445.031,7644.5031,76.445031,0.76445031
600637.SH,600637,东方明珠,20180319,16.81,17.14,16.8,17.05,16.93,0.12,0.71,49507.73,84336.672,8433.6672,84.336672,0.8433667199999999
600637.SH,600637,东方明珠,20180320,16.96,17.08,16.91,17.02,17.05,-0.03,-0.18,35371.75,60161.473,6016.1473,60.161473,0.60161473
600637.SH,600637,东方明珠,20180321,17.05,17.31,16.88,16.96,17.02,-0.06,-0.35,39197.22,67113.374,6711.337399999999,67.113374,0.6711337399999999
600637.SH,600637,东方明珠,20180322,16.96,16.96,16.56,16.76,16.96,-0.2,-1.18,53168.21,88916.228,8891.622800000001,88.916228,0.8891622800000001
600637.SH,600637,东方明珠,20180323,16.48,16.48,15.62,15.82,16.76,-0.94,-5.61,94643.88,152058.828,15205.8828,152.058828,1.52058828
600637.SH,600637,东方明珠,20180326,15.6,16.07,15.51,16.04,15.82,0.22,1.39,47375.5,75060.935,7506.0935,75.060935,0.75060935
600637.SH,600637,东方明珠,20180327,16.15,16.36,16.13,16.27,16.04,0.23,1.43,35894.99,58347.92,5834.792,58.34792,0.5834792
600637.SH,600637,东方明珠,20180328,16.12,16.35,16.04,16.25,16.27,-0.02,-0.12,28663.28,46573.179,4657.3179,46.573179,0.46573179
600637.SH,600637,东方明珠,20180329,16.27,16.35,16.16,16.26,16.25,0.01,0.06,41706.69,67791.459,6779.1459,67.791459,0.67791459
600637.SH,600637,东方明珠,20180330,16.3,16.41,16.28,16.36,16.26,0.1,0.62,31795.07,52001.361,5200.1361,52.001361,0.5200136099999999
600637.SH,600637,东方明珠,20180402,16.37,17.11,16.29,16.88,16.36,0.52,3.18,90248.87,151305.66,15130.566,151.30566000000002,1.5130566
600637.SH,600637,东方明珠,20180403,16.71,17.49,16.7,17.34,16.88,0.46,2.73,129629.02,223071.336,22307.1336,223.071336,2.23071336
600637.SH,600637,东方明珠,20180404,17.46,17.62,17.27,17.34,17.34,0.0,0.0,119894.74,209301.691,20930.1691,209.301691,2.09301691
600637.SH,600637,东方明珠,20180409,17.28,17.52,17.2,17.33,17.34,-0.01,-0.06,62938.8,109046.903,10904.6903,109.046903,1.09046903
600637.SH,600637,东方明珠,20180410,17.28,17.29,17.0,17.19,17.33,-0.14,-0.81,65981.36,113105.159,11310.5159,113.105159,1.13105159
600637.SH,600637,东方明珠,20180411,17.27,17.39,17.19,17.33,17.19,0.14,0.81,43659.57,75572.663,7557.2663,75.572663,0.7557266300000001
600637.SH,600637,东方明珠,20180412,17.35,17.8,17.25,17.61,17.33,0.28,1.62,98376.54,173405.703,17340.5703,173.405703,1.7340570299999998
600637.SH,600637,东方明珠,20180413,17.66,17.88,17.45,17.54,17.61,-0.07,-0.4,59373.5,104934.052,10493.4052,104.934052,1.04934052
600637.SH,600637,东方明珠,20180416,17.5,17.58,17.2,17.52,17.54,-0.02,-0.11,57394.81,99859.385,9985.9385,99.859385,0.99859385
600637.SH,600637,东方明珠,20180417,17.56,17.58,16.9,16.91,17.52,-0.61,-3.48,51090.21,88078.044,8807.804399999999,88.07804399999999,0.8807804399999999
600637.SH,600637,东方明珠,20180418,17.01,17.8,16.96,17.78,16.91,0.87,5.14,101832.48,177851.682,17785.1682,177.851682,1.77851682
600637.SH,600637,东方明珠,20180419,17.79,17.92,17.65,17.82,17.78,0.04,0.23,71740.2,127680.56,12768.056,127.68056,1.2768056
600637.SH,600637,东方明珠,20180420,17.78,17.9,17.28,17.4,17.82,-0.42,-2.36,66674.8,116925.071,11692.5071,116.925071,1.1692507099999998
600637.SH,600637,东方明珠,20180423,17.29,17.55,16.81,16.92,17.4,-0.48,-2.76,72730.78,124922.592,12492.2592,124.922592,1.24922592
600637.SH,600637,东方明珠,20180424,17.0,17.26,16.91,17.19,16.92,0.27,1.6,77172.41,132318.213,13231.8213,132.318213,1.32318213
600637.SH,600637,东方明珠,20180425,17.15,17.48,17.15,17.37,17.19,0.18,1.05,42756.84,73978.456,7397.845600000001,73.97845600000001,0.73978456
600637.SH,600637,东方明珠,20180426,17.21,17.34,16.86,16.94,17.37,-0.43,-2.48,50366.14,85738.564,8573.8564,85.73856400000001,0.8573856400000001
600637.SH,600637,东方明珠,20180427,17.09,17.12,16.75,16.82,16.94,-0.12,-0.71,38430.15,64812.934,6481.2934000000005,64.812934,0.64812934
600637.SH,600637,东方明珠,20180502,16.9,17.56,16.9,17.42,16.82,0.6,3.57,93343.68,161565.391,16156.5391,161.565391,1.61565391
600637.SH,600637,东方明珠,20180503,17.41,17.53,16.91,17.17,17.42,-0.25,-1.44,85246.12,146508.504,14650.8504,146.508504,1.46508504
600637.SH,600637,东方明珠,20180504,17.17,17.29,16.98,17.24,17.17,0.07,0.41,72480.15,124382.798,12438.2798,124.382798,1.24382798
600637.SH,600637,东方明珠,20180507,17.18,17.34,17.12,17.28,17.24,0.04,0.23,51419.1,88667.696,8866.7696,88.66769599999999,0.88667696
600637.SH,600637,东方明珠,20180508,17.27,17.38,17.17,17.37,17.28,0.09,0.52,49158.37,84973.721,8497.3721,84.97372100000001,0.8497372100000001
600637.SH,600637,东方明珠,20180509,17.39,17.43,17.15,17.22,17.37,-0.15,-0.86,44626.3,76970.692,7697.0692,76.970692,0.76970692
600637.SH,600637,东方明珠,20180510,17.29,17.77,17.23,17.67,17.22,0.45,2.61,84194.59,147695.259,14769.5259,147.695259,1.47695259
600637.SH,600637,东方明珠,20180511,17.6,17.77,17.54,17.69,17.67,0.02,0.11,59860.99,105767.381,10576.7381,105.767381,1.0576738099999998
600637.SH,600637,东方明珠,20180514,17.71,18.56,17.71,18.49,17.69,0.8,4.52,203085.39,371573.939,37157.3939,371.57393900000005,3.71573939
600637.SH,600637,东方明珠,20180515,18.44,18.6,18.23,18.56,18.49,0.07,0.38,107923.44,199078.695,19907.8695,199.078695,1.99078695
600637.SH,600637,东方明珠,20180516,18.57,18.58,18.19,18.28,18.56,-0.28,-1.51,101409.8,186014.435,18601.4435,186.014435,1.86014435
600637.SH,600637,东方明珠,20180517,18.23,18.28,17.95,18.04,18.28,-0.24,-1.31,69768.46,125934.814,12593.4814,125.934814,1.25934814
600637.SH,600637,东方明珠,20180518,18.25,18.29,17.96,18.07,18.04,0.03,0.17,52188.76,94460.043,9446.0043,94.460043,0.94460043
600637.SH,600637,东方明珠,20180521,18.15,18.86,18.09,18.75,18.07,0.68,3.76,134541.15,250515.262,25051.5262,250.515262,2.50515262
600637.SH,600637,东方明珠,20180522,18.73,18.94,18.6,18.8,18.75,0.05,0.27,91000.63,170937.775,17093.7775,170.937775,1.7093777499999998
600637.SH,600637,东方明珠,20180523,18.9,19.06,18.66,18.71,18.8,-0.09,-0.48,107212.96,201980.334,20198.0334,201.980334,2.01980334
600637.SH,600637,东方明珠,20180524,18.75,18.78,18.44,18.75,18.71,0.04,0.21,87413.42,162953.626,16295.3626,162.953626,1.6295362599999998
600637.SH,600637,东方明珠,20180525,18.73,18.84,18.28,18.42,18.75,-0.33,-1.76,86511.79,159954.308,15995.430799999998,159.95430799999997,1.5995430799999997
600637.SH,600637,东方明珠,20180528,18.8,19.04,18.44,18.51,18.42,0.09,0.49,122617.78,229484.107,22948.4107,229.484107,2.29484107
600637.SH,600637,东方明珠,20180529,18.52,18.55,17.97,18.01,18.51,-0.5,-2.7,114209.54,207321.28,20732.128,207.32128,2.0732128
600637.SH,600637,东方明珠,20180530,17.81,18.1,17.61,17.79,18.01,-0.22,-1.22,78607.68,140449.814,14044.9814,140.449814,1.40449814
600637.SH,600637,东方明珠,20180531,17.89,18.05,17.69,17.97,17.79,0.18,1.01,91168.76,163032.547,16303.2547,163.032547,1.6303254699999998
600637.SH,600637,东方明珠,20180601,17.96,17.96,17.25,17.34,17.97,-0.63,-3.51,91849.02,161470.074,16147.0074,161.47007399999998,1.6147007399999995
600637.SH,600637,东方明珠,20180604,17.45,17.77,17.41,17.6,17.34,0.26,1.5,60322.77,106254.668,10625.4668,106.254668,1.06254668
600637.SH,600637,东方明珠,20180605,17.63,17.95,17.6,17.73,17.6,0.13,0.74,55616.1,98976.742,9897.6742,98.976742,0.98976742
600637.SH,600637,东方明珠,20180606,17.63,17.9,17.47,17.89,17.73,0.16,0.9,77875.13,137598.98,13759.898,137.59898,1.3759898000000002
600637.SH,600637,东方明珠,20180607,17.95,18.17,17.81,18.1,17.89,0.21,1.17,122863.42,220931.393,22093.139300000003,220.931393,2.20931393
600637.SH,600637,东方明珠,20180608,18.1,18.14,16.9,17.23,18.1,-0.87,-4.81,136983.85,238074.749,23807.4749,238.074749,2.38074749
600637.SH,600637,东方明珠,20180611,17.31,17.37,16.55,16.74,17.23,-0.49,-2.84,94912.44,159436.233,15943.6233,159.43623300000002,1.59436233
600637.SH,600637,东方明珠,20180612,16.78,16.95,16.62,16.9,16.74,0.16,0.96,56858.84,95580.995,9558.0995,95.580995,0.95580995
600637.SH,600637,东方明珠,20180613,16.82,16.85,16.18,16.18,16.9,-0.72,-4.26,82702.76,135852.479,13585.247899999998,135.852479,1.35852479
600637.SH,600637,东方明珠,20180614,16.08,16.31,15.94,16.08,16.18,-0.1,-0.62,53348.46,85787.82,8578.782000000001,85.78782000000001,0.8578782000000001
600637.SH,600637,东方明珠,20180615,16.06,16.17,15.5,15.72,16.08,-0.36,-2.24,90166.33,141865.169,14186.5169,141.86516899999998,1.41865169
600637.SH,600637,东方明珠,20180619,15.41,15.51,14.15,14.15,15.72,-1.57,-9.99,146620.34,215900.104,21590.0104,215.900104,2.15900104
600637.SH,600637,东方明珠,20180620,14.2,14.67,14.18,14.59,14.15,0.44,3.11,68166.53,98302.262,9830.2262,98.302262,0.9830226200000002
600637.SH,600637,东方明珠,20180621,14.59,14.79,14.13,14.14,14.59,-0.45,-3.08,85532.15,123146.965,12314.6965,123.146965,1.23146965
600637.SH,600637,东方明珠,20180622,14.13,14.62,13.99,14.52,14.14,0.38,2.69,55315.7,79543.125,7954.3125,79.543125,0.79543125
600637.SH,600637,东方明珠,20180625,14.6,15.19,14.48,14.64,14.52,0.12,0.83,81183.85,120095.233,12009.5233,120.095233,1.20095233
600637.SH,600637,东方明珠,20180626,14.55,15.02,14.41,14.94,14.64,0.3,2.05,71423.68,106085.571,10608.5571,106.085571,1.06085571
600637.SH,600637,东方明珠,20180627,14.93,15.27,14.89,15.02,14.94,0.08,0.54,59655.74,89877.501,8987.750100000001,89.87750100000001,0.89877501
600637.SH,600637,东方明珠,20180628,15.0,15.05,14.6,14.7,15.02,-0.32,-2.13,52671.92,78150.079,7815.0079,78.15007899999999,0.78150079
600637.SH,600637,东方明珠,20180629,14.68,15.11,14.65,15.06,14.7,0.36,2.45,37676.32,56430.219,5643.0219,56.430219,0.5643021899999999
600637.SH,600637,东方明珠,20180702,15.0,15.12,14.66,14.82,15.06,-0.24,-1.59,51432.03,76718.328,7671.832799999999,76.71832799999999,0.7671832799999998
600637.SH,600637,东方明珠,20180703,14.84,14.93,14.66,14.88,14.82,0.06,0.4,58373.32,86422.084,8642.2084,86.422084,0.86422084
600637.SH,600637,东方明珠,20180704,14.82,14.85,14.3,14.34,14.88,-0.54,-3.63,72977.35,106063.858,10606.3858,106.063858,1.06063858
600637.SH,600637,东方明珠,20180705,14.39,14.8,14.38,14.44,14.34,0.1,0.7,83262.87,121450.868,12145.0868,121.450868,1.2145086800000002
600637.SH,600637,东方明珠,20180706,14.41,14.52,13.97,14.34,14.44,-0.1,-0.69,97433.16,139124.984,13912.4984,139.124984,1.3912498400000002
600637.SH,600637,东方明珠,20180709,14.36,14.52,14.3,14.48,14.34,0.14,0.98,66813.2,96412.824,9641.2824,96.412824,0.96412824
600637.SH,600637,东方明珠,20180710,14.49,14.61,14.37,14.56,14.48,0.08,0.55,57547.84,83474.979,8347.4979,83.474979,0.83474979
600637.SH,600637,东方明珠,20180711,14.35,14.35,13.54,13.75,14.56,-0.81,-5.56,130945.44,182165.843,18216.5843,182.165843,1.82165843
600637.SH,600637,东方明珠,20180712,13.77,14.21,13.77,14.17,13.75,0.42,3.05,108056.5,152098.679,15209.8679,152.098679,1.52098679
600637.SH,600637,东方明珠,20180713,14.22,14.45,14.16,14.29,14.17,0.12,0.85,99146.75,141693.27,14169.327,141.69326999999998,1.4169326999999998
600637.SH,600637,东方明珠,20180716,14.29,14.44,14.23,14.31,14.29,0.02,0.14,64991.91,93073.5,9307.35,93.0735,0.930735
600637.SH,600637,东方明珠,20180717,14.35,14.41,14.13,14.33,14.31,0.02,0.14,45301.72,64641.465,6464.1465,64.641465,0.64641465
600637.SH,600637,东方明珠,20180718,14.31,14.44,14.16,14.3,14.33,-0.03,-0.21,53137.07,75957.643,7595.7643,75.957643,0.7595764300000001
600637.SH,600637,东方明珠,20180719,14.29,14.29,13.81,13.88,14.3,-0.42,-2.94,83369.22,116704.438,11670.4438,116.704438,1.16704438
600637.SH,600637,东方明珠,20180720,13.88,14.1,13.71,14.03,13.88,0.15,1.0807,78357.39,109040.588,10904.0588,109.040588,1.09040588
600637.SH,600637,东方明珠,20180723,14.0,14.22,13.93,14.18,14.03,0.15,1.0691,73544.86,103450.616,10345.0616,103.450616,1.03450616
600637.SH,600637,东方明珠,20180724,14.14,14.55,14.14,14.48,14.18,0.3,2.1157,89256.53,128710.46,12871.046,128.71046,1.2871046000000002
600637.SH,600637,东方明珠,20180725,14.48,14.51,14.3,14.39,14.48,-0.09,-0.6215,64814.68,93443.505,9344.3505,93.443505,0.93443505
600637.SH,600637,东方明珠,20180726,14.4,14.57,14.37,14.41,14.39,0.02,0.139,80382.54,116071.598,11607.1598,116.071598,1.16071598
600637.SH,600637,东方明珠,20180727,14.42,14.46,14.18,14.24,14.41,-0.17,-1.1797,56967.38,81495.494,8149.549400000001,81.49549400000001,0.8149549400000001
600637.SH,600637,东方明珠,20180730,14.22,14.32,13.98,14.06,14.24,-0.18,-1.264,53069.26,74898.284,7489.8284,74.898284,0.74898284
600637.SH,600637,东方明珠,20180731,14.08,14.21,13.99,14.19,14.06,0.13,0.9246,36182.77,51067.752,5106.7752,51.067752,0.51067752
600637.SH,600637,东方明珠,20180801,14.18,14.27,13.95,14.03,14.19,-0.16,-1.1276,88502.93,124786.765,12478.6765,124.786765,1.24786765
600637.SH,600637,东方明珠,20180802,13.92,13.96,13.15,13.43,14.03,-0.6,-4.2766,121888.56,164593.726,16459.3726,164.59372599999998,1.6459372599999995
600637.SH,600637,东方明珠,20180803,13.55,13.56,13.18,13.25,13.43,-0.18,-1.3403,72123.42,96012.881,9601.2881,96.012881,0.96012881
600637.SH,600637,东方明珠,20180806,13.34,13.34,13.03,13.08,13.25,-0.17,-1.283,54084.36,71129.717,7112.9717,71.129717,0.71129717
600637.SH,600637,东方明珠,20180807,13.21,13.47,13.08,13.46,13.08,0.38,2.9052,56966.19,75753.22,7575.322,75.75322,0.7575322
600637.SH,600637,东方明珠,20180808,13.46,13.57,13.38,13.44,13.46,-0.02,-0.1486,47808.09,64396.999,6439.6999000000005,64.39699900000001,0.6439699900000001
600637.SH,600637,东方明珠,20180809,13.44,13.75,13.35,13.65,13.44,0.21,1.5625,58570.25,79826.319,7982.6319,79.826319,0.79826319
600637.SH,600637,东方明珠,20180810,13.66,13.87,13.64,13.81,13.65,0.16,1.1722,57250.03,78873.876,7887.3876,78.873876,0.78873876
600637.SH,600637,东方明珠,20180813,10.26,10.52,10.2,10.46,10.35,0.11,1.0628,54298.43,56267.967,5626.7967,56.267967,0.56267967
600637.SH,600637,东方明珠,20180814,10.38,10.45,10.29,10.31,10.46,-0.15,-1.434,53225.5,55029.21,5502.921,55.029210000000006,0.5502921000000001
600637.SH,600637,东方明珠,20180815,10.31,10.43,10.07,10.1,10.31,-0.21,-2.0369,49717.74,50879.824,5087.9824,50.879824,0.50879824
600637.SH,600637,东方明珠,20180816,10.04,10.18,9.99,10.03,10.1,-0.07,-0.6931,52670.8,53073.075,5307.3075,53.073075,0.5307307499999999
600637.SH,600637,东方明珠,20180817,10.1,10.19,9.89,9.93,10.03,-0.1,-0.997,41051.68,41050.315,4105.0315,41.050315,0.41050315
600637.SH,600637,东方明珠,20180820,9.93,10.0,9.75,9.91,9.93,-0.02,-0.2014,62303.64,61417.995,6141.7995,61.417995,0.61417995
600637.SH,600637,东方明珠,20180821,9.9,10.02,9.9,9.99,9.91,0.08,0.8073,34097.72,34010.865,3401.0865,34.010864999999995,0.3401086499999999
600637.SH,600637,东方明珠,20180822,9.98,10.0,9.85,9.88,9.99,-0.11,-1.1011,41168.68,40813.999,4081.3999,40.813999,0.40813999
600637.SH,600637,东方明珠,20180823,9.92,9.96,9.79,9.93,9.88,0.05,0.5061,42532.61,42081.816,4208.1816,42.081816,0.4208181599999999
600637.SH,600637,东方明珠,20180824,9.93,9.93,9.76,9.77,9.93,-0.16,-1.6113,76469.3,75042.896,7504.289599999999,75.04289599999998,0.7504289599999998
600637.SH,600637,东方明珠,20180827,9.8,10.04,9.8,10.03,9.77,0.26,2.6612,68764.03,68466.426,6846.642600000001,68.46642600000001,0.6846642600000001
600637.SH,600637,东方明珠,20180828,10.03,10.14,10.01,10.11,10.03,0.08,0.7976,45909.63,46357.846,4635.7846,46.357846,0.46357846
600637.SH,600637,东方明珠,20180829,10.09,10.14,10.04,10.1,10.11,-0.01,-0.0989,30569.27,30838.392,3083.8392,30.838392,0.30838392
600637.SH,600637,东方明珠,20180830,10.09,10.1,9.91,9.92,10.1,-0.18,-1.7822,39496.4,39380.34,3938.034,39.38034,0.3938033999999999
600637.SH,600637,东方明珠,20180831,9.95,9.98,9.79,9.91,9.92,-0.01,-0.1008,54219.78,53582.741,5358.2741000000005,53.582741000000006,0.53582741
600637.SH,600637,东方明珠,20180903,9.86,9.91,9.81,9.89,9.91,-0.02,-0.2018,34457.24,33973.108,3397.3108,33.973108,0.33973108
600637.SH,600637,东方明珠,20180904,9.88,10.07,9.85,10.03,9.89,0.14,1.4156,49453.85,49290.727,4929.0727,49.290727,0.4929072699999999
600637.SH,600637,东方明珠,20180905,9.99,10.04,9.89,9.9,10.03,-0.13,-1.2961,36903.45,36806.062,3680.6062,36.806062,0.3680606199999999
600637.SH,600637,东方明珠,20180906,9.88,9.95,9.85,9.88,9.9,-0.02,-0.202,33694.8,33337.875,3333.7875,33.337875,0.3333787499999999
600637.SH,600637,东方明珠,20180907,9.89,9.97,9.83,9.83,9.88,-0.05,-0.5061,45058.0,44561.072,4456.1072,44.561072,0.44561072
600637.SH,600637,东方明珠,20180910,9.85,9.87,9.69,9.72,9.83,-0.11,-1.119,57200.36,55767.967,5576.7967,55.767967,0.55767967
600637.SH,600637,东方明珠,20180911,9.72,9.75,9.6,9.68,9.72,-0.04,-0.4115,39243.21,37976.388,3797.6388,37.976388,0.37976388
600637.SH,600637,东方明珠,20180912,9.68,9.75,9.63,9.66,9.68,-0.02,-0.2066,44611.73,43219.712,4321.9712,43.219712,0.43219712
600637.SH,600637,东方明珠,20180913,9.73,9.79,9.6,9.78,9.66,0.12,1.2422,74066.21,71774.591,7177.4591,71.774591,0.71774591
600637.SH,600637,东方明珠,20180914,9.75,9.84,9.72,9.78,9.78,0.0,0.0,45074.48,44073.787,4407.378699999999,44.073787,0.44073787
600637.SH,600637,东方明珠,20180917,9.79,9.79,9.64,9.65,9.78,-0.13,-1.3292,29519.21,28568.93,2856.893,28.56893,0.2856893
600637.SH,600637,东方明珠,20180918,9.65,9.76,9.51,9.75,9.65,0.1,1.0363,37986.1,36708.015,3670.8015,36.708015,0.36708015
600637.SH,600637,东方明珠,20180919,9.72,9.87,9.69,9.85,9.75,0.1,1.0256,57088.34,55935.764,5593.5764,55.935764,0.55935764
600637.SH,600637,东方明珠,20180920,9.81,9.87,9.78,9.82,9.85,-0.03,-0.3046,44953.2,44173.624,4417.3624,44.173624,0.4417362399999999
600637.SH,600637,东方明珠,20180921,9.85,10.03,9.83,10.01,9.82,0.19,1.9348,61165.71,60814.505,6081.4505,60.814505,0.60814505
600637.SH,600637,东方明珠,20180925,9.96,10.07,9.92,9.98,10.01,-0.03,-0.2997,46529.45,46490.019,4649.0019,46.490019,0.46490019
600637.SH,600637,东方明珠,20180926,9.98,10.08,9.96,10.01,9.98,0.03,0.3006,53056.77,53232.905,5323.2905,53.232905,0.53232905
600637.SH,600637,东方明珠,20180927,10.03,10.07,9.9,9.94,10.01,-0.07,-0.6993,55323.12,55268.163,5526.8163,55.268163,0.55268163
600637.SH,600637,东方明珠,20180928,10.0,10.08,9.94,10.08,9.94,0.14,1.4085,56650.5,56750.529,5675.052900000001,56.75052900000001,0.56750529
600637.SH,600637,东方明珠,20181008,9.94,10.0,9.76,9.78,10.08,-0.3,-2.9762,71557.35,70833.233,7083.323299999999,70.83323299999999,0.70833233
600637.SH,600637,东方明珠,20181009,9.79,9.85,9.6,9.69,9.78,-0.09,-0.9202,62620.86,60754.574,6075.4574,60.754574000000005,0.6075457400000001
600637.SH,600637,东方明珠,20181010,9.69,9.75,9.61,9.69,9.69,0.0,0.0,35988.34,34834.128,3483.4128,34.83412799999999,0.3483412799999999
600637.SH,600637,东方明珠,20181011,9.36,9.49,8.9,9.0,9.69,-0.69,-7.1207,117399.23,107950.464,10795.0464,107.950464,1.07950464
600637.SH,600637,东方明珠,20181012,8.97,9.04,8.6,8.83,9.0,-0.17,-1.8889,86437.66,76560.449,7656.044899999999,76.56044899999999,0.7656044899999999
600637.SH,600637,东方明珠,20181015,8.89,8.93,8.63,8.67,8.83,-0.16,-1.812,46727.67,41101.454,4110.145399999999,41.101454,0.41101454
600637.SH,600637,东方明珠,20181016,8.7,8.78,8.3,8.35,8.67,-0.32,-3.6909,72689.54,62017.086,6201.7086,62.017086,0.62017086
600637.SH,600637,东方明珠,20181017,8.45,8.53,8.35,8.49,8.35,0.14,1.6766,59960.43,50645.039,5064.5039,50.645039,0.5064503899999999
600637.SH,600637,东方明珠,20181018,8.41,8.49,8.29,8.33,8.49,-0.16,-1.8846,56123.49,47147.348,4714.7348,47.147348,0.47147348
600637.SH,600637,东方明珠,20181019,8.25,8.64,8.19,8.63,8.33,0.3,3.6014,66687.97,56590.731,5659.0731,56.590731,0.5659073099999999
600637.SH,600637,东方明珠,20181022,8.71,9.11,8.71,9.01,8.63,0.38,4.4032,105370.89,94742.307,9474.2307,94.742307,0.94742307
600637.SH,600637,东方明珠,20181023,8.97,9.1,8.86,8.89,9.01,-0.12,-1.3319,86284.48,77529.511,7752.9511,77.529511,0.77529511
600637.SH,600637,东方明珠,20181024,8.9,9.07,8.87,8.91,8.89,0.02,0.225,58842.96,52762.619,5276.2619,52.762619,0.5276261899999999
600637.SH,600637,东方明珠,20181025,8.71,8.92,8.66,8.92,8.91,0.01,0.1122,71320.64,62568.681,6256.8681,62.568681,0.6256868099999999
600637.SH,600637,东方明珠,20181026,8.94,9.05,8.88,9.01,8.92,0.09,1.009,46267.01,41521.222,4152.1222,41.521222,0.4152122199999999
600637.SH,600637,东方明珠,20181029,8.99,9.04,8.9,8.96,9.01,-0.05,-0.5549,43966.07,39401.322,3940.1322,39.401322,0.39401322
600637.SH,600637,东方明珠,20181030,9.0,9.08,8.92,9.04,8.96,0.08,0.8929,77803.17,70202.732,7020.2732000000005,70.20273200000001,0.7020273200000001
600637.SH,600637,东方明珠,20181031,9.04,9.17,9.02,9.13,9.04,0.09,0.9956,63158.35,57578.667,5757.8667000000005,57.578667,0.5757866700000001
600637.SH,600637,东方明珠,20181101,9.17,9.31,9.12,9.14,9.13,0.01,0.1095,97810.6,90229.734,9022.9734,90.229734,0.90229734
600637.SH,600637,东方明珠,20181102,9.25,9.38,9.21,9.38,9.14,0.24,2.6258,97845.28,91120.868,9112.0868,91.12086800000002,0.91120868
600637.SH,600637,东方明珠,20181105,9.39,9.6,9.33,9.56,9.38,0.18,1.919,112108.68,106259.761,10625.9761,106.259761,1.06259761
600637.SH,600637,东方明珠,20181106,9.54,9.84,9.37,9.69,9.56,0.13,1.3598,123675.02,118985.565,11898.5565,118.985565,1.1898556500000002
600637.SH,600637,东方明珠,20181107,9.63,9.71,9.51,9.57,9.69,-0.12,-1.2384,93497.51,89667.089,8966.708900000001,89.66708900000002,0.8966708900000002
600637.SH,600637,东方明珠,20181108,9.61,9.68,9.47,9.51,9.57,-0.06,-0.627,56224.18,53694.306,5369.4306,53.694306,0.53694306
600637.SH,600637,东方明珠,20181109,9.49,9.5,9.34,9.39,9.51,-0.12,-1.2618,69772.64,65621.306,6562.1306,65.62130599999999,0.6562130599999999
600637.SH,600637,东方明珠,20181112,9.34,9.66,9.34,9.66,9.39,0.27,2.8754,75287.31,72072.477,7207.2477,72.07247699999999,0.7207247699999999
600637.SH,600637,东方明珠,20181113,9.58,9.96,9.53,9.9,9.66,0.24,2.4845,120528.6,118832.237,11883.2237,118.832237,1.18832237
600637.SH,600637,东方明珠,20181114,9.84,10.02,9.84,9.95,9.9,0.05,0.5051,87468.18,86758.053,8675.8053,86.758053,0.86758053
600637.SH,600637,东方明珠,20181115,10.01,10.05,9.91,9.97,9.95,0.02,0.201,82250.06,82023.248,8202.3248,82.02324800000001,0.82023248
600637.SH,600637,东方明珠,20181116,9.99,10.61,9.99,10.59,9.97,0.62,6.2187,271173.42,281095.502,28109.5502,281.09550199999995,2.81095502
600637.SH,600637,东方明珠,20181119,10.55,10.72,10.41,10.62,10.59,0.03,0.2833,205035.48,216584.163,21658.4163,216.584163,2.16584163
600637.SH,600637,东方明珠,20181120,10.52,10.52,10.22,10.25,10.62,-0.37,-3.484,132751.26,137566.979,13756.6979,137.566979,1.37566979
600637.SH,600637,东方明珠,20181121,10.11,10.3,10.07,10.2,10.25,-0.05,-0.4878,79446.45,80883.181,8088.318099999999,80.883181,0.8088318099999999
600637.SH,600637,东方明珠,20181122,10.33,10.55,10.24,10.43,10.2,0.23,2.2549,119950.17,125015.801,12501.5801,125.015801,1.25015801
600637.SH,600637,东方明珠,20181123,10.39,10.4,9.84,9.98,10.43,-0.45,-4.3145,113165.21,114047.033,11404.7033,114.047033,1.14047033
600637.SH,600637,东方明珠,20181126,9.95,10.13,9.9,10.0,9.98,0.02,0.2004,51220.98,51310.469,5131.046899999999,51.31046899999999,0.5131046899999999
600637.SH,600637,东方明珠,20181127,10.03,10.16,9.96,10.02,10.0,0.02,0.2,65208.26,65627.649,6562.7649,65.627649,0.6562764900000001
600637.SH,600637,东方明珠,20181128,10.05,11.02,9.97,10.94,10.02,0.92,9.1816,361244.53,387269.378,38726.9378,387.269378,3.87269378
600637.SH,600637,东方明珠,20181129,10.96,10.98,10.35,10.35,10.94,-0.59,-5.3931,260837.49,278286.229,27828.6229,278.286229,2.78286229
600637.SH,600637,东方明珠,20181130,10.19,10.32,9.94,10.13,10.35,-0.22,-2.1256,148016.91,149891.271,14989.127100000002,149.89127100000002,1.49891271
600637.SH,600637,东方明珠,20181203,10.33,10.52,10.23,10.35,10.13,0.22,2.1718,128255.76,133376.423,13337.6423,133.37642300000002,1.33376423
600637.SH,600637,东方明珠,20181204,10.33,10.5,10.28,10.49,10.35,0.14,1.3527,98644.06,102651.687,10265.1687,102.651687,1.02651687
600637.SH,600637,东方明珠,20181205,10.29,10.38,10.21,10.26,10.49,-0.23,-2.1926,86760.2,89397.851,8939.7851,89.39785099999999,0.8939785099999998
600637.SH,600637,东方明珠,20181206,10.24,10.3,10.05,10.1,10.26,-0.16,-1.5595,79962.82,81376.821,8137.6821,81.376821,0.8137682100000001
600637.SH,600637,东方明珠,20181207,10.1,10.18,9.97,10.02,10.1,-0.08,-0.7921,62176.43,62465.924,6246.5924,62.465924,0.62465924
600637.SH,600637,东方明珠,20181210,9.97,10.15,9.95,10.06,10.02,0.04,0.3992,50455.07,50806.393,5080.6393,50.806393,0.50806393
600637.SH,600637,东方明珠,20181211,10.13,10.33,10.07,10.18,10.06,0.12,1.1928,63527.43,64892.206,6489.2206,64.892206,0.64892206
600637.SH,600637,东方明珠,20181212,10.35,10.37,10.12,10.21,10.18,0.03,0.2947,39742.89,40598.28,4059.828,40.59828,0.4059828
600637.SH,600637,东方明珠,20181213,10.22,10.33,10.18,10.26,10.21,0.05,0.4897,70593.11,72519.752,7251.975199999999,72.51975199999998,0.7251975199999998
600637.SH,600637,东方明珠,20181214,10.25,10.33,9.9,9.97,10.26,-0.29,-2.8265,132963.18,134523.385,13452.338500000002,134.52338500000002,1.3452338500000005
600637.SH,600637,东方明珠,20181217,9.99,10.14,9.9,10.09,9.97,0.12,1.2036,52437.35,52659.448,5265.944799999999,52.65944799999999,0.5265944799999999
600637.SH,600637,东方明珠,20181218,10.04,10.18,9.93,10.1,10.09,0.01,0.0991,45509.55,45786.256,4578.6256,45.786256,0.45786256
600637.SH,600637,东方明珠,20181219,10.08,10.11,9.96,9.99,10.1,-0.11,-1.0891,37645.64,37749.017,3774.9017,37.749017,0.37749017
600637.SH,600637,东方明珠,20181220,9.99,10.11,9.97,10.07,9.99,0.08,0.8008,46130.85,46323.617,4632.3617,46.32361699999999,0.4632361699999999
600637.SH,600637,东方明珠,20181221,10.08,10.15,9.99,10.1,10.07,0.03,0.2979,60659.95,61149.33,6114.933,61.14933,0.6114933
600637.SH,600637,东方明珠,20181224,10.08,10.21,10.05,10.13,10.1,0.03,0.297,46054.14,46706.334,4670.633400000001,46.706334000000005,0.46706334
600637.SH,600637,东方明珠,20181225,9.98,10.02,9.42,9.83,10.13,-0.3,-2.9615,96947.17,94228.962,9422.8962,94.228962,0.94228962
600637.SH,600637,东方明珠,20181226,9.8,10.0,9.74,9.92,9.83,0.09,0.9156,68849.82,68196.18,6819.618,68.19618,0.6819618
600637.SH,600637,东方明珠,20181227,10.01,10.26,9.97,10.14,9.92,0.22,2.2177,105962.66,107490.496,10749.0496,107.490496,1.07490496
600637.SH,600637,东方明珠,20181228,10.12,10.25,10.09,10.24,10.14,0.1,0.9862,87093.41,88829.271,8882.927099999999,88.82927099999999,0.8882927099999999
600637.SH,600637,东方明珠,20190102,10.28,10.33,10.13,10.28,10.24,0.04,0.3906,79648.11,81563.255,8156.325500000001,81.56325500000001,0.8156325500000001
600637.SH,600637,东方明珠,20190103,10.27,10.31,10.16,10.26,10.28,-0.02,-0.1946,67194.06,68846.619,6884.661900000001,68.846619,0.6884661900000001
600637.SH,600637,东方明珠,20190104,10.16,10.57,10.1,10.5,10.26,0.24,2.3392,109758.23,114288.788,11428.8788,114.288788,1.1428878800000002
600637.SH,600637,东方明珠,20190107,10.53,10.76,10.47,10.56,10.5,0.06,0.5714,124574.83,132041.042,13204.104199999998,132.04104199999998,1.3204104199999998
600637.SH,600637,东方明珠,20190108,10.55,10.63,10.45,10.58,10.56,0.02,0.1894,60085.06,63232.403,6323.2403,63.232403,0.6323240299999999
600637.SH,600637,东方明珠,20190109,10.5,10.7,10.45,10.45,10.58,-0.13,-1.2287,88769.69,94110.231,9411.0231,94.110231,0.94110231
600637.SH,600637,东方明珠,20190110,10.47,10.51,10.32,10.33,10.45,-0.12,-1.1483,66767.21,69582.32,6958.232000000001,69.58232000000001,0.6958232000000001
600637.SH,600637,东方明珠,20190111,10.35,10.48,10.28,10.39,10.33,0.06,0.5808,57318.35,59408.563,5940.8563,59.408563,0.59408563
600637.SH,600637,东方明珠,20190114,10.42,10.44,10.28,10.31,10.39,-0.08,-0.77,46384.58,47872.237,4787.2237000000005,47.872237000000005,0.47872237
600637.SH,600637,东方明珠,20190115,10.31,10.36,10.24,10.35,10.31,0.04,0.388,74034.66,76278.854,7627.885400000001,76.27885400000001,0.7627885400000001
600637.SH,600637,东方明珠,20190116,10.39,10.41,10.24,10.28,10.35,-0.07,-0.6763,54507.13,56223.294,5622.3294000000005,56.223294,0.56223294
600637.SH,600637,东方明珠,20190117,10.3,10.31,10.12,10.16,10.28,-0.12,-1.1673,48602.11,49593.732,4959.3732,49.593732,0.49593732
600637.SH,600637,东方明珠,20190118,10.17,10.28,10.05,10.2,10.16,0.04,0.3937,77200.53,78453.388,7845.3388,78.453388,0.78453388
600637.SH,600637,东方明珠,20190121,10.22,10.3,10.17,10.27,10.2,0.07,0.6863,48254.5,49425.252,4942.5252,49.425252,0.49425252
600637.SH,600637,东方明珠,20190122,10.28,10.28,9.97,10.03,10.27,-0.24,-2.3369,75827.07,76399.097,7639.909699999999,76.399097,0.7639909699999999
600637.SH,600637,东方明珠,20190123,10.02,10.09,9.97,10.05,10.03,0.02,0.1994,38267.64,38346.963,3834.696300000001,38.346963,0.38346963
600637.SH,600637,东方明珠,20190124,10.06,10.1,9.94,10.1,10.05,0.05,0.4975,63469.85,63712.443,6371.2443,63.712443,0.63712443
600637.SH,600637,东方明珠,20190125,10.08,10.1,9.96,9.98,10.1,-0.12,-1.1881,59051.22,59126.496,5912.6496,59.126496,0.59126496
600637.SH,600637,东方明珠,20190128,10.03,10.14,9.99,10.02,9.98,0.04,0.4008,51571.69,51905.046,5190.5046,51.905046,0.51905046
600637.SH,600637,东方明珠,20190129,9.98,10.04,9.65,9.87,10.02,-0.15,-1.497,73070.0,71739.364,7173.9364000000005,71.73936400000001,0.71739364
600637.SH,600637,东方明珠,20190130,9.82,9.94,9.76,9.8,9.87,-0.07,-0.7092,34241.62,33683.48,3368.3480000000004,33.68348,0.3368348
600637.SH,600637,东方明珠,20190131,9.84,10.02,9.78,9.88,9.8,0.08,0.8163,61462.89,60810.856,6081.0856,60.810856,0.60810856
600637.SH,600637,东方明珠,20190201,9.88,10.05,9.83,10.05,9.88,0.17,1.7206,49347.96,49171.493,4917.1493,49.171493,0.49171493
600637.SH,600637,东方明珠,20190211,10.05,10.18,10.02,10.17,10.05,0.12,1.194,64916.85,65739.331,6573.9331,65.739331,0.6573933100000001
600637.SH,600637,东方明珠,20190212,10.17,10.39,10.14,10.34,10.17,0.17,1.6716,98321.91,101220.853,10122.0853,101.220853,1.01220853
600637.SH,600637,东方明珠,20190213,10.38,10.56,10.33,10.52,10.34,0.18,1.7408,124497.97,130340.573,13034.0573,130.340573,1.3034057300000002
600637.SH,600637,东方明珠,20190214,10.5,10.61,10.48,10.53,10.52,0.01,0.0951,98327.15,103749.956,10374.9956,103.749956,1.03749956
600637.SH,600637,东方明珠,20190215,10.54,10.7,10.52,10.52,10.53,-0.01,-0.095,103399.13,109713.134,10971.3134,109.713134,1.09713134
600637.SH,600637,东方明珠,20190218,10.57,10.88,10.57,10.85,10.52,0.33,3.1369,121397.14,130268.698,13026.8698,130.268698,1.30268698
600637.SH,600637,东方明珠,20190219,10.88,10.89,10.65,10.75,10.85,-0.1,-0.9217,124021.94,133323.512,13332.3512,133.323512,1.33323512
600637.SH,600637,东方明珠,20190220,10.76,10.79,10.61,10.75,10.75,0.0,0.0,93145.55,99691.767,9969.1767,99.691767,0.99691767
600637.SH,600637,东方明珠,20190221,10.75,10.95,10.68,10.76,10.75,0.01,0.093,117340.18,127058.089,12705.8089,127.058089,1.27058089
600637.SH,600637,东方明珠,20190222,10.82,11.39,10.82,11.32,10.76,0.56,5.2045,295975.53,331673.87,33167.387,331.67387,3.3167387
600637.SH,600637,东方明珠,20190225,11.3,11.88,11.3,11.79,11.32,0.47,4.1519,340004.7,396607.447,39660.7447,396.607447,3.96607447
600637.SH,600637,东方明珠,20190226,11.83,11.96,11.6,11.67,11.79,-0.12,-1.0178,262107.78,308427.801,30842.7801,308.427801,3.08427801
600637.SH,600637,东方明珠,20190227,11.66,11.8,11.46,11.62,11.67,-0.05,-0.4284,238101.59,277380.776,27738.0776,277.380776,2.7738077600000004
600637.SH,600637,东方明珠,20190228,11.63,11.68,11.38,11.38,11.62,-0.24,-2.0654,147136.28,169524.718,16952.4718,169.524718,1.69524718
600637.SH,600637,东方明珠,20190301,11.5,11.79,11.44,11.64,11.38,0.26,2.2847,197201.56,229356.225,22935.6225,229.356225,2.2935622500000004
600637.SH,600637,东方明珠,20190304,12.21,12.46,11.9,11.96,11.64,0.32,2.7491,412139.33,498765.184,49876.5184,498.765184,4.987651840000001
600637.SH,600637,东方明珠,20190305,11.97,12.55,11.81,12.55,11.96,0.59,4.9331,463305.03,568674.416,56867.4416,568.674416,5.68674416
600637.SH,600637,东方明珠,20190306,12.45,12.55,12.19,12.37,12.55,-0.18,-1.4343,371680.64,458718.996,45871.8996,458.718996,4.58718996
600637.SH,600637,东方明珠,20190307,12.35,12.35,11.92,11.99,12.37,-0.38,-3.0719,538818.74,652175.506,65217.5506,652.175506,6.52175506
600637.SH,600637,东方明珠,20190308,11.85,11.99,11.38,11.38,11.99,-0.61,-5.0876,378769.15,443449.659,44344.9659,443.449659,4.434496589999999
600637.SH,600637,东方明珠,20190311,11.54,11.79,11.4,11.76,11.38,0.38,3.3392,304394.17,353427.24,35342.724,353.42724000000004,3.5342724000000003
600637.SH,600637,东方明珠,20190312,11.85,12.94,11.84,12.94,11.76,1.18,10.034,1135627.21,1437617.603,143761.7603,1437.617603,14.37617603
600637.SH,600637,东方明珠,20190313,13.3,13.36,12.5,12.58,12.94,-0.36,-2.7821,1023020.22,1329047.216,132904.7216,1329.047216,13.29047216
600637.SH,600637,东方明珠,20190314,12.5,12.68,11.94,12.18,12.58,-0.4,-3.1797,453175.32,556164.944,55616.4944,556.164944,5.56164944
600637.SH,600637,东方明珠,20190315,12.3,12.92,12.0,12.37,12.18,0.19,1.5599,614070.81,765280.365,76528.0365,765.2803650000001,7.652803650000001
600637.SH,600637,东方明珠,20190318,12.39,12.55,12.23,12.49,12.37,0.12,0.9701,403300.18,499560.959,49956.0959,499.560959,4.99560959
600637.SH,600637,东方明珠,20190319,12.36,12.89,12.33,12.71,12.49,0.22,1.7614,445924.86,565288.939,56528.8939,565.288939,5.65288939
600637.SH,600637,东方明珠,20190320,12.68,12.85,12.21,12.41,12.71,-0.3,-2.3603,346489.45,433021.676,43302.1676,433.021676,4.33021676
600637.SH,600637,东方明珠,20190321,12.45,13.65,12.35,13.65,12.41,1.24,9.9919,1237705.26,1656658.203,165665.8203,1656.658203,16.56658203
600637.SH,600637,东方明珠,20190322,13.59,13.59,12.92,13.17,13.65,-0.48,-3.5165,923742.9,1221962.677,122196.2677,1221.962677,12.21962677
600637.SH,600637,东方明珠,20190325,12.95,13.22,12.78,12.84,13.17,-0.33,-2.5057,504648.77,654402.516,65440.2516,654.402516,6.54402516
600637.SH,600637,东方明珠,20190326,12.87,12.94,12.36,12.44,12.84,-0.4,-3.1153,354621.15,446006.029,44600.6029,446.006029,4.46006029
600637.SH,600637,东方明珠,20190327,12.5,12.55,12.08,12.4,12.44,-0.04,-0.3215,216912.72,267141.029,26714.1029,267.141029,2.67141029
600637.SH,600637,东方明珠,20190328,12.33,12.54,11.99,12.03,12.4,-0.37,-2.9839,331224.47,405557.873,40555.7873,405.557873,4.055578730000001
600637.SH,600637,东方明珠,20190329,12.0,12.37,11.85,12.35,12.03,0.32,2.66,305152.37,371379.485,37137.9485,371.379485,3.71379485
600637.SH,600637,东方明珠,20190401,12.41,12.74,12.41,12.64,12.35,0.29,2.3482,371077.57,468551.654,46855.1654,468.551654,4.68551654
600637.SH,600637,东方明珠,20190402,12.72,12.86,12.53,12.6,12.64,-0.04,-0.3165,320679.0,407416.828,40741.6828,407.416828,4.074168279999999
600637.SH,600637,东方明珠,20190403,12.54,13.14,12.49,13.05,12.6,0.45,3.5714,531837.57,687074.21,68707.421,687.07421,6.8707421
600637.SH,600637,东方明珠,20190404,13.1,13.15,12.75,12.89,13.05,-0.16,-1.2261,396598.7,511630.737,51163.0737,511.630737,5.11630737
600637.SH,600637,东方明珠,20190408,12.95,13.03,12.46,12.66,12.89,-0.23,-1.7843,358374.0,457094.936,45709.4936,457.094936,4.57094936
600637.SH,600637,东方明珠,20190409,12.59,12.84,12.53,12.68,12.66,0.02,0.158,199809.13,253745.0,25374.5,253.745,2.53745
600637.SH,600637,东方明珠,20190410,12.57,12.65,12.41,12.54,12.68,-0.14,-1.1041,207452.84,259244.121,25924.4121,259.244121,2.59244121
600637.SH,600637,东方明珠,20190411,12.55,12.6,12.2,12.39,12.54,-0.15,-1.1962,232268.77,287210.378,28721.0378,287.210378,2.87210378
600637.SH,600637,东方明珠,20190412,12.41,12.56,12.31,12.48,12.39,0.09,0.7264,166178.71,207065.291,20706.5291,207.065291,2.07065291
600637.SH,600637,东方明珠,20190415,12.59,12.66,12.2,12.25,12.48,-0.23,-1.8429,217540.73,271604.605,27160.4605,271.604605,2.71604605
600637.SH,600637,东方明珠,20190416,12.23,12.4,11.96,12.4,12.25,0.15,1.2245,227099.88,275973.256,27597.3256,275.973256,2.75973256
600637.SH,600637,东方明珠,20190417,12.38,12.55,12.33,12.43,12.4,0.03,0.2419,179833.26,223516.826,22351.6826,223.516826,2.23516826
600637.SH,600637,东方明珠,20190418,12.39,12.45,12.16,12.18,12.43,-0.25,-2.0113,162860.66,199573.081,19957.3081,199.57308100000003,1.9957308100000004
600637.SH,600637,东方明珠,20190419,12.19,12.29,12.05,12.21,12.18,0.03,0.2463,141448.98,171997.785,17199.7785,171.997785,1.71997785
600637.SH,600637,东方明珠,20190422,12.22,12.48,12.17,12.2,12.21,-0.01,-0.0819,167580.47,206102.001,20610.2001,206.102001,2.06102001
600637.SH,600637,东方明珠,20190423,12.17,12.45,12.12,12.18,12.2,-0.02,-0.1639,159986.38,196578.083,19657.8083,196.578083,1.96578083
600637.SH,600637,东方明珠,20190424,12.19,12.23,11.85,12.0,12.18,-0.18,-1.4778,236056.32,282814.21,28281.421,282.81421,2.8281421
600637.SH,600637,东方明珠,20190425,12.0,12.05,11.61,11.62,12.0,-0.38,-3.1667,163897.06,193915.712,19391.5712,193.915712,1.93915712
600637.SH,600637,东方明珠,20190426,11.58,11.65,11.35,11.36,11.62,-0.26,-2.2375,176381.88,202011.671,20201.1671,202.011671,2.02011671
600637.SH,600637,东方明珠,20190429,11.39,11.5,11.13,11.15,11.36,-0.21,-1.8486,144148.04,163296.655,16329.6655,163.296655,1.63296655
600637.SH,600637,东方明珠,20190430,11.28,11.41,11.25,11.35,11.15,0.2,1.7937,116213.5,131876.323,13187.6323,131.876323,1.31876323
600637.SH,600637,东方明珠,20190506,11.08,11.15,10.22,10.33,11.35,-1.02,-8.9868,305502.93,321976.052,32197.6052,321.97605200000004,3.2197605200000003
600637.SH,600637,东方明珠,20190507,10.35,10.49,10.23,10.45,10.33,0.12,1.1617,138410.7,143845.001,14384.5001,143.845001,1.43845001
600637.SH,600637,东方明珠,20190508,10.23,10.46,10.1,10.33,10.45,-0.12,-1.1483,111222.09,114693.398,11469.3398,114.693398,1.14693398
600637.SH,600637,东方明珠,20190509,10.3,10.4,10.21,10.25,10.33,-0.08,-0.7744,88642.43,91263.244,9126.3244,91.263244,0.91263244
600637.SH,600637,东方明珠,20190510,10.32,10.52,10.16,10.51,10.25,0.26,2.5366,146851.9,153167.509,15316.7509,153.167509,1.53167509
600637.SH,600637,东方明珠,20190513,10.43,10.45,10.32,10.39,10.51,-0.12,-1.1418,101376.31,105388.72,10538.872,105.38872,1.0538872
600637.SH,600637,东方明珠,20190514,10.29,10.59,10.22,10.36,10.39,-0.03,-0.2887,149966.87,156181.049,15618.1049,156.181049,1.56181049
600637.SH,600637,东方明珠,20190515,10.41,10.59,10.41,10.48,10.36,0.12,1.1583,141265.28,148239.712,14823.9712,148.239712,1.48239712
600637.SH,600637,东方明珠,20190516,10.45,10.6,10.43,10.57,10.48,0.09,0.8588,112231.79,118176.651,11817.6651,118.176651,1.18176651
600637.SH,600637,东方明珠,20190517,10.59,10.62,10.06,10.13,10.57,-0.44,-4.1627,165937.62,171388.58,17138.858,171.38858,1.7138858
600637.SH,600637,东方明珠,20190520,10.16,10.24,9.99,10.2,10.13,0.07,0.691,121018.47,122407.78,12240.778,122.40778,1.2240778
600637.SH,600637,东方明珠,20190521,10.21,10.42,10.13,10.33,10.2,0.13,1.2745,103161.51,106395.656,10639.5656,106.395656,1.06395656
600637.SH,600637,东方明珠,20190522,10.34,10.4,10.16,10.26,10.33,-0.07,-0.6776,79112.58,81337.498,8133.7498,81.33749800000001,0.8133749800000001
600637.SH,600637,东方明珠,20190523,10.22,10.25,10.0,10.03,10.26,-0.23,-2.2417,97331.35,98135.193,9813.5193,98.135193,0.98135193
600637.SH,600637,东方明珠,20190524,9.99,10.12,9.94,10.04,10.03,0.01,0.0997,84976.51,85096.982,8509.6982,85.09698200000001,0.8509698200000001
600637.SH,600637,东方明珠,20190527,10.04,10.22,9.96,10.2,10.04,0.16,1.5936,114270.21,115464.511,11546.4511,115.464511,1.15464511
600637.SH,600637,东方明珠,20190528,10.2,10.32,10.12,10.28,10.2,0.08,0.7843,131276.48,134516.995,13451.6995,134.51699499999998,1.3451699499999998
600637.SH,600637,东方明珠,20190529,10.2,10.26,10.14,10.22,10.28,-0.06,-0.5837,80094.59,81757.104,8175.710400000001,81.75710400000001,0.8175710400000001
600637.SH,600637,东方明珠,20190530,10.19,10.19,10.02,10.18,10.22,-0.04,-0.3914,82519.95,83300.695,8330.069500000001,83.30069500000002,0.8330069500000001
600637.SH,600637,东方明珠,20190531,10.18,10.23,10.08,10.16,10.18,-0.02,-0.1965,82331.0,83633.231,8363.3231,83.633231,0.83633231
600637.SH,600637,东方明珠,20190603,10.14,10.2,9.99,10.08,10.16,-0.08,-0.7874,102364.37,103278.128,10327.8128,103.278128,1.03278128
600637.SH,600637,东方明珠,20190604,10.08,10.13,9.88,9.98,10.08,-0.1,-0.9921,100928.43,101018.904,10101.8904,101.018904,1.01018904
600637.SH,600637,东方明珠,20190605,10.07,10.28,9.97,10.17,9.98,0.19,1.9038,141549.34,143164.852,14316.4852,143.164852,1.43164852
600637.SH,600637,东方明珠,20190606,10.24,10.33,9.96,10.01,10.17,-0.16,-1.5733,115964.4,116641.381,11664.1381,116.641381,1.16641381
600637.SH,600637,东方明珠,20190610,10.03,10.08,9.94,10.01,10.01,0.0,0.0,103143.65,103167.316,10316.7316,103.167316,1.0316731600000002
600637.SH,600637,东方明珠,20190611,10.1,10.38,10.08,10.36,10.01,0.35,3.4965,180862.97,185321.646,18532.1646,185.321646,1.85321646
600637.SH,600637,东方明珠,20190612,10.34,10.46,10.25,10.35,10.36,-0.01,-0.0965,148309.41,153437.6,15343.76,153.4376,1.534376
600637.SH,600637,东方明珠,20190613,10.49,10.77,10.47,10.67,10.35,0.32,3.0918,234003.91,249011.524,24901.1524,249.011524,2.49011524
600637.SH,600637,东方明珠,20190614,10.62,10.72,10.39,10.41,10.67,-0.26,-2.4367,182002.61,192012.676,19201.2676,192.012676,1.92012676
600637.SH,600637,东方明珠,20190617,10.4,10.55,10.32,10.48,10.41,0.07,0.6724,108301.65,113056.677,11305.6677,113.056677,1.13056677
600637.SH,600637,东方明珠,20190618,10.44,10.46,10.26,10.35,10.48,-0.13,-1.2405,99211.51,102688.087,10268.8087,102.688087,1.02688087
600637.SH,600637,东方明珠,20190619,10.52,10.58,10.4,10.43,10.35,0.08,0.7729,133091.73,139563.958,13956.395800000002,139.563958,1.39563958
600637.SH,600637,东方明珠,20190620,10.42,10.65,10.35,10.61,10.43,0.18,1.7258,159175.58,167753.788,16775.3788,167.753788,1.6775378799999998
600637.SH,600637,东方明珠,20190621,10.66,10.84,10.65,10.76,10.61,0.15,1.4138,176589.1,189733.303,18973.3303,189.733303,1.89733303
600637.SH,600637,东方明珠,20190624,10.75,10.79,10.65,10.68,10.76,-0.08,-0.7435,105478.41,112875.276,11287.5276,112.875276,1.12875276
600637.SH,600637,东方明珠,20190625,10.68,10.68,10.43,10.65,10.68,-0.03,-0.2809,123755.42,130534.968,13053.4968,130.534968,1.30534968
600637.SH,600637,东方明珠,20190626,10.57,10.66,10.49,10.63,10.65,-0.02,-0.1878,91017.16,96227.378,9622.7378,96.227378,0.96227378
600637.SH,600637,东方明珠,20190627,10.6,10.69,10.56,10.63,10.63,0.0,0.0,106488.74,113032.767,11303.2767,113.032767,1.13032767
600637.SH,600637,东方明珠,20190628,10.63,10.63,10.42,10.54,10.63,-0.09,-0.8467,84636.83,88841.543,8884.1543,88.841543,0.88841543
600637.SH,600637,东方明珠,20190701,10.68,10.75,10.62,10.74,10.54,0.2,1.8975,139480.49,149192.878,14919.2878,149.192878,1.49192878
600637.SH,600637,东方明珠,20190702,10.73,10.78,10.64,10.71,10.74,-0.03,-0.2793,109449.18,117017.842,11701.7842,117.017842,1.17017842
600637.SH,600637,东方明珠,20190703,10.7,10.7,10.54,10.65,10.71,-0.06,-0.5602,98904.21,104633.256,10463.3256,104.633256,1.04633256
600637.SH,600637,东方明珠,20190704,10.65,10.66,10.45,10.51,10.65,-0.14,-1.3146,116340.44,122682.615,12268.2615,122.682615,1.22682615
600637.SH,600637,东方明珠,20190705,10.51,10.53,10.39,10.43,10.51,-0.08,-0.7612,97190.87,101450.115,10145.0115,101.450115,1.01450115
600637.SH,600637,东方明珠,20190708,10.44,10.44,9.99,10.04,10.43,-0.39,-3.7392,153568.67,155585.588,15558.5588,155.585588,1.55585588
600637.SH,600637,东方明珠,20190709,10.01,10.09,9.99,10.05,10.04,0.01,0.0996,63125.76,63373.66,6337.366,63.37366,0.6337366
600637.SH,600637,东方明珠,20190710,10.07,10.1,9.96,9.99,10.05,-0.06,-0.597,77037.87,77138.712,7713.8712,77.138712,0.77138712
600637.SH,600637,东方明珠,20190711,10.04,10.1,9.99,10.03,9.99,0.04,0.4004,59956.55,60240.211,6024.0211,60.240211,0.60240211
600637.SH,600637,东方明珠,20190712,10.04,10.08,9.98,10.04,10.03,0.01,0.0997,53388.65,53606.161,5360.6161,53.606161,0.53606161
600637.SH,600637,东方明珠,20190715,10.04,10.29,9.96,10.29,10.04,0.25,2.49,140381.44,142108.458,14210.8458,142.108458,1.42108458
600637.SH,600637,东方明珠,20190716,10.23,10.31,10.21,10.29,10.29,0.0,0.0,66030.58,67739.478,6773.9478,67.739478,0.6773947800000001
600637.SH,600637,东方明珠,20190717,10.28,10.34,10.21,10.29,10.29,0.0,0.0,78577.97,80832.34,8083.233999999999,80.83233999999999,0.8083233999999999
600637.SH,600637,东方明珠,20190718,10.01,10.01,9.9,9.9,10.02,-0.12,-1.1976,74827.04,74347.406,7434.7406,74.347406,0.74347406
600637.SH,600637,东方明珠,20190719,9.86,10.05,9.86,9.92,9.9,0.02,0.202,67053.94,66808.07,6680.807000000001,66.80807,0.6680807
600637.SH,600637,东方明珠,20190722,9.94,9.94,9.74,9.8,9.92,-0.12,-1.2097,69492.68,68316.058,6831.6058,68.316058,0.68316058
600637.SH,600637,东方明珠,20190723,9.82,9.86,9.76,9.83,9.8,0.03,0.3061,48644.92,47695.834,4769.5834,47.695834000000005,0.47695834
600637.SH,600637,东方明珠,20190724,9.83,9.95,9.83,9.9,9.83,0.07,0.7121,72068.5,71293.571,7129.357099999999,71.29357099999999,0.7129357099999999
600637.SH,600637,东方明珠,20190725,9.89,9.96,9.84,9.93,9.9,0.03,0.303,64354.89,63712.59,6371.259,63.71259,0.6371259
600637.SH,600637,东方明珠,20190726,9.92,9.99,9.88,9.99,9.93,0.06,0.6042,63470.77,63117.484,6311.7484,63.117484,0.63117484
600637.SH,600637,东方明珠,20190729,9.97,10.01,9.89,9.96,9.99,-0.03,-0.3003,67110.87,66704.667,6670.4667,66.704667,0.66704667
600637.SH,600637,东方明珠,20190730,9.96,10.05,9.93,10.0,9.96,0.04,0.4016,82288.36,82234.836,8223.4836,82.234836,0.82234836
600637.SH,600637,东方明珠,20190731,9.98,9.99,9.91,9.92,10.0,-0.08,-0.8,53611.16,53265.924,5326.5924,53.265924,0.53265924
600637.SH,600637,东方明珠,20190801,9.88,9.94,9.81,9.84,9.92,-0.08,-0.8065,61276.93,60433.005,6043.300499999999,60.433005,0.60433005
600637.SH,600637,东方明珠,20190802,9.7,9.73,9.59,9.63,9.84,-0.21,-2.1341,121190.61,116847.601,11684.7601,116.847601,1.16847601
600637.SH,600637,东方明珠,20190805,9.58,9.6,9.46,9.46,9.63,-0.17,-1.7653,84899.07,80835.31,8083.531,80.83530999999999,0.8083530999999999
600637.SH,600637,东方明珠,20190806,9.33,9.33,8.99,9.18,9.46,-0.28,-2.9598,144869.95,132592.613,13259.261300000002,132.59261300000003,1.3259261300000005
600637.SH,600637,东方明珠,20190807,9.23,9.26,9.05,9.05,9.18,-0.13,-1.4161,72346.36,66079.848,6607.9848,66.079848,0.66079848
600637.SH,600637,东方明珠,20190808,9.09,9.15,9.06,9.11,9.05,0.06,0.663,62465.62,56866.112,5686.6112,56.866112,0.56866112
600637.SH,600637,东方明珠,20190809,9.16,9.17,8.94,8.97,9.11,-0.14,-1.5368,72266.06,65300.941,6530.0941,65.30094100000001,0.6530094100000001
600637.SH,600637,东方明珠,20190812,8.98,9.08,8.95,9.06,8.97,0.09,1.0033,63860.63,57578.255,5757.8255,57.578255,0.57578255
600637.SH,600637,东方明珠,20190813,9.0,9.08,8.98,9.04,9.06,-0.02,-0.2208,63901.06,57591.266,5759.1266000000005,57.591266000000005,0.5759126600000001
600637.SH,600637,东方明珠,20190814,9.1,9.15,9.0,9.03,9.04,-0.01,-0.1106,78402.31,71225.176,7122.517600000001,71.225176,0.71225176
600637.SH,600637,东方明珠,20190815,8.88,9.09,8.83,9.07,9.03,0.04,0.443,78598.92,70302.925,7030.2925000000005,70.302925,0.70302925
600637.SH,600637,东方明珠,20190816,9.11,9.23,9.06,9.13,9.07,0.06,0.6615,94004.97,85994.608,8599.460799999999,85.99460799999999,0.8599460799999998
600637.SH,600637,东方明珠,20190819,9.22,9.5,9.14,9.47,9.13,0.34,3.724,141979.36,132971.773,13297.1773,132.97177299999998,1.3297177299999998
600637.SH,600637,东方明珠,20190820,9.53,9.76,9.51,9.61,9.47,0.14,1.4784,144954.3,139908.554,13990.8554,139.908554,1.3990855400000002
600637.SH,600637,东方明珠,20190821,9.58,9.68,9.54,9.63,9.61,0.02,0.2081,82348.57,79075.99,7907.599,79.07599,0.7907599000000001
600637.SH,600637,东方明珠,20190822,9.63,9.66,9.48,9.55,9.63,-0.08,-0.8307,104192.4,99446.911,9944.6911,99.446911,0.99446911
600637.SH,600637,东方明珠,20190823,9.57,9.6,9.45,9.51,9.55,-0.04,-0.4188,79824.01,75919.6,7591.960000000001,75.9196,0.759196
600637.SH,600637,东方明珠,20190826,9.32,9.42,9.31,9.37,9.51,-0.14,-1.4721,71482.91,66935.428,6693.5428,66.935428,0.66935428
600637.SH,600637,东方明珠,20190827,9.41,9.68,9.4,9.58,9.37,0.21,2.2412,123769.22,118497.16,11849.716,118.49716,1.1849716
600637.SH,600637,东方明珠,20190828,9.56,9.59,9.46,9.5,9.58,-0.08,-0.8351,77362.76,73555.211,7355.5211,73.555211,0.73555211
600637.SH,600637,东方明珠,20190829,9.5,9.59,9.42,9.54,9.5,0.04,0.4211,72500.81,68930.422,6893.042200000001,68.93042200000001,0.68930422
600637.SH,600637,东方明珠,20190830,9.59,9.62,9.31,9.34,9.54,-0.2,-2.0964,117281.55,111172.595,11117.2595,111.172595,1.11172595
600637.SH,600637,东方明珠,20190902,9.33,9.6,9.31,9.56,9.34,0.22,2.3555,113455.3,107843.927,10784.3927,107.843927,1.07843927
600637.SH,600637,东方明珠,20190903,9.59,9.71,9.55,9.66,9.56,0.1,1.046,111496.49,107240.158,10724.0158,107.240158,1.07240158
600637.SH,600637,东方明珠,20190904,9.61,9.7,9.57,9.68,9.66,0.02,0.207,89518.05,86238.719,8623.8719,86.238719,0.8623871900000001
600637.SH,600637,东方明珠,20190905,9.72,9.92,9.68,9.71,9.68,0.03,0.3099,153599.72,150659.427,15065.9427,150.659427,1.50659427
600637.SH,600637,东方明珠,20190906,9.76,9.88,9.74,9.85,9.71,0.14,1.4418,113861.7,111829.694,11182.9694,111.829694,1.11829694
600637.SH,600637,东方明珠,20190909,9.95,10.07,9.82,10.03,9.85,0.18,1.8274,180203.7,180086.094,18008.6094,180.086094,1.80086094
600637.SH,600637,东方明珠,20190910,10.02,10.1,9.94,10.02,10.03,-0.01,-0.0997,115739.75,115919.897,11591.9897,115.919897,1.15919897
600637.SH,600637,东方明珠,20190911,10.05,10.13,9.96,10.09,10.02,0.07,0.6986,129476.45,130346.256,13034.6256,130.34625599999998,1.3034625599999998
600637.SH,600637,东方明珠,20190912,10.1,10.1,9.96,10.04,10.09,-0.05,-0.4955,112948.1,113114.304,11311.4304,113.114304,1.13114304
600637.SH,600637,东方明珠,20190916,10.04,10.08,9.98,10.02,10.04,-0.02,-0.1992,80060.83,80175.661,8017.566099999999,80.17566099999999,0.8017566099999999
600637.SH,600637,东方明珠,20190917,9.99,9.99,9.69,9.71,10.02,-0.31,-3.0938,117784.78,115613.843,11561.3843,115.613843,1.15613843
600637.SH,600637,东方明珠,20190918,9.76,9.82,9.7,9.78,9.71,0.07,0.7209,73977.1,72175.917,7217.5917,72.175917,0.72175917
600637.SH,600637,东方明珠,20190919,9.75,9.79,9.7,9.78,9.78,0.0,0.0,83255.56,81155.335,8115.5335,81.15533500000001,0.8115533500000001
600637.SH,600637,东方明珠,20190920,9.81,9.81,9.7,9.78,9.78,0.0,0.0,104250.83,101727.002,10172.7002,101.727002,1.01727002
600637.SH,600637,东方明珠,20190923,9.75,9.76,9.57,9.65,9.78,-0.13,-1.3292,72044.46,69358.708,6935.8708,69.358708,0.6935870799999999
600637.SH,600637,东方明珠,20190924,9.65,9.72,9.61,9.63,9.65,-0.02,-0.2073,60987.29,58904.728,5890.4728000000005,58.904728000000006,0.5890472800000001
600637.SH,600637,东方明珠,20190925,9.61,9.61,9.39,9.4,9.63,-0.23,-2.3884,89081.75,84253.179,8425.3179,84.253179,0.84253179
600637.SH,600637,东方明珠,20190926,9.42,9.45,9.21,9.21,9.4,-0.19,-2.0213,79167.41,73686.64,7368.664,73.68664,0.7368663999999999
600637.SH,600637,东方明珠,20190927,9.21,9.31,9.2,9.22,9.21,0.01,0.1086,55208.48,51126.194,5112.6194000000005,51.126194000000005,0.51126194
600637.SH,600637,东方明珠,20190930,9.25,9.3,9.11,9.15,9.22,-0.07,-0.7592,82113.11,75421.654,7542.1654,75.421654,0.75421654
600637.SH,600637,东方明珠,20191008,9.16,9.21,9.1,9.1,9.15,-0.05,-0.5464,63468.19,58063.988,5806.3988,58.063988,0.58063988
600637.SH,600637,东方明珠,20191009,9.11,9.17,9.06,9.16,9.1,0.06,0.6593,61826.82,56371.643,5637.1643,56.37164299999999,0.5637164299999999
600637.SH,600637,东方明珠,20191010,9.15,9.22,9.14,9.2,9.16,0.04,0.4367,86937.94,79809.967,7980.996700000001,79.809967,0.79809967
600637.SH,600637,东方明珠,20191011,9.21,9.27,9.15,9.25,9.2,0.05,0.5435,82681.02,76129.463,7612.9463,76.129463,0.76129463
600637.SH,600637,东方明珠,20191014,9.3,9.41,9.27,9.36,9.25,0.11,1.1892,85065.7,79582.997,7958.2997,79.582997,0.7958299700000001
600637.SH,600637,东方明珠,20191015,9.32,9.36,9.25,9.25,9.36,-0.11,-1.1752,72806.43,67746.564,6774.6564,67.74656399999999,0.6774656399999999
600637.SH,600637,东方明珠,20191016,9.28,9.33,9.24,9.24,9.25,-0.01,-0.1081,78787.63,73126.58,7312.658,73.12658,0.7312658000000001
600637.SH,600637,东方明珠,20191017,9.24,9.27,9.17,9.24,9.24,0.0,0.0,66926.56,61778.575,6177.8575,61.778575,0.61778575
600637.SH,600637,东方明珠,20191018,9.24,9.26,8.98,9.01,9.24,-0.23,-2.4892,109507.65,99580.621,9958.0621,99.580621,0.99580621
600637.SH,600637,东方明珠,20191021,9.0,9.05,8.88,8.96,9.01,-0.05,-0.5549,105740.06,94470.993,9447.0993,94.470993,0.94470993
600637.SH,600637,东方明珠,20191022,8.98,9.02,8.91,8.98,8.96,0.02,0.2232,76030.81,68186.999,6818.6999,68.186999,0.68186999
600637.SH,600637,东方明珠,20191023,9.0,9.04,8.96,9.03,8.98,0.05,0.5568,55561.26,50075.496,5007.5496,50.075496,0.50075496
600637.SH,600637,东方明珠,20191024,9.03,9.04,8.9,9.0,9.03,-0.03,-0.3322,62912.99,56396.361,5639.6361,56.396361,0.56396361
600637.SH,600637,东方明珠,20191025,8.93,9.03,8.9,9.03,9.0,0.03,0.3333,69153.01,61992.713,6199.2713,61.992713,0.61992713
600637.SH,600637,东方明珠,20191028,9.03,9.26,9.03,9.25,9.03,0.22,2.4363,119876.07,110116.8,11011.68,110.1168,1.101168
600637.SH,600637,东方明珠,20191029,9.22,9.27,9.13,9.14,9.25,-0.11,-1.1892,63756.26,58637.891,5863.7891,58.637891,0.58637891
600637.SH,600637,东方明珠,20191030,9.12,9.2,8.94,8.97,9.14,-0.17,-1.86,84057.46,75768.785,7576.878500000001,75.76878500000001,0.75768785
600637.SH,600637,东方明珠,20191031,9.0,9.01,8.91,9.0,8.97,0.03,0.3344,68746.55,61486.501,6148.6501,61.486501,0.6148650099999999
600637.SH,600637,东方明珠,20191101,8.95,9.0,8.87,8.96,9.0,-0.04,-0.4444,107215.04,95876.374,9587.6374,95.876374,0.95876374
600637.SH,600637,东方明珠,20191104,8.93,9.01,8.92,8.93,8.96,-0.03,-0.3348,73001.77,65425.277,6542.527700000001,65.42527700000001,0.65425277
600637.SH,600637,东方明珠,20191105,8.94,9.0,8.91,8.96,8.93,0.03,0.3359,70774.34,63358.781,6335.8781,63.358781,0.63358781
600637.SH,600637,东方明珠,20191106,8.92,8.96,8.87,8.9,8.96,-0.06,-0.6696,67509.29,60131.775,6013.1775,60.131775,0.60131775
600637.SH,600637,东方明珠,20191107,8.88,8.99,8.86,8.92,8.9,0.02,0.2247,53775.86,48034.014,4803.401400000001,48.034014000000006,0.4803401400000001
600637.SH,600637,东方明珠,20191108,8.95,9.01,8.91,8.93,8.92,0.01,0.1121,63145.34,56509.807,5650.9807,56.509807,0.56509807
600637.SH,600637,东方明珠,20191111,8.93,8.93,8.67,8.69,8.93,-0.24,-2.6876,98032.35,85880.276,8588.0276,85.880276,0.85880276
600637.SH,600637,东方明珠,20191112,8.71,8.73,8.64,8.73,8.69,0.04,0.4603,45478.83,39513.573,3951.3573,39.513573,0.3951357299999999
600637.SH,600637,东方明珠,20191113,8.7,8.7,8.59,8.65,8.73,-0.08,-0.9164,56573.87,48831.805,4883.1805,48.831805,0.48831805
600637.SH,600637,东方明珠,20191114,8.62,8.67,8.58,8.6,8.65,-0.05,-0.578,42391.16,36540.201,3654.0201,36.540201,0.36540201
600637.SH,600637,东方明珠,20191115,8.62,8.67,8.58,8.62,8.6,0.02,0.2326,49985.93,43121.026,4312.1026,43.121026,0.43121026
600637.SH,600637,东方明珠,20191118,8.62,8.69,8.54,8.64,8.62,0.02,0.232,46794.18,40391.763,4039.1763,40.391763,0.4039176299999999
600637.SH,600637,东方明珠,20191119,8.62,8.93,8.62,8.9,8.64,0.26,3.0093,109365.45,96619.204,9661.9204,96.619204,0.96619204
600637.SH,600637,东方明珠,20191120,8.91,8.96,8.85,8.87,8.9,-0.03,-0.3371,80503.01,71698.799,7169.8799,71.698799,0.7169879899999999
600637.SH,600637,东方明珠,20191121,8.83,8.87,8.77,8.83,8.87,-0.04,-0.451,52065.48,45910.612,4591.0612,45.910612,0.45910612
600637.SH,600637,东方明珠,20191122,8.85,8.9,8.71,8.78,8.83,-0.05,-0.5663,56978.0,50102.27,5010.227,50.10227,0.5010226999999999
600637.SH,600637,东方明珠,20191125,8.81,8.84,8.73,8.84,8.78,0.06,0.6834,49239.42,43305.712,4330.5712,43.305712,0.43305712
600637.SH,600637,东方明珠,20191126,8.85,9.0,8.82,9.0,8.84,0.16,1.81,115453.59,102932.347,10293.2347,102.932347,1.02932347
600637.SH,600637,东方明珠,20191127,8.92,8.94,8.82,8.86,9.0,-0.14,-1.5556,56806.09,50328.095,5032.8095,50.328095000000005,0.5032809500000001
600637.SH,600637,东方明珠,20191128,8.81,8.89,8.77,8.8,8.86,-0.06,-0.6772,41373.02,36465.88,3646.588,36.46588,0.3646588
600637.SH,600637,东方明珠,20191129,8.8,8.85,8.77,8.82,8.8,0.02,0.2273,33481.59,29489.094,2948.9094,29.489094,0.29489094
600637.SH,600637,东方明珠,20191202,8.83,8.95,8.83,8.83,8.82,0.01,0.1134,60061.26,53387.074,5338.7074,53.387074000000005,0.53387074
600637.SH,600637,东方明珠,20191203,8.8,8.86,8.78,8.84,8.83,0.01,0.1133,50645.46,44652.966,4465.2966,44.652966,0.44652966
600637.SH,600637,东方明珠,20191204,8.8,8.82,8.75,8.78,8.84,-0.06,-0.6787,34017.14,29861.973,2986.1973000000003,29.861973000000003,0.29861973
600637.SH,600637,东方明珠,20191205,8.8,8.84,8.75,8.82,8.78,0.04,0.4556,54831.92,48250.978,4825.0978000000005,48.250978,0.48250978
600637.SH,600637,东方明珠,20191206,8.82,8.97,8.8,8.96,8.82,0.14,1.5873,96155.58,85486.402,8548.6402,85.486402,0.85486402
600637.SH,600637,东方明珠,20191209,8.96,9.04,8.89,9.0,8.96,0.04,0.4464,72735.57,65304.409,6530.4409,65.30440899999999,0.65304409
600637.SH,600637,东方明珠,20191210,8.98,9.09,8.9,9.06,9.0,0.06,0.6667,94134.43,84931.128,8493.112799999999,84.93112799999999,0.8493112799999999
600637.SH,600637,东方明珠,20191211,9.05,9.11,9.0,9.02,9.06,-0.04,-0.4415,83188.77,75279.949,7527.9949,75.279949,0.75279949
600637.SH,600637,东方明珠,20191212,9.04,9.04,8.88,8.88,9.02,-0.14,-1.5521,84116.77,75098.971,7509.8971,75.098971,0.75098971
600637.SH,600637,东方明珠,20191213,8.91,8.99,8.9,8.98,8.88,0.1,1.1261,97802.05,87495.274,8749.5274,87.49527400000001,0.8749527400000001
600637.SH,600637,东方明珠,20191216,8.99,9.1,8.98,9.09,8.98,0.11,1.2249,97492.93,88160.275,8816.0275,88.160275,0.88160275
600637.SH,600637,东方明珠,20191217,9.08,9.34,9.07,9.3,9.09,0.21,2.3102,188440.66,174499.747,17449.9747,174.499747,1.74499747
600637.SH,600637,东方明珠,20191218,9.29,9.45,9.28,9.37,9.3,0.07,0.7527,177220.2,166301.253,16630.1253,166.301253,1.66301253
600637.SH,600637,东方明珠,20191219,9.43,9.52,9.36,9.44,9.37,0.07,0.7471,165046.72,155632.469,15563.246900000002,155.632469,1.55632469
600637.SH,600637,东方明珠,20191220,9.43,9.46,9.31,9.35,9.44,-0.09,-0.9534,129136.39,121226.616,12122.6616,121.226616,1.21226616
600637.SH,600637,东方明珠,20191223,9.31,9.35,9.06,9.08,9.35,-0.27,-2.8877,129626.03,119279.211,11927.9211,119.279211,1.1927921099999998
600637.SH,600637,东方明珠,20191224,9.1,9.16,9.05,9.15,9.08,0.07,0.7709,80760.11,73502.262,7350.2262,73.502262,0.7350226200000001
600637.SH,600637,东方明珠,20191225,9.1,9.21,9.05,9.13,9.15,-0.02,-0.2186,90233.79,82273.618,8227.3618,82.273618,0.82273618
600637.SH,600637,东方明珠,20191226,9.11,9.21,9.09,9.2,9.13,0.07,0.7667,79659.1,72889.751,7288.975100000001,72.889751,0.72889751
600637.SH,600637,东方明珠,20191227,9.19,9.32,9.13,9.14,9.2,-0.06,-0.6522,126094.91,116680.737,11668.0737,116.680737,1.16680737
600637.SH,600637,东方明珠,20191230,9.15,9.3,9.05,9.29,9.14,0.15,1.6411,132109.55,121288.121,12128.8121,121.288121,1.21288121
600637.SH,600637,东方明珠,20191231,9.27,9.39,9.26,9.36,9.29,0.07,0.7535,127645.2,119231.098,11923.1098,119.231098,1.19231098
600637.SH,600637,东方明珠,20200102,9.4,10.13,9.4,10.01,9.36,0.65,6.9444,465721.84,457484.928,45748.4928,457.484928,4.5748492800000005
600637.SH,600637,东方明珠,20200103,9.97,10.23,9.91,10.15,10.01,0.14,1.3986,335079.21,338181.025,33818.1025,338.18102500000003,3.3818102500000005
600637.SH,600637,东方明珠,20200106,10.03,10.2,10.01,10.15,10.15,0.0,0.0,278026.87,280877.292,28087.7292,280.877292,2.80877292
600637.SH,600637,东方明珠,20200107,10.15,10.53,10.1,10.52,10.15,0.37,3.6453,351927.29,365258.847,36525.8847,365.258847,3.65258847
600637.SH,600637,东方明珠,20200108,10.4,10.44,10.16,10.27,10.52,-0.25,-2.3764,279843.39,288434.498,28843.4498,288.434498,2.8843449800000003
600637.SH,600637,东方明珠,20200109,10.33,10.52,10.1,10.35,10.27,0.08,0.779,240892.97,249030.606,24903.0606,249.030606,2.49030606
600637.SH,600637,东方明珠,20200110,10.34,10.37,10.14,10.15,10.35,-0.2,-1.9324,135076.62,137778.667,13777.8667,137.77866699999998,1.37778667
600637.SH,600637,东方明珠,20200113,10.14,10.33,10.08,10.31,10.15,0.16,1.5764,156676.37,160536.596,16053.6596,160.536596,1.60536596
600637.SH,600637,东方明珠,20200114,10.32,10.69,10.32,10.52,10.31,0.21,2.0369,308908.72,325430.872,32543.0872,325.430872,3.25430872
600637.SH,600637,东方明珠,20200115,10.48,10.68,10.43,10.59,10.52,0.07,0.6654,220115.92,232508.387,23250.8387,232.508387,2.32508387
600637.SH,600637,东方明珠,20200116,10.57,10.59,10.35,10.45,10.59,-0.14,-1.322,138907.16,144974.055,14497.4055,144.974055,1.44974055
600637.SH,600637,东方明珠,20200117,10.5,11.4,10.48,11.35,10.45,0.9,8.6124,563262.42,622281.626,62228.1626,622.2816260000001,6.222816260000001
600637.SH,600637,东方明珠,20200120,11.6,12.49,11.38,11.76,11.35,0.41,3.6123,964171.89,1149333.195,114933.3195,1149.3331950000002,11.493331950000002
600637.SH,600637,东方明珠,20200121,11.55,11.62,11.12,11.32,11.76,-0.44,-3.7415,440495.57,498525.546,49852.5546,498.525546,4.985255459999999
600637.SH,600637,东方明珠,20200122,11.27,11.27,10.55,10.76,11.32,-0.56,-4.947,535075.25,577190.558,57719.0558,577.1905579999999,5.771905579999999
600637.SH,600637,东方明珠,20200123,10.59,10.99,10.53,10.62,10.76,-0.14,-1.3011,341852.36,366918.225,36691.8225,366.918225,3.66918225
600637.SH,600637,东方明珠,20200203,9.56,9.88,9.56,9.56,10.62,-1.06,-9.9812,438952.23,421908.755,42190.8755,421.908755,4.21908755
600637.SH,600637,东方明珠,20200204,9.65,10.26,9.56,10.08,9.56,0.52,5.4393,467947.85,462773.287,46277.3287,462.773287,4.62773287
600637.SH,600637,东方明珠,20200205,10.21,10.69,10.07,10.69,10.08,0.61,6.0516,450081.8,466530.712,46653.0712,466.530712,4.66530712
600637.SH,600637,东方明珠,20200206,10.74,11.76,10.51,11.6,10.69,0.91,8.5126,782601.29,880944.409,88094.4409,880.9444090000001,8.809444090000001
600637.SH,600637,东方明珠,20200207,12.05,12.4,11.39,11.87,11.6,0.27,2.3276,760062.88,903405.679,90340.5679,903.405679,9.03405679
600637.SH,600637,东方明珠,20200210,11.83,11.84,11.21,11.42,11.87,-0.45,-3.7911,503219.36,578617.902,57861.7902,578.6179020000001,5.7861790200000005
600637.SH,600637,东方明珠,20200211,11.55,11.67,11.07,11.16,11.42,-0.26,-2.2767,411181.57,466377.904,46637.7904,466.377904,4.66377904
600637.SH,600637,东方明珠,20200212,11.19,11.31,11.0,11.26,11.16,0.1,0.8961,322074.61,359752.923,35975.2923,359.752923,3.59752923
600637.SH,600637,东方明珠,20200213,11.3,11.3,10.83,10.9,11.26,-0.36,-3.1972,379269.91,417420.578,41742.0578,417.420578,4.174205779999999
600637.SH,600637,东方明珠,20200214,10.86,10.98,10.65,10.78,10.9,-0.12,-1.1009,241306.41,261417.237,26141.7237,261.417237,2.61417237
600637.SH,600637,东方明珠,20200217,10.8,11.22,10.76,11.18,10.78,0.4,3.7106,308824.4,339844.854,33984.4854,339.844854,3.39844854
600637.SH,600637,东方明珠,20200218,11.15,11.7,10.97,11.62,11.18,0.44,3.9356,541731.95,614883.97,61488.397,614.88397,6.1488397
600637.SH,600637,东方明珠,20200219,11.51,11.56,11.18,11.18,11.62,-0.44,-3.7866,411285.88,467476.923,46747.6923,467.476923,4.67476923
600637.SH,600637,东方明珠,20200220,11.18,11.24,10.97,11.2,11.18,0.02,0.1789,309321.95,343422.481,34342.248100000004,343.42248100000006,3.434224810000001
600637.SH,600637,东方明珠,20200221,11.16,11.52,11.1,11.3,11.2,0.1,0.8929,298956.79,338949.394,33894.9394,338.949394,3.38949394
600637.SH,600637,东方明珠,20200224,11.23,11.46,11.05,11.31,11.3,0.01,0.0885,332269.25,372791.832,37279.1832,372.791832,3.72791832
600637.SH,600637,东方明珠,20200225,11.08,11.15,10.67,10.94,11.31,-0.37,-3.2714,382833.21,418796.527,41879.6527,418.796527,4.187965269999999
600637.SH,600637,东方明珠,20200226,11.25,11.56,11.07,11.11,10.94,0.17,1.5539,551818.45,624536.247,62453.6247,624.536247,6.24536247
600637.SH,600637,东方明珠,20200227,11.07,11.16,10.75,10.81,11.11,-0.3,-2.7003,347171.39,377458.945,37745.8945,377.458945,3.77458945
600637.SH,600637,东方明珠,20200228,10.49,10.64,10.16,10.16,10.81,-0.65,-6.013,315719.47,327171.27,32717.127,327.17127,3.2717127
600637.SH,600637,东方明珠,20200302,10.25,10.51,10.17,10.42,10.16,0.26,2.5591,250360.3,259436.461,25943.6461,259.436461,2.59436461
600637.SH,600637,东方明珠,20200303,10.9,10.96,10.5,10.64,10.42,0.22,2.1113,361816.13,390117.921,39011.7921,390.117921,3.90117921
600637.SH,600637,东方明珠,20200304,10.56,10.75,10.45,10.62,10.64,-0.02,-0.188,194054.06,205594.333,20559.4333,205.594333,2.05594333
600637.SH,600637,东方明珠,20200305,10.72,10.8,10.62,10.75,10.62,0.13,1.2241,208135.81,222754.928,22275.4928,222.754928,2.22754928
600637.SH,600637,东方明珠,20200306,10.6,10.65,10.48,10.52,10.75,-0.23,-2.1395,170002.29,179318.939,17931.893900000003,179.31893900000003,1.7931893900000002
600637.SH,600637,东方明珠,20200309,10.4,10.55,10.09,10.13,10.52,-0.39,-3.7072,228695.46,234487.715,23448.7715,234.487715,2.34487715
600637.SH,600637,东方明珠,20200310,10.11,10.35,9.96,10.29,10.13,0.16,1.5795,254684.68,259076.337,25907.6337,259.076337,2.5907633699999995
600637.SH,600637,东方明珠,20200311,10.31,10.38,10.13,10.13,10.29,-0.16,-1.5549,173373.34,178019.712,17801.9712,178.019712,1.78019712
600637.SH,600637,东方明珠,20200312,10.04,10.09,9.92,9.99,10.13,-0.14,-1.382,176660.22,176493.958,17649.395800000002,176.49395800000002,1.7649395800000005
600637.SH,600637,东方明珠,20200313,9.6,10.02,9.5,9.97,9.99,-0.02,-0.2002,211980.58,206841.524,20684.1524,206.841524,2.06841524
600637.SH,600637,东方明珠,20200316,9.98,10.11,9.61,9.7,9.97,-0.27,-2.7081,196783.11,194660.994,19466.0994,194.660994,1.94660994
600637.SH,600637,东方明珠,20200317,9.66,9.85,9.49,9.65,9.7,-0.05,-0.5155,200547.4,193195.25,19319.525,193.19525,1.9319525
600637.SH,600637,东方明珠,20200318,9.72,9.82,9.46,9.46,9.65,-0.19,-1.9689,149294.52,144214.333,14421.4333,144.214333,1.4421433300000002
600637.SH,600637,东方明珠,20200319,9.45,9.58,9.15,9.52,9.46,0.06,0.6342,205437.41,192628.084,19262.8084,192.62808400000003,1.92628084
600637.SH,600637,东方明珠,20200320,9.56,9.59,9.27,9.49,9.52,-0.03,-0.3151,198648.58,187082.389,18708.2389,187.082389,1.87082389
600637.SH,600637,东方明珠,20200323,9.2,9.3,9.02,9.15,9.49,-0.34,-3.5827,162019.66,148337.952,14833.7952,148.33795199999997,1.4833795199999995
600637.SH,600637,东方明珠,20200324,9.23,9.29,8.94,9.14,9.15,-0.01,-0.1093,199839.45,182280.294,18228.0294,182.280294,1.82280294
600637.SH,600637,东方明珠,20200325,9.3,9.31,9.17,9.25,9.14,0.11,1.2035,155594.23,143710.172,14371.017199999998,143.71017199999997,1.4371017199999998
600637.SH,600637,东方明珠,20200326,9.2,9.25,9.13,9.16,9.25,-0.09,-0.973,86834.72,79777.34,7977.733999999999,79.77734,0.7977734
600637.SH,600637,东方明珠,20200327,9.25,9.3,9.12,9.12,9.16,-0.04,-0.4367,122112.75,112660.001,11266.0001,112.660001,1.12660001
600637.SH,600637,东方明珠,20200330,9.0,9.05,8.8,8.92,9.12,-0.2,-2.193,129690.52,115188.325,11518.8325,115.188325,1.15188325
600637.SH,600637,东方明珠,20200331,8.97,9.02,8.7,8.75,8.92,-0.17,-1.9058,205299.61,181247.248,18124.7248,181.247248,1.81247248
600637.SH,600637,东方明珠,20200401,8.74,8.84,8.66,8.66,8.75,-0.09,-1.0286,141477.14,123580.316,12358.0316,123.580316,1.23580316
600637.SH,600637,东方明珠,20200402,8.63,8.95,8.62,8.93,8.66,0.27,3.1178,147733.76,129649.221,12964.9221,129.649221,1.29649221
600637.SH,600637,东方明珠,20200403,8.86,8.9,8.77,8.77,8.93,-0.16,-1.7917,104384.04,92044.081,9204.4081,92.044081,0.92044081
600637.SH,600637,东方明珠,20200407,8.93,9.06,8.88,9.02,8.77,0.25,2.8506,174751.22,156921.794,15692.1794,156.92179399999998,1.5692179399999997
600637.SH,600637,东方明珠,20200408,8.96,9.32,8.96,9.22,9.02,0.2,2.2173,197447.29,180978.399,18097.8399,180.978399,1.80978399
600637.SH,600637,东方明珠,20200409,9.3,9.39,9.23,9.3,9.22,0.08,0.8677,132032.05,122771.447,12277.1447,122.771447,1.22771447
600637.SH,600637,东方明珠,20200410,9.32,9.33,8.98,9.14,9.3,-0.16,-1.7204,153202.97,139524.577,13952.4577,139.524577,1.3952457699999998
600637.SH,600637,东方明珠,20200413,9.07,9.07,8.97,9.03,9.14,-0.11,-1.2035,72328.59,65204.223,6520.4223,65.204223,0.65204223
600637.SH,600637,东方明珠,20200414,9.05,9.17,9.02,9.17,9.03,0.14,1.5504,74958.6,68190.5,6819.05,68.1905,0.681905
600637.SH,600637,东方明珠,20200415,9.18,9.21,9.08,9.09,9.17,-0.08,-0.8724,75646.57,69252.136,6925.2136,69.25213600000001,0.6925213600000001
600637.SH,600637,东方明珠,20200416,9.1,9.21,9.02,9.18,9.09,0.09,0.9901,94742.76,86347.365,8634.7365,86.34736500000001,0.8634736500000001
600637.SH,600637,东方明珠,20200417,9.23,9.28,9.12,9.13,9.18,-0.05,-0.5447,82989.6,76255.149,7625.5149,76.255149,0.76255149
600637.SH,600637,东方明珠,20200420,9.16,9.21,9.11,9.15,9.13,0.02,0.2191,59015.05,54026.49,5402.648999999999,54.02649,0.5402648999999999
600637.SH,600637,东方明珠,20200421,9.13,9.17,9.02,9.11,9.15,-0.04,-0.4372,72692.43,66167.844,6616.7844,66.167844,0.66167844
600637.SH,600637,东方明珠,20200422,9.08,9.13,9.02,9.12,9.11,0.01,0.1098,64098.83,58193.47,5819.347,58.19347,0.5819347
600637.SH,600637,东方明珠,20200423,9.13,9.17,9.04,9.11,9.12,-0.01,-0.1096,74564.3,67831.032,6783.1032000000005,67.83103200000001,0.67831032
600637.SH,600637,东方明珠,20200424,9.11,9.11,8.88,8.88,9.11,-0.23,-2.5247,104647.21,93854.829,9385.4829,93.854829,0.93854829
600637.SH,600637,东方明珠,20200427,8.95,9.03,8.83,8.84,8.88,-0.04,-0.4505,74603.67,66678.837,6667.8837,66.678837,0.66678837
600637.SH,600637,东方明珠,20200428,8.85,8.89,8.55,8.68,8.84,-0.16,-1.81,130516.98,113328.83,11332.883,113.32883,1.1332883
600637.SH,600637,东方明珠,20200429,8.67,8.82,8.64,8.77,8.68,0.09,1.0369,70819.18,62172.124,6217.2124,62.172124,0.6217212400000001
600637.SH,600637,东方明珠,20200430,8.83,9.05,8.83,9.01,8.77,0.24,2.7366,104610.74,93868.141,9386.8141,93.868141,0.93868141
600637.SH,600637,东方明珠,20200506,8.95,9.26,8.93,9.25,9.01,0.24,2.6637,166552.83,152321.978,15232.1978,152.321978,1.52321978
600637.SH,600637,东方明珠,20200507,9.25,9.27,9.07,9.11,9.25,-0.14,-1.5135,112217.0,102614.469,10261.4469,102.614469,1.0261446899999995
600637.SH,600637,东方明珠,20200508,9.15,9.24,9.13,9.19,9.11,0.08,0.8782,92346.22,84756.803,8475.6803,84.756803,0.84756803
600637.SH,600637,东方明珠,20200511,9.2,9.32,9.17,9.21,9.19,0.02,0.2176,105995.89,97921.103,9792.1103,97.921103,0.97921103
600637.SH,600637,东方明珠,20200512,9.18,9.21,9.05,9.13,9.21,-0.08,-0.8686,72014.69,65727.84,6572.784,65.72784,0.6572784
600637.SH,600637,东方明珠,20200513,9.06,9.13,9.05,9.09,9.13,-0.04,-0.4381,70001.04,63598.371,6359.8371,63.598371,0.63598371
600637.SH,600637,东方明珠,20200514,9.07,9.14,9.05,9.06,9.09,-0.03,-0.33,73984.67,67251.537,6725.1537,67.251537,0.67251537
600637.SH,600637,东方明珠,20200515,9.1,9.24,9.06,9.13,9.06,0.07,0.7726,96472.8,88327.898,8832.7898,88.327898,0.88327898
600637.SH,600637,东方明珠,20200518,9.16,9.22,9.04,9.08,9.13,-0.05,-0.5476,94309.82,85990.473,8599.0473,85.99047300000001,0.8599047300000001
600637.SH,600637,东方明珠,20200519,9.15,9.26,9.1,9.18,9.08,0.1,1.1013,128017.36,117559.778,11755.9778,117.559778,1.17559778
600637.SH,600637,东方明珠,20200520,9.16,9.16,9.02,9.08,9.18,-0.1,-1.0893,113869.78,103450.101,10345.0101,103.450101,1.0345010099999998
600637.SH,600637,东方明珠,20200521,9.2,9.49,9.17,9.25,9.08,0.17,1.8722,283962.3,264999.535,26499.9535,264.999535,2.64999535
600637.SH,600637,东方明珠,20200522,9.25,9.25,8.96,9.01,9.25,-0.24,-2.5946,180273.18,163676.703,16367.670300000002,163.676703,1.63676703
600637.SH,600637,东方明珠,20200525,8.9,9.0,8.86,8.92,9.01,-0.09,-0.9989,77077.78,68789.864,6878.9864,68.789864,0.6878986399999999
600637.SH,600637,东方明珠,20200526,8.92,9.06,8.92,9.03,8.92,0.11,1.2332,107867.73,97243.599,9724.3599,97.243599,0.97243599
600637.SH,600637,东方明珠,20200527,9.05,9.05,8.81,8.87,9.03,-0.16,-1.7719,151817.44,134861.957,13486.1957,134.861957,1.34861957
600637.SH,600637,东方明珠,20200528,8.95,9.38,8.93,9.17,8.87,0.3,3.3822,275962.56,253265.295,25326.5295,253.265295,2.53265295
600637.SH,600637,东方明珠,20200529,9.55,10.02,9.44,10.0,9.17,0.83,9.0513,694596.08,677735.056,67773.5056,677.735056,6.77735056
600637.SH,600637,东方明珠,20200601,10.11,10.18,9.82,10.01,10.0,0.01,0.1,502806.2,501131.149,50113.1149,501.131149,5.01131149
600637.SH,600637,东方明珠,20200602,10.15,10.44,10.0,10.07,10.01,0.06,0.5994,451364.98,459694.289,45969.4289,459.694289,4.596942889999999
600637.SH,600637,东方明珠,20200603,10.1,10.16,9.91,10.05,10.07,-0.02,-0.1986,278335.1,279620.147,27962.0147,279.620147,2.79620147
600637.SH,600637,东方明珠,20200604,10.0,10.0,9.67,9.76,10.05,-0.29,-2.8856,306944.44,300816.143,30081.6143,300.81614299999995,3.0081614299999995
600637.SH,600637,东方明珠,20200605,9.81,10.18,9.76,9.91,9.76,0.15,1.5369,270921.5,269988.15,26998.815,269.98815,2.6998815
600637.SH,600637,东方明珠,20200608,9.96,10.0,9.76,9.8,9.91,-0.11,-1.11,183820.35,181105.139,18110.5139,181.105139,1.81105139
600637.SH,600637,东方明珠,20200609,9.79,9.84,9.65,9.75,9.8,-0.05,-0.5102,150978.03,146925.197,14692.5197,146.925197,1.46925197
600637.SH,600637,东方明珠,20200610,9.76,9.82,9.67,9.76,9.75,0.01,0.1026,106087.0,103282.164,10328.2164,103.282164,1.03282164
600637.SH,600637,东方明珠,20200611,9.81,9.95,9.73,9.78,9.76,0.02,0.2049,190099.18,187459.41,18745.941,187.45941,1.8745941
600637.SH,600637,东方明珠,20200612,9.52,9.7,9.5,9.66,9.78,-0.12,-1.227,169674.89,163279.678,16327.967800000002,163.27967800000002,1.6327967800000005
600637.SH,600637,东方明珠,20200615,9.6,9.93,9.59,9.76,9.66,0.1,1.0352,196171.35,192307.767,19230.7767,192.307767,1.92307767
600637.SH,600637,东方明珠,20200616,9.84,9.94,9.78,9.84,9.76,0.08,0.8197,147255.58,145027.28,14502.728,145.02728,1.4502727999999998
600637.SH,600637,东方明珠,20200617,9.9,9.9,9.75,9.82,9.84,-0.02,-0.2033,125251.15,122778.97,12277.897,122.77897000000002,1.2277897000000002
600637.SH,600637,东方明珠,20200618,9.78,9.95,9.77,9.92,9.82,0.1,1.0183,183860.87,181170.658,18117.0658,181.170658,1.81170658
600637.SH,600637,东方明珠,20200619,9.88,10.12,9.86,9.95,9.92,0.03,0.3024,223648.17,223771.204,22377.1204,223.771204,2.23771204
600637.SH,600637,东方明珠,20200622,9.98,10.04,9.82,9.85,9.95,-0.1,-1.005,164505.09,163001.847,16300.184700000002,163.00184700000003,1.6300184700000002
600637.SH,600637,东方明珠,20200623,9.81,9.86,9.71,9.8,9.85,-0.05,-0.5076,122370.84,119787.799,11978.7799,119.787799,1.1978779899999998
600637.SH,600637,东方明珠,20200624,9.81,9.82,9.67,9.69,9.8,-0.11,-1.1224,106564.85,103609.779,10360.9779,103.609779,1.03609779
600637.SH,600637,东方明珠,20200629,9.63,9.67,9.53,9.56,9.69,-0.13,-1.3416,109901.64,105470.328,10547.0328,105.470328,1.05470328
600637.SH,600637,东方明珠,20200630,9.62,9.73,9.58,9.65,9.56,0.09,0.9414,95531.26,92130.937,9213.0937,92.13093700000002,0.92130937
600637.SH,600637,东方明珠,20200701,9.7,9.7,9.53,9.65,9.65,0.0,0.0,122408.12,117508.266,11750.8266,117.508266,1.1750826600000002
600637.SH,600637,东方明珠,20200702,9.63,9.92,9.63,9.9,9.65,0.25,2.5907,207999.78,204001.533,20400.1533,204.001533,2.04001533
600637.SH,600637,东方明珠,20200703,9.95,10.14,9.91,10.02,9.9,0.12,1.2121,262728.42,262800.248,26280.024800000003,262.800248,2.62800248
600637.SH,600637,东方明珠,20200706,10.08,10.68,10.07,10.52,10.02,0.5,4.99,489839.25,510277.685,51027.7685,510.277685,5.10277685
600637.SH,600637,东方明珠,20200707,10.61,10.77,10.46,10.5,10.52,-0.02,-0.1901,401340.42,426767.812,42676.7812,426.767812,4.26767812
600637.SH,600637,东方明珠,20200708,10.5,10.67,10.42,10.62,10.5,0.12,1.1429,292219.41,308353.356,30835.3356,308.353356,3.08353356
600637.SH,600637,东方明珠,20200709,10.82,10.89,10.49,10.65,10.62,0.03,0.2825,564791.32,603573.587,60357.3587,603.5735870000001,6.035735870000001
600637.SH,600637,东方明珠,20200710,10.61,11.05,10.55,10.83,10.65,0.18,1.6901,548108.84,594406.619,59440.66189999999,594.4066189999999,5.944066189999998
600637.SH,600637,东方明珠,20200713,10.8,11.1,10.66,11.0,10.83,0.17,1.5697,409411.18,446436.573,44643.6573,446.436573,4.46436573
600637.SH,600637,东方明珠,20200714,10.97,11.08,10.65,10.8,11.0,-0.2,-1.8182,398447.28,431961.906,43196.1906,431.961906,4.31961906
600637.SH,600637,东方明珠,20200715,10.91,11.01,10.56,10.6,10.8,-0.2,-1.8519,310389.65,333607.679,33360.7679,333.607679,3.3360767899999995
600637.SH,600637,东方明珠,20200716,10.57,10.67,10.18,10.18,10.6,-0.42,-3.9623,313700.59,326942.621,32694.2621,326.942621,3.26942621
600637.SH,600637,东方明珠,20200717,10.13,10.26,10.02,10.11,10.18,-0.07,-0.6876,236543.34,239634.884,23963.4884,239.634884,2.39634884
600637.SH,600637,东方明珠,20200720,10.13,10.43,10.13,10.4,10.11,0.29,2.8684,220357.3,226793.901,22679.3901,226.793901,2.26793901
600637.SH,600637,东方明珠,20200721,10.42,10.56,10.35,10.39,10.4,-0.01,-0.0962,180292.53,188056.796,18805.6796,188.056796,1.88056796
600637.SH,600637,东方明珠,20200722,10.36,10.52,10.3,10.4,10.39,0.01,0.0962,198850.3,207078.401,20707.8401,207.078401,2.07078401
600637.SH,600637,东方明珠,20200723,10.36,10.4,10.08,10.26,10.4,-0.14,-1.3462,243620.03,249063.08,24906.308,249.06308,2.4906308
600637.SH,600637,东方明珠,20200724,10.24,10.35,9.91,9.98,10.26,-0.28,-2.729,233002.63,235550.648,23555.0648,235.550648,2.35550648
600637.SH,600637,东方明珠,20200727,10.02,10.05,9.82,9.9,9.98,-0.08,-0.8016,158348.8,156996.822,15699.6822,156.99682199999998,1.5699682199999998
600637.SH,600637,东方明珠,20200728,9.93,10.03,9.78,9.84,9.9,-0.06,-0.6061,167557.18,165623.357,16562.3357,165.623357,1.65623357
600637.SH,600637,东方明珠,20200729,9.84,10.05,9.79,10.01,9.84,0.17,1.7276,180356.77,179683.801,17968.380100000002,179.68380100000002,1.79683801
600637.SH,600637,东方明珠,20200730,10.01,10.08,9.97,9.98,10.01,-0.03,-0.2997,153627.23,153921.647,15392.1647,153.921647,1.5392164700000002
600637.SH,600637,东方明珠,20200731,9.96,10.15,9.96,10.14,9.98,0.16,1.6032,223997.12,225461.846,22546.1846,225.461846,2.25461846
600637.SH,600637,东方明珠,20200803,10.29,10.64,10.28,10.62,10.14,0.48,4.7337,324932.49,341419.089,34141.908899999995,341.419089,3.414190889999999
600637.SH,600637,东方明珠,20200804,10.62,10.69,10.49,10.57,10.62,-0.05,-0.4708,229001.21,242719.211,24271.9211,242.719211,2.42719211
600637.SH,600637,东方明珠,20200805,10.57,10.63,10.31,10.48,10.57,-0.09,-0.8515,226460.35,236632.378,23663.2378,236.632378,2.36632378
600637.SH,600637,东方明珠,20200806,10.47,10.48,10.33,10.46,10.48,-0.02,-0.1908,171640.26,178698.159,17869.8159,178.698159,1.78698159
600637.SH,600637,东方明珠,20200807,10.2,10.26,9.94,10.14,10.19,-0.05,-0.4907,234239.94,236198.991,23619.8991,236.19899100000004,2.36198991
600637.SH,600637,东方明珠,20200810,10.25,10.72,10.25,10.56,10.14,0.42,4.142,443624.56,467998.576,46799.8576,467.998576,4.67998576
600637.SH,600637,东方明珠,20200811,10.5,10.55,10.14,10.23,10.56,-0.33,-3.125,312721.72,323166.704,32316.670400000003,323.16670400000004,3.2316670400000005
600637.SH,600637,东方明珠,20200812,10.16,10.23,9.98,10.2,10.23,-0.03,-0.2933,192326.1,194237.538,19423.7538,194.237538,1.94237538
600637.SH,600637,东方明珠,20200813,10.2,10.25,10.09,10.11,10.2,-0.09,-0.8824,125488.33,127657.739,12765.7739,127.657739,1.27657739
600637.SH,600637,东方明珠,20200814,10.07,10.2,10.0,10.2,10.11,0.09,0.8902,117112.88,118355.845,11835.5845,118.355845,1.18355845
600637.SH,600637,东方明珠,20200817,10.2,10.41,10.18,10.36,10.2,0.16,1.5686,188882.2,195042.213,19504.2213,195.042213,1.95042213
600637.SH,600637,东方明珠,20200818,10.37,10.38,10.25,10.3,10.36,-0.06,-0.5792,170865.42,176002.748,17600.2748,176.002748,1.76002748
600637.SH,600637,东方明珠,20200819,10.32,10.33,10.15,10.16,10.3,-0.14,-1.3592,135736.87,138532.29,13853.229,138.53229000000002,1.3853229000000002
600637.SH,600637,东方明珠,20200820,10.1,10.32,10.03,10.2,10.16,0.04,0.3937,174054.15,177573.371,17757.3371,177.573371,1.77573371
600637.SH,600637,东方明珠,20200821,10.24,10.51,10.22,10.36,10.2,0.16,1.5686,282203.65,292707.658,29270.7658,292.70765800000004,2.9270765800000005
600637.SH,600637,东方明珠,20200824,10.38,10.43,10.27,10.34,10.36,-0.02,-0.1931,162129.85,167728.612,16772.8612,167.728612,1.67728612
600637.SH,600637,东方明珠,20200825,10.37,10.44,10.17,10.22,10.34,-0.12,-1.1605,147753.38,152185.831,15218.5831,152.185831,1.52185831
600637.SH,600637,东方明珠,20200826,10.35,10.66,10.32,10.39,10.22,0.17,1.6634,399723.01,418593.606,41859.3606,418.593606,4.18593606
600637.SH,600637,东方明珠,20200827,10.85,11.38,10.73,10.77,10.39,0.38,3.6574,1016220.89,1116736.513,111673.6513,1116.736513,11.16736513
600637.SH,600637,东方明珠,20200828,10.77,11.03,10.6,10.75,10.77,-0.02,-0.1857,580971.48,628145.062,62814.5062,628.145062,6.28145062
600637.SH,600637,东方明珠,20200831,10.8,10.96,10.64,10.66,10.75,-0.09,-0.8372,413064.3,446341.221,44634.1221,446.341221,4.46341221
600637.SH,600637,东方明珠,20200901,10.72,10.75,10.51,10.61,10.66,-0.05,-0.469,252950.86,267761.327,26776.1327,267.761327,2.67761327
600637.SH,600637,东方明珠,20200902,10.55,10.75,10.55,10.68,10.61,0.07,0.6598,234363.95,249657.363,24965.7363,249.657363,2.49657363
600637.SH,600637,东方明珠,20200903,10.68,10.83,10.56,10.59,10.68,-0.09,-0.8427,213251.69,227551.608,22755.1608,227.551608,2.27551608
600637.SH,600637,东方明珠,20200904,10.54,10.66,10.47,10.63,10.59,0.04,0.3777,211722.6,224211.703,22421.1703,224.21170300000003,2.24211703
600637.SH,600637,东方明珠,20200907,10.59,10.72,10.41,10.43,10.63,-0.2,-1.8815,224750.45,237691.86,23769.186,237.69186,2.3769186
600637.SH,600637,东方明珠,20200908,10.43,10.52,10.35,10.45,10.43,0.02,0.1918,185262.96,193061.943,19306.1943,193.061943,1.93061943
600637.SH,600637,东方明珠,20200909,10.39,10.44,10.2,10.21,10.45,-0.24,-2.2967,214574.47,221084.242,22108.4242,221.084242,2.21084242
600637.SH,600637,东方明珠,20200910,10.25,10.29,9.86,9.9,10.21,-0.31,-3.0362,297265.38,298787.379,29878.7379,298.787379,2.98787379
600637.SH,600637,东方明珠,20200911,9.87,9.97,9.82,9.93,9.9,0.03,0.303,135040.52,133572.711,13357.271100000002,133.57271100000003,1.3357271100000003
600637.SH,600637,东方明珠,20200914,9.97,10.02,9.9,9.95,9.93,0.02,0.2014,112572.2,112114.332,11211.4332,112.114332,1.1211433199999998
600637.SH,600637,东方明珠,20200915,9.99,10.01,9.89,9.98,9.95,0.03,0.3015,101227.59,100802.729,10080.2729,100.802729,1.00802729
600637.SH,600637,东方明珠,20200916,9.97,10.09,9.9,10.0,9.98,0.02,0.2004,136049.56,136109.111,13610.9111,136.109111,1.36109111
600637.SH,600637,东方明珠,20200917,10.02,10.09,9.96,10.03,10.0,0.03,0.3,107812.04,107899.376,10789.9376,107.89937600000002,1.07899376
600637.SH,600637,东方明珠,20200918,10.04,10.2,9.99,10.19,10.03,0.16,1.5952,139094.63,140599.937,14059.9937,140.599937,1.4059993700000002
600637.SH,600637,东方明珠,20200921,10.2,10.22,10.1,10.11,10.19,-0.08,-0.7851,105824.76,107415.511,10741.5511,107.415511,1.0741551100000002
600637.SH,600637,东方明珠,20200922,10.05,10.1,9.9,9.93,10.11,-0.18,-1.7804,115299.97,115286.858,11528.6858,115.286858,1.15286858
600637.SH,600637,东方明珠,20200923,10.0,10.01,9.91,9.97,9.93,0.04,0.4028,67882.67,67580.419,6758.041899999999,67.58041899999999,0.6758041899999999
600637.SH,600637,东方明珠,20200924,9.92,10.0,9.78,9.8,9.97,-0.17,-1.7051,115508.52,113896.956,11389.6956,113.896956,1.13896956
600637.SH,600637,东方明珠,20200925,9.83,9.88,9.75,9.79,9.8,-0.01,-0.102,60518.33,59276.28,5927.628,59.27628,0.5927628
600637.SH,600637,东方明珠,20200928,9.84,9.87,9.74,9.77,9.79,-0.02,-0.2043,76797.73,75236.726,7523.6726,75.236726,0.7523672600000001
600637.SH,600637,东方明珠,20200929,9.81,9.86,9.76,9.8,9.77,0.03,0.3071,63979.01,62775.585,6277.5585,62.775585,0.62775585
600637.SH,600637,东方明珠,20200930,9.8,9.84,9.62,9.69,9.8,-0.11,-1.1224,89710.51,87196.644,8719.6644,87.19664399999999,0.8719664399999999
600637.SH,600637,东方明珠,20201009,9.78,9.91,9.74,9.86,9.69,0.17,1.7544,107693.13,106206.712,10620.6712,106.206712,1.06206712
600637.SH,600637,东方明珠,20201012,9.92,10.07,9.87,10.04,9.86,0.18,1.8256,155903.76,155784.465,15578.4465,155.784465,1.55784465
600637.SH,600637,东方明珠,20201013,10.05,10.06,9.94,10.0,10.04,-0.04,-0.3984,83978.67,83837.94,8383.794,83.83794,0.8383794
600637.SH,600637,东方明珠,20201014,9.98,9.98,9.88,9.92,10.0,-0.08,-0.8,78231.0,77662.317,7766.231699999999,77.66231699999999,0.7766231699999999
600637.SH,600637,东方明珠,20201015,9.94,9.96,9.82,9.82,9.92,-0.1,-1.0081,90576.62,89439.048,8943.9048,89.439048,0.89439048
600637.SH,600637,东方明珠,20201016,9.83,9.86,9.73,9.76,9.82,-0.06,-0.611,79460.77,77722.859,7772.2859,77.722859,0.77722859
600637.SH,600637,东方明珠,20201019,9.8,9.9,9.68,9.7,9.76,-0.06,-0.6148,87096.66,85164.062,8516.406200000001,85.16406200000002,0.8516406200000002
600637.SH,600637,东方明珠,20201020,9.71,9.82,9.69,9.78,9.7,0.08,0.8247,76325.43,74367.705,7436.7705,74.367705,0.7436770500000001
600637.SH,600637,东方明珠,20201021,9.78,9.83,9.63,9.72,9.78,-0.06,-0.6135,84185.14,81908.467,8190.8467,81.908467,0.8190846700000001
600637.SH,600637,东方明珠,20201022,9.74,9.83,9.68,9.78,9.72,0.06,0.6173,86790.8,84705.62,8470.562,84.70562,0.8470561999999999
600637.SH,600637,东方明珠,20201023,9.77,9.84,9.68,9.68,9.78,-0.1,-1.0225,83460.62,81453.856,8145.3856,81.453856,0.81453856
600637.SH,600637,东方明珠,20201026,9.68,9.69,9.56,9.61,9.68,-0.07,-0.7231,75145.26,72136.938,7213.693799999999,72.13693799999999,0.7213693799999998
600637.SH,600637,东方明珠,20201027,9.59,9.61,9.48,9.54,9.61,-0.07,-0.7284,74189.23,70774.956,7077.4956,70.774956,0.70774956
600637.SH,600637,东方明珠,20201028,9.55,9.55,9.34,9.5,9.54,-0.04,-0.4193,81462.55,76865.254,7686.5254,76.86525400000001,0.76865254
600637.SH,600637,东方明珠,20201029,9.41,9.49,9.35,9.4,9.5,-0.1,-1.0526,79547.47,74891.521,7489.152099999999,74.891521,0.7489152099999999
600637.SH,600637,东方明珠,20201030,9.49,9.51,9.17,9.18,9.4,-0.22,-2.3404,112110.5,104509.41,10450.941,104.50941,1.0450941
600637.SH,600637,东方明珠,20201102,9.18,9.26,9.13,9.22,9.18,0.04,0.4357,94091.61,86507.849,8650.7849,86.50784900000001,0.86507849
600637.SH,600637,东方明珠,20201103,9.25,9.39,9.22,9.35,9.22,0.13,1.41,64694.65,60352.163,6035.2163,60.352163,0.6035216299999999
600637.SH,600637,东方明珠,20201104,9.35,9.38,9.2,9.22,9.35,-0.13,-1.3904,84300.66,77980.679,7798.0679,77.980679,0.77980679
600637.SH,600637,东方明珠,20201105,9.28,9.4,9.25,9.38,9.22,0.16,1.7354,84086.92,78426.248,7842.6248,78.426248,0.78426248
600637.SH,600637,东方明珠,20201106,9.35,9.4,9.26,9.35,9.38,-0.03,-0.3198,70877.66,66155.734,6615.573399999999,66.155734,0.66155734
600637.SH,600637,东方明珠,20201109,9.35,9.52,9.35,9.48,9.35,0.13,1.3904,115991.55,109831.67,10983.167,109.83167,1.0983166999999998
600637.SH,600637,东方明珠,20201110,9.5,9.52,9.36,9.41,9.48,-0.07,-0.7384,110049.64,103849.756,10384.9756,103.849756,1.03849756
600637.SH,600637,东方明珠,20201111,9.39,9.45,9.32,9.34,9.41,-0.07,-0.7439,72965.78,68351.883,6835.1883,68.351883,0.68351883
600637.SH,600637,东方明珠,20201112,9.34,9.42,9.32,9.35,9.34,0.01,0.1071,66126.85,61919.318,6191.9318,61.919318,0.61919318
600637.SH,600637,东方明珠,20201113,9.34,9.35,9.24,9.33,9.35,-0.02,-0.2139,70902.67,65854.084,6585.4084,65.854084,0.65854084
600637.SH,600637,东方明珠,20201116,9.33,9.42,9.32,9.4,9.33,0.07,0.7503,66854.23,62778.789,6277.8789,62.778789,0.62778789
600637.SH,600637,东方明珠,20201117,9.39,9.41,9.34,9.4,9.4,0.0,0.0,68691.46,64393.242,6439.3242,64.393242,0.6439324200000001
600637.SH,600637,东方明珠,20201118,9.38,9.53,9.35,9.46,9.4,0.06,0.6383,113838.16,107680.996,10768.0996,107.680996,1.0768099599999998
600637.SH,600637,东方明珠,20201119,9.45,9.5,9.42,9.5,9.46,0.04,0.4228,72472.35,68579.434,6857.943399999999,68.57943399999999,0.68579434
600637.SH,600637,东方明珠,20201120,9.48,9.51,9.44,9.49,9.5,-0.01,-0.1053,56749.24,53765.035,5376.503500000001,53.765035000000005,0.53765035
600637.SH,600637,东方明珠,20201123,9.45,9.54,9.38,9.49,9.49,0.0,0.0,105727.68,100143.773,10014.3773,100.143773,1.00143773
600637.SH,600637,东方明珠,20201124,9.49,9.57,9.44,9.51,9.49,0.02,0.2107,74194.0,70562.295,7056.2295,70.56229499999999,0.70562295
600637.SH,600637,东方明珠,20201125,9.51,9.56,9.39,9.4,9.51,-0.11,-1.1567,99329.54,94257.456,9425.7456,94.257456,0.94257456
600637.SH,600637,东方明珠,20201126,9.41,9.52,9.36,9.48,9.4,0.08,0.8511,95121.62,89857.296,8985.7296,89.857296,0.8985729600000001
600637.SH,600637,东方明珠,20201127,9.47,9.57,9.45,9.5,9.48,0.02,0.211,100276.71,95288.209,9528.8209,95.288209,0.95288209
600637.SH,600637,东方明珠,20201130,9.5,9.63,9.48,9.51,9.5,0.01,0.1053,170190.99,162809.17,16280.917,162.80917000000002,1.6280917
600637.SH,600637,东方明珠,20201201,9.55,9.64,9.5,9.61,9.51,0.1,1.0515,126545.24,121250.584,12125.0584,121.250584,1.21250584
600637.SH,600637,东方明珠,20201202,9.61,9.65,9.56,9.62,9.61,0.01,0.1041,116664.9,112096.21,11209.621,112.09621,1.1209621
600637.SH,600637,东方明珠,20201203,9.63,9.75,9.58,9.75,9.62,0.13,1.3514,153829.67,149029.578,14902.9578,149.029578,1.49029578
600637.SH,600637,东方明珠,20201204,9.75,9.78,9.59,9.64,9.75,-0.11,-1.1282,121619.64,117368.962,11736.8962,117.368962,1.17368962
600637.SH,600637,东方明珠,20201207,9.61,9.63,9.5,9.53,9.64,-0.11,-1.1411,99244.19,94780.791,9478.0791,94.780791,0.94780791
600637.SH,600637,东方明珠,20201208,9.56,9.59,9.38,9.39,9.53,-0.14,-1.469,112342.66,106433.745,10643.3745,106.433745,1.06433745
600637.SH,600637,东方明珠,20201209,9.39,9.42,9.19,9.2,9.39,-0.19,-2.0234,126938.26,118174.015,11817.4015,118.174015,1.18174015
600637.SH,600637,东方明珠,20201210,9.2,9.27,9.17,9.21,9.2,0.01,0.1087,72237.48,66556.997,6655.6997,66.556997,0.66556997
600637.SH,600637,东方明珠,20201211,9.21,9.23,8.98,8.99,9.21,-0.22,-2.3887,154107.56,139366.723,13936.6723,139.366723,1.39366723
600637.SH,600637,东方明珠,20201214,9.03,9.08,8.94,9.02,8.99,0.03,0.3337,70746.24,63763.477,6376.3477,63.763477,0.63763477
600637.SH,600637,东方明珠,20201215,9.0,9.09,8.98,9.06,9.02,0.04,0.4435,57186.69,51740.585,5174.0585,51.740585,0.5174058500000001
600637.SH,600637,东方明珠,20201216,9.07,9.09,8.96,8.98,9.06,-0.08,-0.883,57081.52,51375.599,5137.5599,51.375599,0.51375599
600637.SH,600637,东方明珠,20201217,9.0,9.07,8.86,9.06,8.98,0.08,0.8909,81751.38,73332.96,7333.296,73.33296,0.7333296
600637.SH,600637,东方明珠,20201218,9.04,9.09,9.01,9.04,9.06,-0.02,-0.2208,52550.87,47564.102,4756.4102,47.564102000000005,0.4756410200000001
600637.SH,600637,东方明珠,20201221,9.04,9.13,8.99,9.09,9.04,0.05,0.5531,60380.79,54770.843,5477.0843,54.770843000000006,0.54770843
600637.SH,600637,东方明珠,20201222,9.08,9.08,8.89,8.9,9.09,-0.19,-2.0902,85744.67,77020.391,7702.0391,77.020391,0.77020391
600637.SH,600637,东方明珠,20201223,8.91,9.01,8.91,8.97,8.9,0.07,0.7865,65156.88,58425.578,5842.5578000000005,58.425578,0.58425578
600637.SH,600637,东方明珠,20201224,8.99,8.99,8.73,8.74,8.97,-0.23,-2.5641,118602.32,104497.229,10449.7229,104.497229,1.04497229
600637.SH,600637,东方明珠,20201225,8.75,8.85,8.71,8.81,8.74,0.07,0.8009,52786.46,46422.425,4642.2425,46.422425,0.46422425
600637.SH,600637,东方明珠,20201228,8.84,8.85,8.73,8.75,8.81,-0.06,-0.681,59628.41,52256.553,5225.6553,52.256553,0.5225655300000001
600637.SH,600637,东方明珠,20201229,8.75,8.88,8.7,8.8,8.75,0.05,0.5714,59558.27,52501.411,5250.1411,52.501411,0.52501411
600637.SH,600637,东方明珠,20201230,8.85,8.85,8.76,8.83,8.8,0.03,0.3409,60761.36,53529.914,5352.9914,53.529914,0.53529914
600637.SH,600637,东方明珠,20201231,8.83,9.0,8.81,8.94,8.83,0.11,1.2458,74408.88,66414.558,6641.455800000001,66.414558,0.66414558
600637.SH,600637,东方明珠,20210104,8.95,9.06,8.92,9.02,8.94,0.08,0.8949,87387.79,78756.988,7875.6988,78.756988,0.78756988
600637.SH,600637,东方明珠,20210105,9.04,9.04,8.94,9.01,9.02,-0.01,-0.1109,76721.79,68945.476,6894.5476,68.945476,0.6894547599999999
600637.SH,600637,东方明珠,20210106,9.04,9.04,8.92,8.94,9.01,-0.07,-0.7769,70873.67,63551.915,6355.1915,63.551915,0.63551915
600637.SH,600637,东方明珠,20210107,8.99,9.0,8.75,8.83,8.94,-0.11,-1.2304,118706.9,104928.98,10492.898,104.92898,1.0492898
600637.SH,600637,东方明珠,20210108,8.8,9.15,8.71,9.1,8.83,0.27,3.0578,177466.74,160434.186,16043.4186,160.43418599999998,1.60434186
600637.SH,600637,东方明珠,20210111,9.07,9.19,8.95,8.99,9.1,-0.11,-1.2088,123365.12,111586.188,11158.6188,111.586188,1.11586188
600637.SH,600637,东方明珠,20210112,8.96,9.06,8.92,9.03,8.99,0.04,0.4449,83813.07,75305.183,7530.518300000001,75.305183,0.75305183
600637.SH,600637,东方明珠,20210113,9.0,9.06,8.86,9.05,9.03,0.02,0.2215,118173.89,105915.008,10591.5008,105.915008,1.05915008
600637.SH,600637,东方明珠,20210114,9.01,9.28,8.97,9.2,9.05,0.15,1.6575,179550.18,164205.945,16420.5945,164.205945,1.64205945
600637.SH,600637,东方明珠,20210115,9.13,9.23,9.08,9.13,9.2,-0.07,-0.7609,96292.41,88015.832,8801.5832,88.01583199999999,0.8801583199999999
600637.SH,600637,东方明珠,20210118,9.12,9.21,9.06,9.08,9.13,-0.05,-0.5476,85277.1,77899.668,7789.9668,77.899668,0.7789966800000001
600637.SH,600637,东方明珠,20210119,9.09,9.16,9.01,9.12,9.08,0.04,0.4405,72508.95,65921.406,6592.140600000001,65.921406,0.65921406
600637.SH,600637,东方明珠,20210120,9.09,9.13,8.99,9.06,9.12,-0.06,-0.6579,87849.66,79440.39,7944.039,79.44039,0.7944038999999999
600637.SH,600637,东方明珠,20210121,9.05,9.12,9.0,9.07,9.06,0.01,0.1104,88678.74,80380.734,8038.073399999999,80.38073399999999,0.8038073399999999
600637.SH,600637,东方明珠,20210122,9.06,9.06,8.86,8.9,9.07,-0.17,-1.8743,110253.68,98454.985,9845.4985,98.454985,0.98454985
600637.SH,600637,东方明珠,20210125,8.86,8.93,8.76,8.8,8.9,-0.1,-1.1236,94894.74,83660.046,8366.0046,83.66004600000001,0.8366004600000001
600637.SH,600637,东方明珠,20210126,8.81,8.84,8.76,8.78,8.8,-0.02,-0.2273,57810.9,50807.747,5080.7747,50.807747,0.50807747
600637.SH,600637,东方明珠,20210127,8.78,8.95,8.77,8.85,8.78,0.07,0.7973,74850.08,66420.634,6642.063400000001,66.420634,0.6642063400000001
600637.SH,600637,东方明珠,20210128,8.81,9.03,8.8,8.93,8.85,0.08,0.904,122435.94,109569.959,10956.9959,109.569959,1.09569959
600637.SH,600637,东方明珠,20210129,8.85,8.96,8.71,8.72,8.93,-0.21,-2.3516,115890.59,102141.524,10214.1524,102.141524,1.02141524
600637.SH,600637,东方明珠,20210201,8.72,8.79,8.61,8.65,8.72,-0.07,-0.8028,87200.89,75695.117,7569.5117,75.695117,0.75695117
600637.SH,600637,东方明珠,20210202,8.66,8.72,8.58,8.66,8.65,0.01,0.1156,63915.94,55316.135,5531.6135,55.316135,0.55316135
600637.SH,600637,东方明珠,20210203,8.63,8.66,8.52,8.53,8.66,-0.13,-1.5012,83066.88,71110.382,7111.0382,71.110382,0.71110382
600637.SH,600637,东方明珠,20210204,8.52,8.52,8.22,8.32,8.53,-0.21,-2.4619,134043.54,111634.635,11163.4635,111.634635,1.11634635
600637.SH,600637,东方明珠,20210205,8.34,8.39,8.27,8.28,8.32,-0.04,-0.4808,56588.12,47050.189,4705.0189,47.050189,0.47050189
600637.SH,600637,东方明珠,20210208,8.28,8.42,8.22,8.32,8.28,0.04,0.4831,60562.93,50458.93,5045.893,50.45893,0.5045893
600637.SH,600637,东方明珠,20210209,8.36,8.42,8.28,8.4,8.32,0.08,0.9615,63569.64,53155.987,5315.5987000000005,53.155987,0.53155987
600637.SH,600637,东方明珠,20210210,8.41,8.45,8.35,8.43,8.4,0.03,0.3571,62123.8,52197.775,5219.7775,52.197775,0.52197775
600637.SH,600637,东方明珠,20210218,8.53,8.64,8.52,8.58,8.43,0.15,1.7794,88417.96,75908.879,7590.8879,75.908879,0.75908879
600637.SH,600637,东方明珠,20210219,8.59,8.84,8.52,8.82,8.58,0.24,2.7972,116410.12,101515.272,10151.5272,101.515272,1.01515272
600637.SH,600637,东方明珠,20210222,8.83,8.98,8.8,8.8,8.82,-0.02,-0.2268,152110.0,135234.966,13523.4966,135.234966,1.3523496599999998
600637.SH,600637,东方明珠,20210223,8.8,8.88,8.72,8.73,8.8,-0.07,-0.7955,79185.35,69353.425,6935.342500000001,69.353425,0.69353425
600637.SH,600637,东方明珠,20210224,8.75,8.87,8.7,8.73,8.73,0.0,0.0,103485.74,91052.061,9105.2061,91.052061,0.91052061
600637.SH,600637,东方明珠,20210225,8.78,8.84,8.68,8.71,8.73,-0.02,-0.2291,111187.66,97117.686,9711.7686,97.117686,0.97117686
600637.SH,600637,东方明珠,20210226,8.66,8.73,8.59,8.63,8.71,-0.08,-0.9185,103351.26,89457.231,8945.7231,89.457231,0.8945723099999999
600637.SH,600637,东方明珠,20210301,9.0,9.2,8.96,9.05,8.63,0.42,4.8667,304748.57,277074.669,27707.4669,277.074669,2.77074669
600637.SH,600637,东方明珠,20210302,9.03,9.1,8.97,9.01,9.05,-0.04,-0.442,138188.28,124697.741,12469.7741,124.697741,1.24697741
600637.SH,600637,东方明珠,20210303,9.01,9.21,9.0,9.18,9.01,0.17,1.8868,172515.45,157781.251,15778.1251,157.781251,1.57781251
600637.SH,600637,东方明珠,20210304,9.1,9.22,9.09,9.16,9.18,-0.02,-0.2179,120877.37,110773.971,11077.3971,110.773971,1.10773971
600637.SH,600637,东方明珠,20210305,9.14,9.26,9.13,9.18,9.16,0.02,0.2183,118378.34,108891.275,10889.1275,108.891275,1.08891275
600637.SH,600637,东方明珠,20210308,9.26,9.43,9.24,9.24,9.18,0.06,0.6536,142313.43,132668.052,13266.8052,132.668052,1.3266805199999998
600637.SH,600637,东方明珠,20210309,9.25,9.33,9.06,9.15,9.24,-0.09,-0.974,146744.79,135000.078,13500.0078,135.000078,1.35000078
600637.SH,600637,东方明珠,20210310,9.15,9.25,9.04,9.05,9.15,-0.1,-1.0929,106665.6,97317.521,9731.7521,97.317521,0.97317521
600637.SH,600637,东方明珠,20210311,9.06,9.35,9.01,9.25,9.05,0.2,2.2099,170253.51,155929.281,15592.9281,155.929281,1.55929281
600637.SH,600637,东方明珠,20210312,9.3,9.4,9.21,9.36,9.25,0.11,1.1892,162561.74,151732.573,15173.2573,151.732573,1.51732573
600637.SH,600637,东方明珠,20210315,9.41,9.52,9.32,9.48,9.36,0.12,1.2821,184772.96,174767.692,17476.769200000002,174.767692,1.7476769200000002
600637.SH,600637,东方明珠,20210316,9.54,9.6,9.46,9.58,9.48,0.1,1.0549,128379.19,122497.215,12249.7215,122.497215,1.22497215
600637.SH,600637,东方明珠,20210317,9.57,9.64,9.53,9.57,9.58,-0.01,-0.1044,114957.3,110194.378,11019.4378,110.194378,1.10194378
600637.SH,600637,东方明珠,20210318,9.62,9.64,9.53,9.59,9.57,0.02,0.209,120265.58,115185.531,11518.5531,115.185531,1.1518553100000002
600637.SH,600637,东方明珠,20210319,9.55,9.62,9.43,9.5,9.59,-0.09,-0.9385,141333.78,134479.567,13447.9567,134.479567,1.34479567
600637.SH,600637,东方明珠,20210322,9.49,9.73,9.47,9.68,9.5,0.18,1.8947,137973.47,132942.599,13294.2599,132.942599,1.32942599
600637.SH,600637,东方明珠,20210323,9.7,9.72,9.58,9.67,9.68,-0.01,-0.1033,108790.28,104921.361,10492.1361,104.921361,1.0492136099999998
600637.SH,600637,东方明珠,20210324,9.62,9.78,9.62,9.68,9.67,0.01,0.1034,109425.48,106311.048,10631.1048,106.311048,1.0631104799999995
600637.SH,600637,东方明珠,20210325,9.69,9.73,9.61,9.63,9.68,-0.05,-0.5165,82186.13,79484.631,7948.463099999999,79.484631,0.79484631
600637.SH,600637,东方明珠,20210326,9.64,9.68,9.54,9.6,9.63,-0.03,-0.3115,96048.49,92197.439,9219.7439,92.197439,0.92197439
600637.SH,600637,东方明珠,20210329,9.6,9.63,9.49,9.56,9.6,-0.04,-0.4167,95248.37,90857.404,9085.7404,90.857404,0.90857404
600637.SH,600637,东方明珠,20210330,9.51,9.53,9.46,9.51,9.56,-0.05,-0.523,75116.49,71290.984,7129.0984,71.290984,0.7129098399999999
600637.SH,600637,东方明珠,20210331,9.51,9.63,9.45,9.61,9.51,0.1,1.0515,83808.55,80012.629,8001.2629,80.012629,0.80012629
600637.SH,600637,东方明珠,20210401,9.61,9.65,9.45,9.6,9.61,-0.01,-0.1041,133566.16,127356.025,12735.6025,127.356025,1.2735602499999998
600637.SH,600637,东方明珠,20210402,9.61,9.66,9.55,9.58,9.6,-0.02,-0.2083,94433.89,90771.817,9077.1817,90.771817,0.90771817
600637.SH,600637,东方明珠,20210406,9.59,9.61,9.48,9.48,9.58,-0.1,-1.0438,82593.63,78689.791,7868.9791,78.689791,0.78689791
600637.SH,600637,东方明珠,20210407,9.48,9.49,9.39,9.42,9.48,-0.06,-0.6329,93602.92,88204.427,8820.4427,88.204427,0.88204427
600637.SH,600637,东方明珠,20210408,9.39,9.4,9.32,9.35,9.42,-0.07,-0.7431,81440.92,76179.329,7617.9329,76.179329,0.76179329
600637.SH,600637,东方明珠,20210409,9.33,9.43,9.31,9.39,9.35,0.04,0.4278,60898.01,57017.375,5701.7375,57.017375,0.57017375
600637.SH,600637,东方明珠,20210412,9.37,9.44,9.34,9.37,9.39,-0.02,-0.213,62338.26,58504.004,5850.4004,58.504004,0.58504004
600637.SH,600637,东方明珠,20210413,9.35,9.4,9.23,9.28,9.37,-0.09,-0.9605,74207.56,69167.009,6916.700900000001,69.16700900000001,0.6916700900000001
600637.SH,600637,东方明珠,20210414,9.25,9.4,9.25,9.38,9.28,0.1,1.0776,55449.48,51808.682,5180.8682,51.808682,0.51808682
600637.SH,600637,东方明珠,20210415,9.38,9.4,9.25,9.29,9.38,-0.09,-0.9595,46463.61,43307.67,4330.767,43.30767,0.4330767
600637.SH,600637,东方明珠,20210416,9.3,9.48,9.29,9.46,9.29,0.17,1.8299,84326.57,79453.981,7945.3981,79.453981,0.79453981
600637.SH,600637,东方明珠,20210419,9.48,9.55,9.45,9.49,9.46,0.03,0.3171,70337.48,66861.971,6686.1971,66.861971,0.66861971
600637.SH,600637,东方明珠,20210420,9.54,9.59,9.43,9.44,9.49,-0.05,-0.5269,86412.81,82200.341,8220.0341,82.20034100000001,0.8220034100000001
600637.SH,600637,东方明珠,20210421,9.42,9.44,9.3,9.31,9.44,-0.13,-1.3771,55425.7,51853.866,5185.3866,51.853866,0.5185386599999999
600637.SH,600637,东方明珠,20210422,9.31,9.35,9.23,9.25,9.31,-0.06,-0.6445,53745.8,49879.451,4987.9451,49.879451,0.4987945099999999
600637.SH,600637,东方明珠,20210423,9.24,9.26,9.06,9.08,9.25,-0.17,-1.8378,91898.02,84015.941,8401.5941,84.015941,0.8401594099999999
600637.SH,600637,东方明珠,20210426,9.07,9.14,9.03,9.03,9.08,-0.05,-0.5507,56648.13,51453.32,5145.332,51.453320000000005,0.5145332
600637.SH,600637,东方明珠,20210427,9.02,9.05,8.93,8.93,9.03,-0.1,-1.1074,58133.01,52160.939,5216.0939,52.160939,0.52160939
600637.SH,600637,东方明珠,20210428,8.92,8.99,8.89,8.95,8.93,0.02,0.224,61156.69,54736.39,5473.639,54.73639,0.5473639
600637.SH,600637,东方明珠,20210429,8.95,9.08,8.95,9.04,8.95,0.09,1.0056,58377.5,52727.724,5272.7724,52.727724,0.52727724
600637.SH,600637,东方明珠,20210430,8.97,9.01,8.77,8.8,9.04,-0.24,-2.6549,122298.98,108283.345,10828.3345,108.283345,1.08283345
600637.SH,600637,东方明珠,20210506,8.82,9.01,8.82,8.86,8.8,0.06,0.6818,73515.0,65540.249,6554.024899999999,65.54024899999999,0.6554024899999998
600637.SH,600637,东方明珠,20210507,8.89,8.92,8.81,8.87,8.86,0.01,0.1129,79229.48,70227.06,7022.706,70.22706,0.7022706
600637.SH,600637,东方明珠,20210510,8.89,8.92,8.74,8.91,8.87,0.04,0.451,108339.05,95583.618,9558.3618,95.583618,0.95583618
600637.SH,600637,东方明珠,20210511,8.86,8.98,8.86,8.92,8.91,0.01,0.1122,56438.56,50414.293,5041.4293,50.414293,0.50414293
600637.SH,600637,东方明珠,20210512,8.92,9.01,8.9,9.0,8.92,0.08,0.8969,62262.18,55788.035,5578.8035,55.788035,0.55788035
600637.SH,600637,东方明珠,20210513,8.93,9.01,8.9,8.92,9.0,-0.08,-0.8889,50479.49,45120.363,4512.0363,45.120363,0.4512036299999999
600637.SH,600637,东方明珠,20210514,8.91,9.03,8.9,9.02,8.92,0.1,1.1211,69469.93,62467.709,6246.7709,62.467709000000006,0.62467709
600637.SH,600637,东方明珠,20210517,9.02,9.07,8.97,9.0,9.02,-0.02,-0.2217,69895.77,63023.65,6302.365,63.02365,0.6302365
600637.SH,600637,东方明珠,20210518,8.98,9.12,8.98,9.05,9.0,0.05,0.5556,79423.57,71944.605,7194.460499999999,71.944605,0.71944605
600637.SH,600637,东方明珠,20210519,9.05,9.17,8.96,9.11,9.05,0.06,0.663,113101.71,102569.582,10256.9582,102.569582,1.02569582
600637.SH,600637,东方明珠,20210520,9.06,9.09,8.94,8.95,9.11,-0.16,-1.7563,88105.96,79214.491,7921.4491,79.214491,0.79214491
600637.SH,600637,东方明珠,20210521,8.94,9.03,8.85,8.85,8.95,-0.1,-1.1173,75132.62,67045.327,6704.532700000001,67.045327,0.67045327
600637.SH,600637,东方明珠,20210524,8.87,8.93,8.84,8.87,8.85,0.02,0.226,52969.56,46974.27,4697.427,46.97427,0.4697426999999999
600637.SH,600637,东方明珠,20210525,8.89,8.98,8.84,8.96,8.87,0.09,1.0147,74735.63,66661.037,6666.1037,66.661037,0.6666103699999999
600637.SH,600637,东方明珠,20210526,8.96,9.02,8.94,8.97,8.96,0.01,0.1116,67192.95,60260.056,6026.0056,60.26005599999999,0.60260056
600637.SH,600637,东方明珠,20210527,8.96,9.1,8.95,9.09,8.97,0.12,1.3378,110311.95,99880.135,9988.0135,99.880135,0.99880135
600637.SH,600637,东方明珠,20210528,9.07,9.09,8.97,8.98,9.09,-0.11,-1.2101,80403.76,72423.27,7242.327,72.42327,0.7242327000000001
600637.SH,600637,东方明珠,20210531,8.97,9.02,8.91,8.93,8.98,-0.05,-0.5568,58018.26,51896.608,5189.6608,51.89660799999999,0.5189660799999999
600637.SH,600637,东方明珠,20210601,8.93,8.98,8.88,8.9,8.93,-0.03,-0.3359,69604.66,62061.843,6206.1843,62.061843,0.6206184299999999
600637.SH,600637,东方明珠,20210602,8.89,8.93,8.75,8.77,8.9,-0.13,-1.4607,133607.48,117713.025,11771.3025,117.713025,1.17713025
600637.SH,600637,东方明珠,20210603,8.77,9.17,8.76,8.97,8.77,0.2,2.2805,267092.78,240569.315,24056.9315,240.569315,2.40569315
600637.SH,600637,东方明珠,20210604,8.95,9.03,8.8,8.82,8.97,-0.15,-1.6722,156885.8,139617.838,13961.7838,139.617838,1.39617838
600637.SH,600637,东方明珠,20210607,8.83,8.91,8.8,8.81,8.82,-0.01,-0.1134,86989.83,76767.456,7676.7456,76.767456,0.76767456
600637.SH,600637,东方明珠,20210608,8.88,9.03,8.8,9.0,8.81,0.19,2.1566,206576.77,185037.264,18503.7264,185.037264,1.85037264
600637.SH,600637,东方明珠,20210609,9.01,9.02,8.89,8.93,9.0,-0.07,-0.7778,164461.63,147095.239,14709.5239,147.095239,1.47095239
600637.SH,600637,东方明珠,20210610,8.9,9.0,8.88,8.89,8.93,-0.04,-0.4479,189911.85,169601.986,16960.1986,169.601986,1.69601986
600637.SH,600637,东方明珠,20210611,8.92,8.95,8.4,8.4,8.89,-0.49,-5.5118,611840.61,528295.302,52829.5302,528.295302,5.28295302
600637.SH,600637,东方明珠,20210615,8.47,8.51,8.35,8.38,8.4,-0.02,-0.2381,182206.09,153315.389,15331.5389,153.31538899999998,1.53315389
600637.SH,600637,东方明珠,20210616,8.38,8.46,8.33,8.38,8.38,0.0,0.0,114810.79,96285.178,9628.5178,96.285178,0.96285178
600637.SH,600637,东方明珠,20210617,8.37,8.44,8.36,8.4,8.38,0.02,0.2387,73009.76,61277.44,6127.744000000001,61.277440000000006,0.6127744
600637.SH,600637,东方明珠,20210618,8.4,8.43,8.38,8.38,8.4,-0.02,-0.2381,82345.73,69218.508,6921.8508,69.218508,0.69218508
600637.SH,600637,东方明珠,20210621,8.38,8.39,8.34,8.36,8.38,-0.02,-0.2387,57914.64,48441.514,4844.151400000001,48.441514000000005,0.4844151400000001
600637.SH,600637,东方明珠,20210622,8.4,8.49,8.38,8.46,8.36,0.1,1.1962,78819.11,66552.682,6655.2682,66.552682,0.6655268200000001
600637.SH,600637,东方明珠,20210623,8.45,8.48,8.42,8.47,8.46,0.01,0.1182,68660.78,58003.402,5800.340200000001,58.00340200000001,0.58003402
600637.SH,600637,东方明珠,20210624,8.48,8.52,8.45,8.5,8.47,0.03,0.3542,69256.42,58723.308,5872.3308,58.723308,0.58723308
600637.SH,600637,东方明珠,20210625,8.48,8.54,8.43,8.52,8.5,0.02,0.2353,89585.73,76091.483,7609.148299999999,76.09148299999998,0.7609148299999998
600637.SH,600637,东方明珠,20210628,8.31,8.31,8.21,8.24,8.25,-0.01,-0.1212,79907.3,66039.76,6603.976,66.03976,0.6603976
600637.SH,600637,东方明珠,20210629,8.23,8.25,8.19,8.2,8.24,-0.04,-0.4854,50961.89,41844.01,4184.401,41.84401,0.4184401
600637.SH,600637,东方明珠,20210630,8.2,8.24,8.14,8.19,8.2,-0.01,-0.122,61713.86,50542.941,5054.2941,50.542941,0.50542941
600637.SH,600637,东方明珠,20210701,8.21,8.29,8.17,8.23,8.19,0.04,0.4884,78818.53,64871.99,6487.199,64.87199,0.6487199
600637.SH,600637,东方明珠,20210702,8.23,8.24,8.17,8.2,8.23,-0.03,-0.3645,51209.87,41981.318,4198.1318,41.981318,0.41981318
600637.SH,600637,东方明珠,20210705,8.21,8.25,8.17,8.2,8.2,0.0,0.0,55239.07,45292.769,4529.2769,45.292769,0.45292769
600637.SH,600637,东方明珠,20210706,8.24,8.26,8.15,8.24,8.2,0.04,0.4878,73233.11,60134.83,6013.483,60.13483,0.6013483000000001
600637.SH,600637,东方明珠,20210707,8.21,8.29,8.19,8.26,8.24,0.02,0.2427,64795.76,53399.874,5339.9874,53.399874,0.5339987399999999
600637.SH,600637,东方明珠,20210708,8.27,8.28,8.15,8.16,8.26,-0.1,-1.2107,82176.14,67299.824,6729.982399999999,67.29982399999999,0.6729982399999999
600637.SH,600637,东方明珠,20210709,8.14,8.22,8.13,8.18,8.16,0.02,0.2451,48145.67,39365.608,3936.5608,39.365608,0.39365608
600637.SH,600637,东方明珠,20210712,8.22,8.25,8.16,8.18,8.18,0.0,0.0,66198.11,54219.208,5421.9208,54.219208,0.54219208
600637.SH,600637,东方明珠,20210713,8.17,8.24,8.13,8.22,8.18,0.04,0.489,127233.7,104111.676,10411.1676,104.111676,1.04111676
600637.SH,600637,东方明珠,20210714,8.21,8.23,8.13,8.13,8.22,-0.09,-1.0949,79151.0,64580.97,6458.097,64.58097,0.6458096999999999
600637.SH,600637,东方明珠,20210715,8.13,8.15,8.05,8.09,8.13,-0.04,-0.492,84676.77,68429.108,6842.9108,68.429108,0.6842910799999999
600637.SH,600637,东方明珠,20210716,8.14,8.2,8.1,8.15,8.09,0.06,0.7417,93313.5,76048.17,7604.817,76.04817,0.7604817
600637.SH,600637,东方明珠,20210719,8.12,8.13,8.01,8.05,8.15,-0.1,-1.227,96184.16,77318.88,7731.888000000001,77.31888000000001,0.7731888000000001
600637.SH,600637,东方明珠,20210720,8.04,8.06,7.99,8.03,8.05,-0.02,-0.2484,66449.05,53262.0,5326.2,53.262,0.53262
600637.SH,600637,东方明珠,20210721,8.03,8.06,7.99,8.01,8.03,-0.02,-0.2491,70854.0,56822.733,5682.2733,56.822733,0.56822733
600637.SH,600637,东方明珠,20210722,8.01,8.05,7.98,8.03,8.01,0.02,0.2497,79117.26,63385.537,6338.5537,63.38553699999999,0.6338553699999999
600637.SH,600637,东方明珠,20210723,8.03,8.03,7.98,8.01,8.03,-0.02,-0.2491,85252.48,68252.248,6825.224800000001,68.25224800000001,0.68252248
600637.SH,600637,东方明珠,20210726,8.01,8.08,7.8,7.84,8.01,-0.17,-2.1223,116594.95,92313.563,9231.3563,92.313563,0.92313563
600637.SH,600637,东方明珠,20210727,7.84,7.9,7.8,7.86,7.84,0.02,0.2551,94334.85,73991.697,7399.1697,73.991697,0.73991697
600637.SH,600637,东方明珠,20210728,7.84,8.04,7.83,7.91,7.86,0.05,0.6361,122574.69,97548.132,9754.8132,97.548132,0.97548132
600637.SH,600637,东方明珠,20210729,7.96,7.97,7.76,7.78,7.91,-0.13,-1.6435,97049.36,76083.225,7608.3225,76.083225,0.76083225
600637.SH,600637,东方明珠,20210730,7.78,7.83,7.66,7.82,7.78,0.04,0.5141,89585.12,69377.328,6937.7328,69.37732799999999,0.6937732799999999
600637.SH,600637,东方明珠,20210802,7.77,7.85,7.71,7.82,7.82,0.0,0.0,86360.3,67262.287,6726.2287,67.262287,0.67262287
600637.SH,600637,东方明珠,20210803,7.79,7.86,7.77,7.84,7.82,0.02,0.2558,87937.5,68729.595,6872.9595,68.729595,0.68729595
600637.SH,600637,东方明珠,20210804,7.85,7.87,7.78,7.8,7.84,-0.04,-0.5102,72095.5,56270.703,5627.0703,56.270703000000005,0.56270703
600637.SH,600637,东方明珠,20210805,7.8,7.82,7.68,7.7,7.8,-0.1,-1.2821,91758.34,71043.552,7104.3552,71.043552,0.7104355200000001
600637.SH,600637,东方明珠,20210806,7.7,7.72,7.58,7.64,7.7,-0.06,-0.7792,96781.21,73825.396,7382.539599999999,73.825396,0.73825396
600637.SH,600637,东方明珠,20210809,7.64,7.69,7.61,7.67,7.64,0.03,0.3927,70908.09,54322.754,5432.2754,54.322754,0.5432275400000001
600637.SH,600637,东方明珠,20210810,7.67,7.71,7.63,7.69,7.67,0.02,0.2608,72537.14,55606.307,5560.6307,55.606307,0.55606307
600637.SH,600637,东方明珠,20210811,7.73,7.79,7.71,7.77,7.69,0.08,1.0403,112925.28,87642.819,8764.2819,87.642819,0.87642819
600637.SH,600637,东方明珠,20210812,7.79,7.79,7.72,7.73,7.77,-0.04,-0.5148,65885.59,51010.035,5101.003500000001,51.01003500000001,0.5101003500000001
600637.SH,600637,东方明珠,20210813,7.72,7.73,7.68,7.71,7.73,-0.02,-0.2587,59917.47,46124.069,4612.4069,46.124069,0.46124069
600637.SH,600637,东方明珠,20210816,7.76,7.82,7.69,7.8,7.71,0.09,1.1673,84820.2,65939.131,6593.9131,65.939131,0.6593913100000001
600637.SH,600637,东方明珠,20210817,7.78,7.82,7.7,7.71,7.8,-0.09,-1.1538,63930.57,49596.854,4959.6854,49.596854,0.49596854
600637.SH,600637,东方明珠,20210818,7.72,7.76,7.7,7.75,7.71,0.04,0.5188,47820.47,36976.299,3697.6299,36.976299,0.3697629899999999
600637.SH,600637,东方明珠,20210819,7.73,7.81,7.73,7.76,7.75,0.01,0.129,54166.22,42040.561,4204.0561,42.040561,0.42040561
600637.SH,600637,东方明珠,20210820,7.74,7.76,7.66,7.7,7.76,-0.06,-0.7732,68742.97,52869.158,5286.915800000001,52.869158000000006,0.52869158
600637.SH,600637,东方明珠,20210823,7.7,7.73,7.66,7.71,7.7,0.01,0.1299,52963.04,40850.581,4085.0581,40.850581,0.4085058099999999
600637.SH,600637,东方明珠,20210824,7.71,7.74,7.67,7.73,7.71,0.02,0.2594,65177.32,50279.32,5027.932,50.27932,0.5027931999999999
600637.SH,600637,东方明珠,20210825,7.71,7.82,7.7,7.81,7.73,0.08,1.0349,85712.94,66592.832,6659.2832,66.592832,0.66592832
600637.SH,600637,东方明珠,20210826,7.83,7.99,7.76,7.92,7.81,0.11,1.4085,162935.36,128583.551,12858.3551,128.583551,1.28583551
600637.SH,600637,东方明珠,20210827,7.93,7.94,7.82,7.88,7.92,-0.04,-0.5051,73415.55,57873.418,5787.3418,57.873418,0.57873418
600637.SH,600637,东方明珠,20210830,7.9,7.96,7.83,7.84,7.88,-0.04,-0.5076,77189.22,60828.509,6082.8509,60.828509,0.60828509
600637.SH,600637,东方明珠,20210831,7.8,7.96,7.79,7.9,7.84,0.06,0.7653,98383.84,77400.872,7740.0872,77.40087199999999,0.7740087199999999
600637.SH,600637,东方明珠,20210901,7.95,8.06,7.92,8.0,7.9,0.1,1.2658,122748.73,98317.871,9831.7871,98.317871,0.98317871
600637.SH,600637,东方明珠,20210902,7.99,8.02,7.94,7.98,8.0,-0.02,-0.25,97430.99,77664.023,7766.4023,77.664023,0.77664023
600637.SH,600637,东方明珠,20210903,8.08,8.08,7.96,7.99,7.98,0.01,0.1253,115881.04,92758.729,9275.8729,92.758729,0.92758729
600637.SH,600637,东方明珠,20210906,7.99,8.04,7.97,8.01,7.99,0.02,0.2503,91542.18,73309.758,7330.9758,73.309758,0.73309758
600637.SH,600637,东方明珠,20210907,8.01,8.06,7.98,8.05,8.01,0.04,0.4994,124488.91,99822.018,9982.2018,99.822018,0.99822018
600637.SH,600637,东方明珠,20210908,8.05,8.26,8.04,8.26,8.05,0.21,2.6087,232384.22,190116.282,19011.6282,190.116282,1.90116282
600637.SH,600637,东方明珠,20210909,8.27,8.43,8.15,8.35,8.26,0.09,1.0896,273060.42,227054.327,22705.4327,227.054327,2.27054327
600637.SH,600637,东方明珠,20210910,8.35,8.4,8.28,8.3,8.35,-0.05,-0.5988,140444.19,117028.273,11702.8273,117.028273,1.17028273
600637.SH,600637,东方明珠,20210913,8.28,8.36,8.26,8.33,8.3,0.03,0.3614,98882.45,82169.063,8216.906299999999,82.169063,0.82169063
600637.SH,600637,东方明珠,20210914,8.34,8.37,8.16,8.16,8.33,-0.17,-2.0408,113681.94,93806.399,9380.6399,93.806399,0.93806399
600637.SH,600637,东方明珠,20210915,8.16,8.22,8.15,8.16,8.16,0.0,0.0,67423.19,55137.298,5513.7298,55.137298,0.55137298
600637.SH,600637,东方明珠,20210916,8.18,8.28,8.01,8.01,8.16,-0.15,-1.8382,154124.86,125528.054,12552.8054,125.528054,1.2552805400000002
600637.SH,600637,东方明珠,20210917,8.06,8.07,7.92,8.0,8.01,-0.01,-0.1248,129620.2,103290.906,10329.0906,103.290906,1.03290906
600637.SH,600637,东方明珠,20210922,7.93,8.06,7.91,8.02,8.0,0.02,0.25,115173.88,91857.17,9185.717,91.85717,0.9185717
600637.SH,600637,东方明珠,20210923,8.03,8.13,8.03,8.13,8.02,0.11,1.3716,111806.87,90584.464,9058.4464,90.584464,0.90584464
600637.SH,600637,东方明珠,20210924,8.14,8.16,8.03,8.07,8.13,-0.06,-0.738,94181.61,76165.439,7616.5439,76.16543899999999,0.7616543899999999
600637.SH,600637,东方明珠,20210927,8.06,8.07,7.87,7.91,8.07,-0.16,-1.9827,122234.4,97230.102,9723.0102,97.230102,0.97230102
600637.SH,600637,东方明珠,20210928,7.92,7.95,7.86,7.9,7.91,-0.01,-0.1264,60467.3,47714.334,4771.4334,47.714334,0.47714334
600637.SH,600637,东方明珠,20210929,7.86,7.9,7.79,7.86,7.9,-0.04,-0.5063,95566.68,74814.046,7481.4046,74.814046,0.74814046
600637.SH,600637,东方明珠,20210930,7.85,7.91,7.82,7.85,7.86,-0.01,-0.1272,67719.71,53164.705,5316.4705,53.164705000000005,0.53164705
600637.SH,600637,东方明珠,20211008,7.9,7.93,7.89,7.92,7.85,0.07,0.8917,76865.18,60796.99,6079.699,60.79699,0.6079699
600637.SH,600637,东方明珠,20211011,7.97,8.05,7.97,8.01,7.92,0.09,1.1364,91933.49,73616.492,7361.6492,73.616492,0.7361649199999999
600637.SH,600637,东方明珠,20211012,8.02,8.02,7.94,7.98,8.01,-0.03,-0.3745,64421.59,51328.117,5132.8117,51.328117,0.51328117
600637.SH,600637,东方明珠,20211013,7.99,8.04,7.96,8.0,7.98,0.02,0.2506,52033.72,41628.486,4162.848599999999,41.628486,0.41628486
600637.SH,600637,东方明珠,20211014,8.0,8.05,7.97,7.99,8.0,-0.01,-0.125,55056.89,44072.699,4407.2699,44.072699,0.44072699
600637.SH,600637,东方明珠,20211015,8.01,8.04,7.92,7.99,7.99,0.0,0.0,59348.53,47276.835,4727.6835,47.276835,0.47276835
600637.SH,600637,东方明珠,20211018,7.98,8.03,7.89,7.92,7.99,-0.07,-0.8761,78006.12,61863.693,6186.3693,61.863693000000005,0.6186369300000001
600637.SH,600637,东方明珠,20211019,7.91,7.93,7.87,7.88,7.92,-0.04,-0.5051,55470.16,43775.881,4377.5881,43.775881,0.43775881
600637.SH,600637,东方明珠,20211020,7.92,7.92,7.84,7.84,7.88,-0.04,-0.5076,52316.66,41147.192,4114.7192000000005,41.147192,0.41147192
600637.SH,600637,东方明珠,20211021,7.86,7.89,7.77,7.79,7.84,-0.05,-0.6378,83402.13,65141.922,6514.1922,65.141922,0.65141922
600637.SH,600637,东方明珠,20211022,7.8,7.82,7.73,7.75,7.79,-0.04,-0.5135,54481.86,42295.467,4229.5467,42.295467,0.42295467
600637.SH,600637,东方明珠,20211025,7.74,7.76,7.67,7.7,7.75,-0.05,-0.6452,69185.24,53304.143,5330.4143,53.304143,0.5330414299999999
600637.SH,600637,东方明珠,20211026,7.71,7.75,7.67,7.7,7.7,0.0,0.0,59669.65,45964.442,4596.4442,45.964442,0.45964442
600637.SH,600637,东方明珠,20211027,7.69,7.71,7.61,7.65,7.7,-0.05,-0.6494,67070.66,51292.737,5129.2737,51.292737,0.51292737
600637.SH,600637,东方明珠,20211028,7.66,7.73,7.6,7.71,7.65,0.06,0.7843,71684.09,54889.063,5488.906300000001,54.88906300000001,0.54889063
600637.SH,600637,东方明珠,20211029,7.69,7.78,7.68,7.73,7.71,0.02,0.2594,82855.39,64096.677,6409.6677,64.096677,0.64096677
600637.SH,600637,东方明珠,20211101,7.68,7.72,7.63,7.68,7.73,-0.05,-0.6468,68157.8,52308.293,5230.829299999999,52.30829299999999,0.52308293
600637.SH,600637,东方明珠,20211102,7.65,7.7,7.49,7.53,7.68,-0.15,-1.9531,128832.99,97831.091,9783.1091,97.831091,0.97831091
600637.SH,600637,东方明珠,20211103,7.53,7.58,7.52,7.54,7.53,0.01,0.1328,52873.48,39885.67,3988.567,39.88567,0.3988566999999999
600637.SH,600637,东方明珠,20211104,7.57,7.58,7.49,7.54,7.54,0.0,0.0,73830.81,55515.913,5551.5913,55.515913,0.55515913
600637.SH,600637,东方明珠,20211105,7.53,7.68,7.52,7.66,7.54,0.12,1.5915,127339.86,97034.854,9703.4854,97.034854,0.97034854
600637.SH,600637,东方明珠,20211108,7.77,7.8,7.62,7.64,7.66,-0.02,-0.2611,94918.35,72927.267,7292.726700000001,72.92726700000001,0.7292726700000002
600637.SH,600637,东方明珠,20211109,7.62,7.69,7.55,7.56,7.64,-0.08,-1.0471,102504.12,77835.506,7783.5506,77.835506,0.77835506
600637.SH,600637,东方明珠,20211110,7.57,7.64,7.53,7.6,7.56,0.04,0.5291,76152.96,57686.188,5768.6188,57.686188,0.57686188
600637.SH,600637,东方明珠,20211111,7.59,7.82,7.56,7.76,7.6,0.16,2.1053,241449.93,186854.923,18685.4923,186.854923,1.86854923
600637.SH,600637,东方明珠,20211112,7.71,7.74,7.61,7.64,7.76,-0.12,-1.5464,170483.7,130692.823,13069.2823,130.692823,1.30692823
600637.SH,600637,东方明珠,20211115,7.65,7.84,7.64,7.82,7.64,0.18,2.356,202053.97,156708.411,15670.8411,156.70841099999998,1.56708411
600637.SH,600637,东方明珠,20211116,7.79,7.97,7.77,7.86,7.82,0.04,0.5115,250371.37,197546.441,19754.6441,197.546441,1.97546441
600637.SH,600637,东方明珠,20211117,7.86,7.88,7.79,7.83,7.86,-0.03,-0.3817,124370.76,97448.451,9744.8451,97.448451,0.97448451
600637.SH,600637,东方明珠,20211118,7.84,7.85,7.72,7.73,7.83,-0.1,-1.2771,113937.25,88338.123,8833.812300000001,88.33812300000001,0.8833812300000001
600637.SH,600637,东方明珠,20211119,7.74,7.79,7.68,7.78,7.73,0.05,0.6468,95662.87,74076.249,7407.6249,74.076249,0.74076249
600637.SH,600637,东方明珠,20211122,7.78,7.78,7.67,7.67,7.78,-0.11,-1.4139,133640.7,102897.615,10289.7615,102.897615,1.02897615
600637.SH,600637,东方明珠,20211123,7.66,7.7,7.64,7.68,7.67,0.01,0.1304,95651.57,73326.202,7332.6202,73.32620200000001,0.7332620200000001
600637.SH,600637,东方明珠,20211124,7.7,8.12,7.67,7.85,7.68,0.17,2.2135,273145.08,215387.359,21538.7359,215.387359,2.15387359
600637.SH,600637,东方明珠,20211125,7.78,7.95,7.76,7.91,7.85,0.06,0.7643,201212.19,158499.217,15849.9217,158.49921700000002,1.5849921700000005
600637.SH,600637,东方明珠,20211126,7.91,7.92,7.82,7.88,7.91,-0.03,-0.3793,101597.06,80048.28,8004.827999999999,80.04827999999999,0.8004827999999999
600637.SH,600637,东方明珠,20211129,7.8,7.86,7.73,7.75,7.88,-0.13,-1.6497,125495.92,97769.901,9776.9901,97.769901,0.97769901
600637.SH,600637,东方明珠,20211130,7.77,7.86,7.77,7.85,7.75,0.1,1.2903,106752.37,83492.232,8349.2232,83.492232,0.83492232
600637.SH,600637,东方明珠,20211201,7.85,7.93,7.8,7.93,7.85,0.08,1.0191,117207.96,92354.183,9235.4183,92.354183,0.92354183
600637.SH,600637,东方明珠,20211202,7.91,7.95,7.86,7.88,7.93,-0.05,-0.6305,89788.14,70919.535,7091.9535000000005,70.91953500000001,0.7091953500000001
600637.SH,600637,东方明珠,20211203,7.85,7.92,7.85,7.87,7.88,-0.01,-0.1269,102676.04,80889.149,8088.914900000001,80.889149,0.80889149
600637.SH,600637,东方明珠,20211206,7.89,7.89,7.77,7.77,7.87,-0.1,-1.2706,110089.01,86103.196,8610.319599999999,86.10319599999998,0.8610319599999998
600637.SH,600637,东方明珠,20211207,7.79,7.83,7.75,7.78,7.77,0.01,0.1287,77686.03,60428.305,6042.8305,60.428305,0.60428305
600637.SH,600637,东方明珠,20211208,7.81,7.83,7.77,7.82,7.78,0.04,0.5141,68882.98,53706.354,5370.6354,53.706354000000005,0.53706354
600637.SH,600637,东方明珠,20211209,7.82,7.88,7.78,7.85,7.82,0.03,0.3836,111480.57,87472.379,8747.2379,87.472379,0.87472379
600637.SH,600637,东方明珠,20211210,7.85,7.94,7.81,7.93,7.85,0.08,1.0191,159733.31,126144.888,12614.4888,126.144888,1.26144888
600637.SH,600637,东方明珠,20211213,7.93,8.05,7.9,7.99,7.93,0.06,0.7566,198979.12,158957.335,15895.733499999998,158.95733499999997,1.5895733499999998
600637.SH,600637,东方明珠,20211214,7.99,8.19,7.99,8.14,7.99,0.15,1.8773,282696.02,229243.632,22924.3632,229.243632,2.29243632
600637.SH,600637,东方明珠,20211215,8.15,8.15,8.07,8.11,8.14,-0.03,-0.3686,170338.64,138108.636,13810.8636,138.10863600000002,1.3810863600000003
600637.SH,600637,东方明珠,20211216,8.12,8.23,8.07,8.21,8.11,0.1,1.233,192174.59,156793.932,15679.3932,156.793932,1.56793932
600637.SH,600637,东方明珠,20211217,8.48,8.57,8.24,8.26,8.21,0.05,0.609,466429.62,391401.214,39140.1214,391.401214,3.91401214
600637.SH,600637,东方明珠,20211220,8.26,8.33,8.12,8.13,8.26,-0.13,-1.5738,235994.04,193248.978,19324.8978,193.248978,1.93248978
600637.SH,600637,东方明珠,20211221,8.13,8.28,8.12,8.23,8.13,0.1,1.23,164809.38,135683.508,13568.3508,135.683508,1.35683508
600637.SH,600637,东方明珠,20211222,8.36,8.47,8.3,8.4,8.23,0.17,2.0656,345056.33,290142.334,29014.2334,290.14233399999995,2.90142334
600637.SH,600637,东方明珠,20211223,8.4,8.42,8.26,8.26,8.4,-0.14,-1.6667,169366.55,140917.744,14091.7744,140.917744,1.40917744
600637.SH,600637,东方明珠,20211224,8.3,8.35,8.16,8.29,8.26,0.03,0.3632,140730.27,116296.717,11629.6717,116.296717,1.16296717
600637.SH,600637,东方明珠,20211227,8.29,8.72,8.18,8.62,8.29,0.33,3.9807,538777.6,458500.575,45850.0575,458.500575,4.5850057500000005
600637.SH,600637,东方明珠,20211228,8.6,8.6,8.4,8.45,8.62,-0.17,-1.9722,200359.68,169755.12,16975.512,169.75511999999998,1.6975511999999997
600637.SH,600637,东方明珠,20211229,8.42,8.45,8.35,8.35,8.45,-0.1,-1.1834,134413.66,112637.678,11263.7678,112.637678,1.12637678
600637.SH,600637,东方明珠,20211230,8.38,8.7,8.35,8.67,8.35,0.32,3.8323,409909.03,352030.649,35203.0649,352.030649,3.52030649
600637.SH,600637,东方明珠,20211231,8.65,9.54,8.57,9.45,8.67,0.78,8.9965,1286896.3,1186426.97,118642.697,1186.42697,11.8642697
600637.SH,600637,东方明珠,20220104,9.4,10.09,9.15,9.92,9.45,0.47,4.9735,1285006.76,1245808.509,124580.8509,1245.808509,12.45808509
600637.SH,600637,东方明珠,20220105,9.82,10.05,9.64,9.79,9.92,-0.13,-1.3105,586968.06,575979.053,57597.9053,575.979053,5.75979053
600637.SH,600637,东方明珠,20220106,9.78,10.04,9.61,9.76,9.79,-0.03,-0.3064,522040.11,512498.637,51249.8637,512.498637,5.12498637
600637.SH,600637,东方明珠,20220107,9.82,10.38,9.75,9.83,9.76,0.07,0.7172,880943.75,886019.37,88601.937,886.0193700000001,8.860193700000002
600637.SH,600637,东方明珠,20220110,9.81,10.18,9.69,9.96,9.83,0.13,1.3225,618161.68,616024.095,61602.4095,616.024095,6.16024095
600637.SH,600637,东方明珠,20220111,9.92,10.0,9.43,9.52,9.96,-0.44,-4.4177,625457.56,605367.012,60536.7012,605.3670119999999,6.05367012
600637.SH,600637,东方明珠,20220112,9.46,9.62,9.36,9.44,9.52,-0.08,-0.8403,415985.37,394252.2,39425.22,394.2522,3.942522
600637.SH,600637,东方明珠,20220113,9.5,9.65,9.37,9.49,9.44,0.05,0.5297,299339.36,284617.936,28461.7936,284.617936,2.84617936
600637.SH,600637,东方明珠,20220114,9.41,9.51,9.23,9.26,9.49,-0.23,-2.4236,341645.09,319902.371,31990.2371,319.902371,3.19902371
600637.SH,600637,东方明珠,20220117,9.27,9.63,9.24,9.56,9.26,0.3,3.2397,404897.15,383518.517,38351.8517,383.518517,3.83518517
600637.SH,600637,东方明珠,20220118,9.64,10.52,9.64,10.05,9.56,0.49,5.1255,1429227.37,1468683.591,146868.3591,1468.683591,14.68683591
600637.SH,600637,东方明珠,20220119,10.05,10.2,9.58,9.68,10.05,-0.37,-3.6816,915683.78,901094.071,90109.4071,901.094071,9.01094071
600637.SH,600637,东方明珠,20220120,9.68,9.88,9.4,9.45,9.68,-0.23,-2.376,623987.83,602022.706,60202.2706,602.0227060000001,6.020227060000001
600637.SH,600637,东方明珠,20220121,9.38,9.58,9.15,9.18,9.45,-0.27,-2.8571,452809.96,421697.803,42169.7803,421.697803,4.21697803
600637.SH,600637,东方明珠,20220124,9.14,9.25,8.93,9.04,9.18,-0.14,-1.5251,357653.42,323381.328,32338.1328,323.381328,3.23381328
600637.SH,600637,东方明珠,20220125,9.0,9.09,8.46,8.48,9.04,-0.56,-6.1947,427723.27,372740.511,37274.0511,372.740511,3.72740511
600637.SH,600637,东方明珠,20220126,8.5,8.57,8.34,8.47,8.48,-0.01,-0.1179,279761.71,237174.314,23717.4314,237.174314,2.37174314
600637.SH,600637,东方明珠,20220127,8.45,8.49,8.26,8.26,8.47,-0.21,-2.4793,205590.34,171812.794,17181.2794,171.812794,1.71812794
600637.SH,600637,东方明珠,20220128,8.32,8.44,8.31,8.34,8.26,0.08,0.9685,195296.9,163487.757,16348.775700000002,163.48775700000002,1.6348775700000002
600637.SH,600637,东方明珠,20220207,8.44,8.48,8.28,8.36,8.34,0.02,0.2398,270279.93,225499.742,22549.9742,225.499742,2.25499742
600637.SH,600637,东方明珠,20220208,8.35,8.5,8.26,8.46,8.36,0.1,1.1962,258697.85,217768.133,21776.8133,217.768133,2.17768133
600637.SH,600637,东方明珠,20220209,8.46,8.98,8.42,8.93,8.46,0.47,5.5556,474469.53,415041.293,41504.1293,415.041293,4.15041293
600637.SH,600637,东方明珠,20220210,8.84,8.95,8.76,8.87,8.93,-0.06,-0.6719,242486.21,214611.392,21461.1392,214.611392,2.1461139199999995
600637.SH,600637,东方明珠,20220211,8.81,8.87,8.55,8.57,8.87,-0.3,-3.3822,278833.65,242160.789,24216.0789,242.160789,2.42160789
600637.SH,600637,东方明珠,20220214,8.55,8.81,8.53,8.65,8.57,0.08,0.9335,249008.09,215785.08,21578.508,215.78508,2.1578508
600637.SH,600637,东方明珠,20220215,8.62,8.74,8.55,8.6,8.65,-0.05,-0.578,181103.95,156393.917,15639.391699999998,156.393917,1.5639391699999998
600637.SH,600637,东方明珠,20220216,8.65,8.72,8.61,8.67,8.6,0.07,0.814,145755.78,126282.715,12628.2715,126.282715,1.26282715
600637.SH,600637,东方明珠,20220217,8.65,8.65,8.4,8.43,8.67,-0.24,-2.7682,238620.28,202462.93,20246.293,202.46293,2.0246292999999995
600637.SH,600637,东方明珠,20220218,8.4,8.55,8.39,8.5,8.43,0.07,0.8304,211735.02,179754.202,17975.4202,179.754202,1.79754202
600637.SH,600637,东方明珠,20220221,8.49,8.8,8.47,8.64,8.5,0.14,1.6471,252594.27,218758.799,21875.8799,218.758799,2.18758799
600637.SH,600637,东方明珠,20220222,8.55,8.56,8.29,8.3,8.64,-0.34,-3.9352,374546.49,313823.674,31382.3674,313.823674,3.13823674
600637.SH,600637,东方明珠,20220223,8.35,8.84,8.35,8.64,8.3,0.34,4.0964,474261.6,410785.947,41078.5947,410.785947,4.10785947
600637.SH,600637,东方明珠,20220224,8.59,8.6,8.22,8.32,8.64,-0.32,-3.7037,460435.48,386047.97,38604.797,386.04797,3.8604797
600637.SH,600637,东方明珠,20220225,8.4,8.46,8.31,8.33,8.32,0.01,0.1202,193187.11,161903.926,16190.3926,161.903926,1.61903926
600637.SH,600637,东方明珠,20220228,8.36,8.36,8.15,8.26,8.33,-0.07,-0.8403,156339.84,128588.602,12858.8602,128.58860199999998,1.2858860199999995
600637.SH,600637,东方明珠,20220301,8.28,8.45,8.25,8.43,8.26,0.17,2.0581,241014.52,202126.081,20212.6081,202.126081,2.02126081
600637.SH,600637,东方明珠,20220302,8.35,8.54,8.33,8.52,8.43,0.09,1.0676,177336.38,150458.417,15045.8417,150.458417,1.50458417
600637.SH,600637,东方明珠,20220303,8.53,8.55,8.43,8.49,8.52,-0.03,-0.3521,114017.09,96877.266,9687.7266,96.877266,0.96877266
600637.SH,600637,东方明珠,20220304,8.48,8.48,8.28,8.37,8.49,-0.12,-1.4134,201020.89,167786.435,16778.6435,167.78643499999998,1.67786435
600637.SH,600637,东方明珠,20220307,8.32,8.38,8.24,8.28,8.37,-0.09,-1.0753,174417.21,144835.963,14483.5963,144.835963,1.44835963
600637.SH,600637,东方明珠,20220308,8.28,8.3,7.95,7.97,8.28,-0.31,-3.744,263314.95,213366.255,21336.6255,213.366255,2.1336625500000004
600637.SH,600637,东方明珠,20220309,7.99,8.06,7.57,7.81,7.97,-0.16,-2.0075,294397.82,230247.342,23024.7342,230.247342,2.30247342
600637.SH,600637,东方明珠,20220310,7.9,8.01,7.81,7.82,7.81,0.01,0.128,187548.16,148335.147,14833.5147,148.335147,1.48335147
600637.SH,600637,东方明珠,20220311,7.75,7.94,7.63,7.92,7.82,0.1,1.2788,197227.77,153048.49,15304.848999999998,153.04849,1.5304848999999998
600637.SH,600637,东方明珠,20220314,7.88,7.96,7.78,7.79,7.92,-0.13,-1.6414,115501.59,90814.77,9081.477,90.81477,0.9081477
600637.SH,600637,东方明珠,20220315,7.76,7.79,7.36,7.4,7.79,-0.39,-5.0064,272343.47,206816.076,20681.6076,206.816076,2.06816076
600637.SH,600637,东方明珠,20220316,7.46,7.67,7.28,7.62,7.4,0.22,2.973,203150.61,152178.116,15217.8116,152.17811600000002,1.5217811600000002
600637.SH,600637,东方明珠,20220317,7.69,7.82,7.67,7.71,7.62,0.09,1.1811,192589.07,148799.768,14879.9768,148.799768,1.48799768
600637.SH,600637,东方明珠,20220318,7.72,7.88,7.69,7.87,7.71,0.16,2.0752,173718.49,135787.624,13578.7624,135.78762400000002,1.3578762400000002
600637.SH,600637,东方明珠,20220321,7.84,7.89,7.67,7.74,7.87,-0.13,-1.6518,171679.27,133305.774,13330.5774,133.305774,1.33305774
600637.SH,600637,东方明珠,20220322,7.69,7.87,7.66,7.82,7.74,0.08,1.0336,152808.02,118661.592,11866.1592,118.661592,1.18661592
600637.SH,600637,东方明珠,20220323,7.83,7.87,7.74,7.76,7.82,-0.06,-0.7673,135346.23,105533.015,10553.3015,105.533015,1.05533015
600637.SH,600637,东方明珠,20220324,7.72,7.76,7.65,7.66,7.76,-0.1,-1.2887,113111.22,86906.25,8690.625,86.90625,0.8690625
600637.SH,600637,东方明珠,20220325,7.66,7.81,7.64,7.68,7.66,0.02,0.2611,122378.61,94482.569,9448.2569,94.482569,0.94482569
600637.SH,600637,东方明珠,20220325,7.66,7.81,7.64,7.68,7.66,0.02,0.2611,122378.61,94482.569,9448.2569,94.482569,0.94482569
600637.SH,600637,东方明珠,20220329,7.76,7.78,7.63,7.65,7.74,-0.09,-1.1628,152343.1,116980.678,11698.0678,116.980678,1.16980678
600637.SH,600637,东方明珠,20220329,7.76,7.78,7.63,7.65,7.74,-0.09,-1.1628,152343.1,116980.678,11698.0678,116.980678,1.16980678
