ts_code,code,name,trade_date,open,high,low,close,pre_close,change,pct_chg,vol,1K_amount,10K_amount,1M_amount,100M_amount
600750.SH,600750,江中药业,19960923,10.78,11.28,9.6,10.01,6.8,3.21,47.21,120130.0,122210.0,12221.0,122.21,1.2221
600750.SH,600750,江中药业,19960924,10.0,11.38,9.82,10.88,10.01,0.87,8.69,91725.0,98287.97,9828.797,98.28797,0.9828797
600750.SH,600750,江中药业,19960925,10.8,10.99,10.1,10.15,10.88,-0.73,-6.71,40518.0,42419.431,4241.9431,42.419431,0.4241943099999999
600750.SH,600750,江中药业,19960926,10.18,10.68,10.18,10.35,10.15,0.2,1.97,20976.0,21793.317,2179.3317,21.793317,0.2179331699999999
600750.SH,600750,江中药业,19960927,10.39,10.46,9.91,10.28,10.35,-0.07,-0.68,21244.4,21514.138,2151.4138,21.514138,0.21514138
600750.SH,600750,江中药业,19961003,10.37,10.39,9.88,10.17,10.28,-0.11,-1.07,17426.0,17577.884,1757.7884,17.577883999999997,0.1757788399999999
600750.SH,600750,江中药业,19961004,10.15,10.17,9.9,9.98,10.17,-0.19,-1.87,9764.0,9759.652,975.9652,9.759652,0.0975965199999999
600750.SH,600750,江中药业,19961007,9.98,9.98,9.61,9.65,9.98,-0.33,-3.31,11623.0,11283.117,1128.3117,11.283117,0.11283117
600750.SH,600750,江中药业,19961008,9.65,9.85,9.65,9.71,9.65,0.06,0.62,9447.0,9205.324,920.5324,9.205324,0.09205324
600750.SH,600750,江中药业,19961009,9.72,10.18,9.72,10.0,9.71,0.29,2.99,13344.0,13363.14,1336.314,13.363139999999998,0.1336313999999999
600750.SH,600750,江中药业,19961010,10.08,10.18,10.0,10.1,10.0,0.1,1.0,12536.0,12679.57,1267.957,12.679569999999998,0.1267956999999999
600750.SH,600750,江中药业,19961011,10.06,10.17,9.88,9.96,10.1,-0.14,-1.39,16600.0,16623.797,1662.3797,16.623797,0.1662379699999999
600750.SH,600750,江中药业,19961014,10.05,10.38,9.7,10.15,9.96,0.19,1.91,17822.0,18047.108,1804.7108,18.047108,0.18047108
600750.SH,600750,江中药业,19961015,10.15,10.82,10.15,10.63,10.15,0.48,4.73,24927.0,26444.5,2644.45,26.4445,0.264445
600750.SH,600750,江中药业,19961016,10.75,11.35,10.75,11.24,10.63,0.61,5.74,33874.0,37241.587,3724.1587,37.241587,0.37241587
600750.SH,600750,江中药业,19961017,11.2,11.66,11.15,11.5,11.24,0.26,2.31,40492.0,46370.642,4637.0642,46.370642,0.4637064199999999
600750.SH,600750,江中药业,19961018,11.6,11.78,10.78,10.85,11.5,-0.65,-5.65,24428.0,27324.373,2732.4373,27.324373,0.27324373
600750.SH,600750,江中药业,19961021,10.85,11.55,10.8,11.25,10.85,0.4,3.69,18429.0,20870.803,2087.0803,20.870803,0.20870803
600750.SH,600750,江中药业,19961022,10.93,11.55,10.6,11.43,11.25,0.18,1.6,16162.0,18260.005,1826.0005,18.260005,0.1826000499999999
600750.SH,600750,江中药业,19961023,11.45,13.8,11.41,13.16,11.43,1.73,15.14,30083.0,37349.055,3734.9055,37.349055,0.37349055
600750.SH,600750,江中药业,19961024,13.2,15.2,13.18,15.2,13.16,2.04,15.5,48862.0,68321.19,6832.119000000001,68.32119,0.6832119
600750.SH,600750,江中药业,19961025,14.79,15.6,14.21,15.24,15.2,0.04,0.26,30481.0,45740.973,4574.097299999999,45.740973,0.4574097299999999
600750.SH,600750,江中药业,19961028,14.8,14.9,14.35,14.48,15.24,-0.76,-4.99,13236.0,19463.943,1946.3943,19.463943,0.19463943
600750.SH,600750,江中药业,19961029,14.48,15.0,13.8,13.95,14.48,-0.53,-3.66,15588.0,22522.441,2252.2441,22.522441,0.22522441
600750.SH,600750,江中药业,19961030,13.9,14.47,13.56,13.7,13.95,-0.25,-1.79,14395.0,19972.691,1997.2691,19.972691,0.19972691
600750.SH,600750,江中药业,19961031,13.96,14.4,13.61,13.91,13.7,0.21,1.53,10016.0,13972.968,1397.2968,13.972968000000002,0.13972968
600750.SH,600750,江中药业,19961101,13.75,14.48,13.57,14.07,13.91,0.16,1.15,11233.0,15714.395,1571.4395,15.714395,0.15714395
600750.SH,600750,江中药业,19961104,14.5,14.78,14.25,14.49,14.07,0.42,2.99,12701.0,18395.064,1839.5064,18.395064,0.1839506399999999
600750.SH,600750,江中药业,19961105,14.51,14.68,13.8,14.08,14.49,-0.41,-2.83,7973.0,11240.765,1124.0765,11.240765,0.11240765
600750.SH,600750,江中药业,19961106,13.9,14.49,13.72,14.46,14.08,0.38,2.7,10168.0,14372.886,1437.2886,14.372886,0.14372886
600750.SH,600750,江中药业,19961107,14.49,14.88,14.23,14.78,14.46,0.32,2.21,13607.0,19723.868,1972.3868,19.723868,0.1972386799999999
600750.SH,600750,江中药业,19961108,14.61,14.65,14.01,14.3,14.78,-0.48,-3.25,4224.0,6039.808,603.9808,6.039808000000001,0.06039808
600750.SH,600750,江中药业,19961111,14.3,16.03,14.03,16.01,14.3,1.71,11.96,26696.0,40503.244,4050.3244,40.503244,0.40503244
600750.SH,600750,江中药业,19961112,16.0,16.26,15.2,15.84,16.01,-0.17,-1.06,11224.0,17799.639,1779.9639,17.799639,0.17799639
600750.SH,600750,江中药业,19961113,15.42,15.86,15.1,15.18,15.84,-0.66,-4.17,7238.0,11124.317,1112.4317,11.124316999999998,0.1112431699999999
600750.SH,600750,江中药业,19961114,15.2,15.47,14.81,15.25,15.18,0.07,0.46,6666.0,10111.008,1011.1008,10.111008,0.10111008
600750.SH,600750,江中药业,19961115,14.6,15.15,14.6,15.03,15.25,-0.22,-1.44,3499.0,5213.382,521.3381999999999,5.213381999999999,0.0521338199999999
600750.SH,600750,江中药业,19961118,14.9,15.69,14.85,15.69,15.03,0.66,4.39,7752.0,11884.527,1188.4527,11.884527,0.11884527
600750.SH,600750,江中药业,19961119,15.75,16.6,15.5,16.58,15.69,0.89,5.67,16256.0,25981.618,2598.1618,25.981618,0.2598161799999999
600750.SH,600750,江中药业,19961120,16.53,17.78,15.81,17.73,16.58,1.15,6.94,20139.0,34889.223,3488.9223,34.889222999999994,0.3488922299999999
600750.SH,600750,江中药业,19961121,17.58,17.62,16.46,16.68,17.73,-1.05,-5.92,7158.0,12146.951,1214.6951,12.146951,0.12146951
600750.SH,600750,江中药业,19961122,16.0,17.4,15.0,17.4,16.68,0.72,4.32,10272.0,17177.808,1717.7808,17.177808,0.17177808
600750.SH,600750,江中药业,19961125,17.48,18.25,16.6,18.25,17.4,0.85,4.89,11835.0,21180.994,2118.0994,21.180994,0.21180994
600750.SH,600750,江中药业,19961126,18.28,18.58,18.03,18.3,18.25,0.05,0.27,10211.0,18774.385,1877.4385,18.774385,0.18774385
600750.SH,600750,江中药业,19961127,18.38,19.9,17.48,19.9,18.3,1.6,8.74,31707.0,60823.537,6082.3537,60.823537,0.6082353699999999
600750.SH,600750,江中药业,19961128,20.08,20.49,18.81,19.04,19.9,-0.86,-4.32,17379.0,33752.493,3375.2493000000004,33.752493,0.33752493
600750.SH,600750,江中药业,19961129,19.08,19.08,18.2,18.73,19.04,-0.31,-1.63,5622.0,10476.165,1047.6165,10.476165000000002,0.10476165
600750.SH,600750,江中药业,19961202,19.0,19.4,18.04,18.8,18.73,0.07,0.37,6873.0,12984.463,1298.4463,12.984463,0.12984463
600750.SH,600750,江中药业,19961203,19.18,20.03,18.75,19.2,18.8,0.4,2.13,13431.0,26197.724,2619.7724,26.197724,0.26197724
600750.SH,600750,江中药业,19961204,19.48,19.5,17.0,18.97,19.2,-0.23,-1.2,3027.0,5727.642,572.7642,5.727642,0.0572764199999999
600750.SH,600750,江中药业,19961205,19.01,19.13,18.68,18.92,18.97,-0.05,-0.26,4204.0,7938.119,793.8118999999999,7.938118999999999,0.0793811899999999
600750.SH,600750,江中药业,19961206,18.93,19.97,18.9,19.97,18.92,1.05,5.55,19595.0,38141.425,3814.1425,38.141425000000005,0.38141425
600750.SH,600750,江中药业,19961209,19.95,21.34,19.95,21.34,19.97,1.37,6.86,18029.0,37505.933,3750.5933,37.505933,0.3750593299999999
600750.SH,600750,江中药业,19961210,21.36,21.98,20.6,21.98,21.34,0.64,3.0,12312.0,26145.649,2614.5649000000003,26.145649,0.26145649
600750.SH,600750,江中药业,19961211,21.9,22.8,21.66,22.27,21.98,0.29,1.32,3993.0,8832.453,883.2452999999999,8.832453,0.08832453
600750.SH,600750,江中药业,19961212,22.27,22.28,20.6,21.2,22.27,-1.07,-4.8,5785.0,12386.086,1238.6086,12.386086,0.12386086
600750.SH,600750,江中药业,19961213,20.95,21.2,19.98,19.98,21.2,-1.22,-5.75,4915.0,10222.943,1022.2943,10.222943,0.10222943
600750.SH,600750,江中药业,19961216,17.99,17.99,17.99,17.99,19.98,-1.99,-9.96,91.0,163.709,16.3709,0.163709,0.00163709
600750.SH,600750,江中药业,19961217,16.19,16.47,16.19,16.38,17.99,-1.61,-8.95,8539.0,13856.862,1385.6862,13.856862,0.13856862
600750.SH,600750,江中药业,19961218,17.1,18.01,16.18,18.01,16.38,1.63,9.95,9475.0,16710.758,1671.0758,16.710758000000002,0.16710758
600750.SH,600750,江中药业,19961219,17.31,17.88,17.0,17.3,18.01,-0.71,-3.94,7389.0,13033.628,1303.3628,13.033628,0.13033628
600750.SH,600750,江中药业,19961220,16.95,17.59,16.08,17.16,17.3,-0.14,-0.81,3365.0,5632.171,563.2171000000001,5.6321710000000005,0.05632171
600750.SH,600750,江中药业,19961223,17.2,18.1,17.2,18.1,17.16,0.94,5.48,7740.0,13925.839,1392.5839,13.925839000000002,0.13925839
600750.SH,600750,江中药业,19961224,18.2,18.6,18.19,18.2,18.1,0.1,0.55,8085.0,14935.93,1493.593,14.93593,0.1493593
600750.SH,600750,江中药业,19961225,18.26,19.08,18.05,19.08,18.2,0.88,4.84,7694.0,14176.437,1417.6437,14.176437,0.14176437
600750.SH,600750,江中药业,19961226,19.18,19.38,19.15,19.26,19.08,0.18,0.94,2481.0,4770.544,477.0544,4.770544,0.04770544
600750.SH,600750,江中药业,19961227,19.57,19.57,19.18,19.3,19.26,0.04,0.21,1379.0,2654.535,265.4535,2.654535,0.0265453499999999
600750.SH,600750,江中药业,19961230,19.65,19.65,19.18,19.3,19.3,0.0,0.0,2379.0,4591.638,459.1638,4.591638,0.04591638
600750.SH,600750,江中药业,19961231,19.08,19.31,18.8,19.31,19.3,0.01,0.05,3226.0,6156.069,615.6069,6.156069,0.0615606899999999
600750.SH,600750,江中药业,19970102,19.32,19.5,19.3,19.32,19.31,0.01,0.05,1757.0,3401.85,340.185,3.40185,0.0340185
600750.SH,600750,江中药业,19970103,19.3,19.33,19.03,19.1,19.32,-0.22,-1.14,1951.0,3757.281,375.7281,3.757281,0.03757281
600750.SH,600750,江中药业,19970106,18.88,19.1,18.65,18.67,19.1,-0.43,-2.25,2355.0,4439.339,443.9339,4.439339,0.04439339
600750.SH,600750,江中药业,19970107,18.58,18.79,18.53,18.79,18.67,0.12,0.64,2806.0,5240.962,524.0962000000001,5.240962000000001,0.05240962
600750.SH,600750,江中药业,19970108,18.71,18.78,18.68,18.77,18.79,-0.02,-0.11,2840.0,5320.923,532.0923,5.3209230000000005,0.05320923
600750.SH,600750,江中药业,19970109,18.6,18.87,18.6,18.81,18.77,0.04,0.21,1989.0,3729.014,372.9014,3.729014,0.03729014
600750.SH,600750,江中药业,19970110,18.83,19.45,18.81,19.43,18.81,0.62,3.3,3920.0,7486.402,748.6402,7.486402000000001,0.07486402
600750.SH,600750,江中药业,19970113,19.58,19.68,19.36,19.58,19.43,0.15,0.77,4637.0,9031.232,903.1232,9.031232,0.0903123199999999
600750.SH,600750,江中药业,19970114,19.5,19.53,19.32,19.39,19.58,-0.19,-0.97,2218.0,4306.424,430.6424,4.306424,0.04306424
600750.SH,600750,江中药业,19970115,19.35,19.53,19.3,19.43,19.39,0.04,0.21,2193.0,4261.737,426.1737,4.261737,0.04261737
600750.SH,600750,江中药业,19970116,19.32,19.42,19.32,19.37,19.43,-0.06,-0.31,1797.0,3482.599,348.2599,3.482599,0.03482599
600750.SH,600750,江中药业,19970117,19.3,19.36,19.29,19.32,19.37,-0.05,-0.26,1437.0,2776.156,277.6156,2.776156,0.0277615599999999
600750.SH,600750,江中药业,19970120,19.19,19.21,19.1,19.11,19.32,-0.21,-1.09,1609.0,3080.537,308.0537,3.080537,0.03080537
600750.SH,600750,江中药业,19970121,19.08,19.15,19.0,19.02,19.11,-0.09,-0.47,2468.0,4712.09,471.209,4.71209,0.0471209
600750.SH,600750,江中药业,19970122,19.05,19.88,18.9,19.45,19.02,0.43,2.26,2451.0,4706.265,470.6265,4.706265,0.04706265
600750.SH,600750,江中药业,19970123,19.52,19.56,19.28,19.4,19.45,-0.05,-0.26,1985.0,3842.869,384.2869,3.842869,0.03842869
600750.SH,600750,江中药业,19970124,19.06,19.6,19.06,19.45,19.4,0.05,0.26,3424.0,6627.766,662.7765999999999,6.627765999999999,0.0662776599999999
600750.SH,600750,江中药业,19970127,19.48,19.7,19.25,19.54,19.45,0.09,0.46,4170.0,8135.17,813.517,8.13517,0.0813517
600750.SH,600750,江中药业,19970128,19.62,19.75,19.28,19.3,19.54,-0.24,-1.23,3282.0,6390.759,639.0759,6.390759,0.06390759
600750.SH,600750,江中药业,19970129,18.96,19.7,18.96,19.15,19.3,-0.15,-0.78,4565.0,8835.893,883.5893,8.835893,0.08835893
600750.SH,600750,江中药业,19970130,19.22,19.28,18.65,18.82,19.15,-0.33,-1.72,3858.0,7316.578,731.6578000000001,7.316578000000001,0.07316578
600750.SH,600750,江中药业,19970131,18.48,19.23,18.48,19.23,18.82,0.41,2.18,2614.0,4925.958,492.5958,4.925958,0.04925958
600750.SH,600750,江中药业,19970217,19.0,19.0,18.8,18.83,19.23,-0.4,-2.08,3249.0,6129.0,612.9,6.129,0.06129
600750.SH,600750,江中药业,19970218,18.46,18.61,17.7,17.75,18.83,-1.08,-5.74,2319.0,4229.0,422.9,4.229,0.04229
600750.SH,600750,江中药业,19970219,17.3,18.35,17.3,18.32,17.75,0.57,3.21,4697.0,8433.0,843.3,8.433,0.08433
600750.SH,600750,江中药业,19970220,17.0,18.36,16.49,18.33,18.32,0.01,0.05,4705.0,8335.0,833.5,8.335,0.08335
600750.SH,600750,江中药业,19970221,18.3,18.86,18.3,18.86,18.33,0.53,2.89,3331.0,6175.0,617.5,6.175,0.06175
600750.SH,600750,江中药业,19970224,18.95,19.03,18.85,18.93,18.86,0.07,0.37,2940.0,5565.0,556.5,5.565,0.05565
600750.SH,600750,江中药业,19970225,18.9,19.0,18.9,19.0,18.93,0.07,0.37,1723.0,3264.0,326.4,3.264,0.0326399999999999
600750.SH,600750,江中药业,19970226,19.5,19.5,19.0,19.15,19.0,0.15,0.79,1181.0,2258.0,225.8,2.258,0.02258
600750.SH,600750,江中药业,19970227,19.0,19.15,19.0,19.07,19.15,-0.08,-0.42,1387.0,2648.0,264.8,2.648,0.02648
600750.SH,600750,江中药业,19970228,19.1,19.12,18.97,19.0,19.07,-0.07,-0.37,1617.0,3075.0,307.5,3.075,0.03075
600750.SH,600750,江中药业,19970303,18.95,19.22,18.95,19.22,19.0,0.22,1.16,1623.0,3086.659,308.6659,3.086659,0.03086659
600750.SH,600750,江中药业,19970304,19.24,19.5,18.9,19.0,19.22,-0.22,-1.14,2286.0,4330.414,433.0414,4.330413999999999,0.0433041399999999
600750.SH,600750,江中药业,19970305,19.0,19.05,18.72,18.77,19.0,-0.23,-1.21,2209.0,4166.749,416.6749,4.166748999999999,0.0416674899999999
600750.SH,600750,江中药业,19970306,18.82,18.82,18.65,18.7,18.77,-0.07,-0.37,2042.0,3824.871,382.4871,3.824871,0.03824871
600750.SH,600750,江中药业,19970307,18.75,20.4,18.7,19.95,18.7,1.25,6.68,18856.0,37373.309,3737.3309,37.373309,0.37373309
600750.SH,600750,江中药业,19970310,19.98,20.8,19.38,20.68,19.95,0.73,3.66,11890.0,24163.716,2416.3716,24.163716,0.24163716
600750.SH,600750,江中药业,19970311,20.67,21.2,20.06,20.95,20.68,0.27,1.31,10730.0,22247.475,2224.7475,22.247475,0.2224747499999999
600750.SH,600750,江中药业,19970312,20.58,20.95,20.16,20.66,20.95,-0.29,-1.38,8685.0,17743.389,1774.3389,17.743389,0.17743389
600750.SH,600750,江中药业,19970313,20.58,20.6,19.71,19.99,20.66,-0.67,-3.24,4980.0,9956.576,995.6576,9.956575999999998,0.0995657599999999
600750.SH,600750,江中药业,19970314,19.48,20.0,18.99,19.8,19.99,-0.19,-0.95,6449.0,12515.985,1251.5985,12.515985,0.12515985
600750.SH,600750,江中药业,19970317,20.0,20.6,19.2,20.14,19.8,0.34,1.72,9461.0,18919.571,1891.9571,18.919571,0.18919571
600750.SH,600750,江中药业,19970318,20.0,20.08,19.5,19.73,20.14,-0.41,-2.04,5550.0,10943.274,1094.3274,10.943274,0.1094327399999999
600750.SH,600750,江中药业,19970319,19.58,21.08,19.3,21.08,19.73,1.35,6.84,25688.0,52716.692,5271.6692,52.716692,0.52716692
600750.SH,600750,江中药业,19970320,21.13,22.38,19.61,19.8,21.08,-1.28,-6.07,24111.0,51229.739,5122.9739,51.229739,0.5122973900000001
600750.SH,600750,江中药业,19970321,19.38,20.78,19.32,20.3,19.8,0.5,2.53,10872.0,21647.607,2164.7607,21.647607,0.2164760699999999
600750.SH,600750,江中药业,19970324,19.9,20.3,19.62,20.12,20.3,-0.18,-0.89,23978.0,47831.95,4783.195,47.83195,0.4783195
600750.SH,600750,江中药业,19970325,20.18,21.68,20.18,21.13,20.12,1.01,5.02,34004.0,71735.239,7173.5239,71.735239,0.7173523900000001
600750.SH,600750,江中药业,19970326,21.38,22.7,21.38,22.55,21.13,1.42,6.72,45330.0,100742.111,10074.2111,100.742111,1.00742111
600750.SH,600750,江中药业,19970327,22.88,23.5,21.92,22.16,22.55,-0.39,-1.73,37739.0,86332.987,8633.2987,86.33298699999999,0.8633298699999998
600750.SH,600750,江中药业,19970328,22.0,23.69,21.98,23.5,22.16,1.34,6.05,53067.0,122025.427,12202.5427,122.025427,1.22025427
600750.SH,600750,江中药业,19970331,24.0,24.6,21.7,21.93,23.5,-1.57,-6.68,46419.0,105284.948,10528.4948,105.284948,1.05284948
600750.SH,600750,江中药业,19970401,21.5,22.0,20.9,21.38,21.93,-0.55,-2.51,34243.0,73112.359,7311.2359,73.112359,0.7311235899999999
600750.SH,600750,江中药业,19970402,21.43,21.73,20.9,20.95,21.38,-0.43,-2.01,18731.0,39653.829,3965.3829,39.653829,0.3965382899999999
600750.SH,600750,江中药业,19970403,21.05,21.7,21.05,21.45,20.95,0.5,2.39,12469.0,26627.162,2662.7162,26.627162,0.26627162
600750.SH,600750,江中药业,19970404,21.58,22.0,21.38,21.8,21.45,0.35,1.63,23343.0,50615.026,5061.5026,50.615026,0.50615026
600750.SH,600750,江中药业,19970407,21.9,22.0,21.16,21.84,21.8,0.04,0.18,28260.0,61128.558,6112.855799999999,61.12855799999999,0.6112855799999999
600750.SH,600750,江中药业,19970408,21.98,21.98,21.18,21.37,21.84,-0.47,-2.15,20080.0,43106.422,4310.6422,43.106422,0.43106422
600750.SH,600750,江中药业,19970409,21.57,22.6,21.57,22.6,21.37,1.23,5.76,38748.0,85975.542,8597.5542,85.975542,0.85975542
600750.SH,600750,江中药业,19970410,22.8,23.77,22.7,22.9,22.6,0.3,1.33,41445.0,95933.278,9593.3278,95.93327800000002,0.95933278
600750.SH,600750,江中药业,19970411,23.0,23.0,21.68,22.38,22.9,-0.52,-2.27,21950.0,48964.155,4896.4155,48.964155,0.48964155
600750.SH,600750,江中药业,19970414,22.55,22.8,21.99,22.21,22.38,-0.17,-0.76,13138.0,29215.822,2921.5822,29.215822,0.2921582199999999
600750.SH,600750,江中药业,19970415,22.2,22.5,22.0,22.43,22.21,0.22,0.99,7047.0,15648.473,1564.8473,15.648473,0.15648473
600750.SH,600750,江中药业,19970416,22.58,22.6,22.16,22.3,22.43,-0.13,-0.58,6380.0,14282.847,1428.2847,14.282847,0.1428284699999999
600750.SH,600750,江中药业,19970417,22.3,22.4,21.8,22.15,22.3,-0.15,-0.67,6851.0,15160.027,1516.0027,15.160027,0.1516002699999999
600750.SH,600750,江中药业,19970418,22.15,22.3,21.6,22.0,22.15,-0.15,-0.68,10929.0,23908.45,2390.8450000000003,23.90845,0.2390845
600750.SH,600750,江中药业,19970421,22.21,22.6,21.9,22.3,22.0,0.3,1.36,27388.0,61224.791,6122.4791,61.224791,0.61224791
600750.SH,600750,江中药业,19970422,22.31,22.4,21.98,22.19,22.3,-0.11,-0.49,6968.0,15453.026,1545.3026,15.453026,0.15453026
600750.SH,600750,江中药业,19970423,22.26,23.0,22.12,22.98,22.19,0.79,3.56,19138.0,43684.812,4368.4812,43.684812,0.43684812
600750.SH,600750,江中药业,19970424,22.95,25.25,22.6,25.0,22.98,2.02,8.79,37115.0,89286.787,8928.6787,89.286787,0.89286787
600750.SH,600750,江中药业,19970425,25.0,27.0,25.0,25.95,25.0,0.95,3.8,40417.0,106365.082,10636.5082,106.365082,1.06365082
600750.SH,600750,江中药业,19970428,26.5,27.0,25.4,25.75,25.95,-0.2,-0.77,23370.0,61128.976,6112.8976,61.128976,0.61128976
600750.SH,600750,江中药业,19970429,25.8,26.2,23.41,25.1,25.75,-0.65,-2.52,16319.0,40495.188,4049.5188,40.495188000000006,0.40495188
600750.SH,600750,江中药业,19970430,25.0,25.4,24.32,25.25,25.1,0.15,0.6,13364.0,33483.636,3348.3636,33.483636,0.3348363599999999
600750.SH,600750,江中药业,19970506,27.78,27.78,26.5,26.92,25.25,1.67,6.61,22722.0,61459.621,6145.9621,61.459621,0.61459621
600750.SH,600750,江中药业,19970507,27.3,27.4,26.02,26.9,26.92,-0.02,-0.07,19319.0,51683.841,5168.3841,51.683841,0.51683841
600750.SH,600750,江中药业,19970508,26.9,27.33,25.5,25.8,26.9,-1.1,-4.09,19211.0,51501.976,5150.1976,51.501976000000006,0.51501976
600750.SH,600750,江中药业,19970509,25.8,26.9,25.7,26.55,25.8,0.75,2.91,15840.0,41663.097,4166.3097,41.663097,0.41663097
600750.SH,600750,江中药业,19970512,26.6,26.98,25.7,25.75,26.55,-0.8,-3.01,20447.0,53342.503,5334.2503,53.342503,0.53342503
600750.SH,600750,江中药业,19970513,12.8,12.8,11.98,12.26,12.88,-0.62,-4.81,13859.0,16913.976,1691.3975999999998,16.913975999999998,0.1691397599999999
600750.SH,600750,江中药业,19970514,12.2,12.2,11.06,11.09,12.26,-1.17,-9.54,11097.0,12698.092,1269.8092,12.698092,0.12698092
600750.SH,600750,江中药业,19970515,11.0,11.86,10.65,11.61,11.09,0.52,4.69,9761.0,10820.519,1082.0519,10.820519,0.1082051899999999
600750.SH,600750,江中药业,19970516,10.45,11.28,10.45,10.45,11.61,-1.16,-9.99,10044.0,10824.673,1082.4673,10.824673,0.10824673
600750.SH,600750,江中药业,19970519,10.45,11.0,10.1,10.22,10.45,-0.23,-2.2,5694.0,5854.471,585.4471,5.854471,0.05854471
600750.SH,600750,江中药业,19970520,10.3,10.67,10.3,10.39,10.22,0.17,1.66,5458.0,5720.304,572.0304,5.720304,0.05720304
600750.SH,600750,江中药业,19970521,10.41,10.48,9.8,9.88,10.39,-0.51,-4.91,6375.0,6399.722,639.9721999999999,6.399722,0.06399722
600750.SH,600750,江中药业,19970522,8.89,9.18,8.89,8.89,9.88,-0.99,-10.02,5556.0,4970.715,497.0715,4.970715,0.04970715
600750.SH,600750,江中药业,19970523,8.9,8.91,8.41,8.6,8.89,-0.29,-3.26,9320.0,7952.047,795.2047,7.952047,0.07952047
600750.SH,600750,江中药业,19970526,9.0,9.0,8.3,8.55,8.6,-0.05,-0.58,5230.0,4502.634,450.2634,4.502634,0.04502634
600750.SH,600750,江中药业,19970527,8.6,8.95,8.3,8.92,8.55,0.37,4.33,8581.0,7442.487,744.2487,7.442487,0.07442487
600750.SH,600750,江中药业,19970528,8.88,9.15,8.65,8.94,8.92,0.02,0.22,6439.0,5755.764,575.5764,5.755764,0.05755764
600750.SH,600750,江中药业,19970529,8.94,9.0,8.66,8.7,8.94,-0.24,-2.68,4260.0,3747.664,374.7664,3.747664,0.03747664
600750.SH,600750,江中药业,19970530,8.7,8.79,8.6,8.7,8.7,0.0,0.0,3621.0,3141.507,314.15070000000003,3.1415070000000003,0.03141507
600750.SH,600750,江中药业,19970602,8.9,9.27,8.72,9.23,8.7,0.53,6.09,10472.0,9489.547,948.9547,9.489547,0.09489547
600750.SH,600750,江中药业,19970603,9.25,10.15,9.15,10.15,9.23,0.92,9.97,24087.0,23742.994,2374.2994,23.742994,0.23742994
600750.SH,600750,江中药业,19970604,10.26,10.4,9.85,10.07,10.15,-0.08,-0.79,15392.0,15493.681,1549.3681,15.493681000000002,0.15493681
600750.SH,600750,江中药业,19970605,10.02,10.4,9.99,10.25,10.07,0.18,1.79,12496.0,12704.261,1270.4261,12.704261,0.12704261
600750.SH,600750,江中药业,19970606,9.3,9.8,9.23,9.3,10.25,-0.95,-9.27,13490.0,12714.264,1271.4263999999998,12.714263999999998,0.1271426399999999
600750.SH,600750,江中药业,19970609,9.2,9.3,8.95,9.05,9.3,-0.25,-2.69,5261.0,4768.938,476.8938,4.768938,0.04768938
600750.SH,600750,江中药业,19970610,9.1,9.3,8.8,8.9,9.05,-0.15,-1.66,3498.0,3182.762,318.2762,3.1827620000000003,0.03182762
600750.SH,600750,江中药业,19970611,8.9,8.9,8.3,8.63,8.9,-0.27,-3.03,5095.0,4349.243,434.9243,4.349243,0.04349243
600750.SH,600750,江中药业,19970612,8.8,8.9,8.3,8.75,8.63,0.12,1.39,3504.0,3074.78,307.478,3.07478,0.0307478
600750.SH,600750,江中药业,19970613,8.3,9.08,8.3,9.08,8.75,0.33,3.77,4945.0,4362.313,436.2313,4.362313,0.04362313
600750.SH,600750,江中药业,19970616,9.3,9.45,9.08,9.15,9.08,0.07,0.77,4539.0,4166.129,416.6129,4.166129,0.04166129
600750.SH,600750,江中药业,19970617,9.19,9.19,8.85,8.9,9.15,-0.25,-2.73,2693.0,2421.755,242.1755,2.421755,0.02421755
600750.SH,600750,江中药业,19970618,8.89,8.92,8.65,8.7,8.9,-0.2,-2.25,3036.0,2659.52,265.952,2.65952,0.0265952
600750.SH,600750,江中药业,19970619,8.7,9.0,8.65,8.75,8.7,0.05,0.57,2312.0,2043.659,204.3659,2.043659,0.0204365899999999
600750.SH,600750,江中药业,19970620,9.0,9.2,8.8,9.08,8.75,0.33,3.77,6249.0,5603.488,560.3488,5.603488,0.0560348799999999
600750.SH,600750,江中药业,19970623,9.21,9.37,8.75,8.83,9.08,-0.25,-2.75,5820.0,5238.952,523.8952,5.238952,0.05238952
600750.SH,600750,江中药业,19970624,8.85,9.0,8.7,9.0,8.83,0.17,1.93,4366.0,3847.144,384.7144,3.847144,0.0384714399999999
600750.SH,600750,江中药业,19970625,9.15,9.2,9.0,9.1,9.0,0.1,1.11,5551.0,5044.44,504.444,5.04444,0.0504444
600750.SH,600750,江中药业,19970626,9.0,9.05,8.76,8.78,9.1,-0.32,-3.52,3365.0,2972.847,297.28470000000004,2.972847,0.02972847
600750.SH,600750,江中药业,19970627,8.65,8.9,8.45,8.49,8.78,-0.29,-3.3,5293.0,4535.646,453.5646,4.535646,0.04535646
600750.SH,600750,江中药业,19970702,8.45,9.2,7.64,7.96,8.49,-0.53,-6.24,3567.0,2913.247,291.3247,2.913247,0.02913247
600750.SH,600750,江中药业,19970703,7.9,7.98,7.4,7.49,7.96,-0.47,-5.9,3764.0,2842.86,284.286,2.84286,0.0284286
600750.SH,600750,江中药业,19970704,7.4,7.4,7.1,7.28,7.49,-0.21,-2.8,3955.0,2861.796,286.1796,2.861796,0.02861796
600750.SH,600750,江中药业,19970707,7.12,7.7,6.55,6.65,7.28,-0.63,-8.65,3502.0,2445.818,244.5818,2.445818,0.02445818
600750.SH,600750,江中药业,19970708,6.65,6.8,6.34,6.73,6.65,0.08,1.2,3948.0,2583.337,258.3337,2.583337,0.02583337
600750.SH,600750,江中药业,19970709,6.77,6.78,6.52,6.7,6.73,-0.03,-0.45,2413.0,1597.77,159.777,1.59777,0.0159776999999999
600750.SH,600750,江中药业,19970710,6.71,6.82,6.6,6.7,6.7,0.0,0.0,2929.0,1965.364,196.5364,1.965364,0.01965364
600750.SH,600750,江中药业,19970711,6.68,7.0,6.5,6.99,6.7,0.29,4.33,3574.0,2434.286,243.4286,2.434286,0.02434286
600750.SH,600750,江中药业,19970714,6.99,7.2,6.82,7.1,6.99,0.11,1.57,5884.0,4118.222,411.8222,4.118221999999999,0.0411822199999999
600750.SH,600750,江中药业,19970715,7.12,7.81,6.96,7.81,7.1,0.71,10.0,11943.0,8888.7,888.8700000000001,8.888700000000002,0.088887
600750.SH,600750,江中药业,19970716,7.76,7.88,7.46,7.5,7.81,-0.31,-3.97,9250.0,7053.477,705.3477,7.053477,0.07053477
600750.SH,600750,江中药业,19970717,7.5,7.5,7.3,7.41,7.5,-0.09,-1.2,3686.0,2725.982,272.5982,2.725982,0.02725982
600750.SH,600750,江中药业,19970718,7.31,7.8,7.31,7.5,7.41,0.09,1.21,3737.0,2826.545,282.6545,2.826545,0.0282654499999999
600750.SH,600750,江中药业,19970721,7.6,7.75,7.48,7.5,7.5,0.0,0.0,5296.0,4047.012,404.7012,4.0470120000000005,0.04047012
600750.SH,600750,江中药业,19970722,7.5,7.58,7.16,7.45,7.5,-0.05,-0.67,4494.0,3311.966,331.1966,3.311966,0.03311966
600750.SH,600750,江中药业,19970723,7.57,7.98,7.5,7.8,7.45,0.35,4.7,11136.0,8666.763,866.6763000000001,8.666763000000001,0.08666763
600750.SH,600750,江中药业,19970724,7.88,7.9,7.5,7.51,7.8,-0.29,-3.72,5458.0,4194.502,419.45020000000005,4.194502000000001,0.04194502
600750.SH,600750,江中药业,19970725,7.38,7.6,7.3,7.4,7.51,-0.11,-1.46,3074.0,2290.118,229.0118,2.290118,0.02290118
600750.SH,600750,江中药业,19970728,7.4,7.52,7.35,7.4,7.4,0.0,0.0,2889.0,2134.986,213.4986,2.134986,0.0213498599999999
600750.SH,600750,江中药业,19970729,7.39,7.5,7.28,7.4,7.4,0.0,0.0,2152.0,1592.305,159.2305,1.592305,0.01592305
600750.SH,600750,江中药业,19970730,7.58,7.75,7.38,7.72,7.4,0.32,4.32,4484.0,3395.217,339.5217,3.395217,0.03395217
600750.SH,600750,江中药业,19970731,7.72,7.78,7.5,7.59,7.72,-0.13,-1.68,2974.0,2268.686,226.8686,2.268686,0.02268686
600750.SH,600750,江中药业,19970801,7.66,7.7,7.53,7.7,7.59,0.11,1.45,2952.0,2253.023,225.3023,2.253023,0.02253023
600750.SH,600750,江中药业,19970804,7.7,8.2,7.7,8.13,7.7,0.43,5.58,10436.0,8402.531,840.2531000000001,8.402531000000002,0.08402531
600750.SH,600750,江中药业,19970805,8.25,8.59,8.2,8.48,8.13,0.35,4.31,24361.0,20590.618,2059.0618,20.590618,0.20590618
600750.SH,600750,江中药业,19970806,8.46,8.48,8.11,8.18,8.48,-0.3,-3.54,13125.0,10929.923,1092.9923,10.929923,0.10929923
600750.SH,600750,江中药业,19970807,8.08,8.46,8.0,8.46,8.18,0.28,3.42,7511.0,6173.525,617.3525,6.173525,0.06173525
600750.SH,600750,江中药业,19970808,8.59,8.64,8.3,8.34,8.46,-0.12,-1.42,9024.0,7614.698,761.4698000000001,7.614698000000001,0.07614698
600750.SH,600750,江中药业,19970811,8.59,8.98,8.45,8.84,8.34,0.5,6.0,24147.0,21238.455,2123.8455000000004,21.238455,0.21238455
600750.SH,600750,江中药业,19970812,8.5,8.86,8.23,8.28,8.84,-0.56,-6.33,8013.0,6850.869,685.0869,6.850869,0.06850869
600750.SH,600750,江中药业,19970813,8.0,8.35,7.7,7.82,8.28,-0.46,-5.56,6063.0,4902.566,490.2566,4.902566,0.04902566
600750.SH,600750,江中药业,19970814,7.8,8.39,7.78,8.32,7.82,0.5,6.39,5622.0,4475.744,447.5744,4.475744,0.0447574399999999
600750.SH,600750,江中药业,19970815,8.35,8.35,7.95,7.99,8.32,-0.33,-3.97,4176.0,3365.671,336.5671,3.365671,0.03365671
600750.SH,600750,江中药业,19970818,7.8,7.99,7.68,7.79,7.99,-0.2,-2.5,3534.0,2745.375,274.5375,2.745375,0.02745375
600750.SH,600750,江中药业,19970819,7.9,7.98,7.7,7.8,7.79,0.01,0.13,1792.0,1408.781,140.8781,1.4087809999999998,0.01408781
600750.SH,600750,江中药业,19970820,7.9,7.91,7.69,7.79,7.8,-0.01,-0.13,1680.0,1307.456,130.7456,1.307456,0.0130745599999999
600750.SH,600750,江中药业,19970821,7.86,8.0,7.8,7.91,7.79,0.12,1.54,2272.0,1782.254,178.22539999999998,1.7822539999999998,0.0178225399999999
600750.SH,600750,江中药业,19970822,8.0,8.22,7.9,7.98,7.91,0.07,0.89,3871.0,3123.233,312.3233,3.1232330000000004,0.03123233
600750.SH,600750,江中药业,19970825,8.1,8.1,7.55,7.65,7.98,-0.33,-4.14,8247.0,6360.001,636.0001,6.360001,0.06360001
600750.SH,600750,江中药业,19970826,7.7,7.82,7.55,7.65,7.65,0.0,0.0,5556.0,4277.472,427.7472,4.277472,0.0427747199999999
600750.SH,600750,江中药业,19970827,7.7,8.0,7.6,7.97,7.65,0.32,4.18,4869.0,3797.307,379.7307,3.797307,0.03797307
600750.SH,600750,江中药业,19970828,7.94,8.24,7.61,8.06,7.97,0.09,1.13,5448.0,4394.309,439.4309,4.394309,0.04394309
600750.SH,600750,江中药业,19970829,8.06,8.1,7.9,8.1,8.06,0.04,0.5,7162.0,5727.747,572.7747,5.727747000000001,0.05727747
600750.SH,600750,江中药业,19970901,8.12,8.76,8.12,8.7,8.1,0.6,7.41,18777.0,15931.15,1593.115,15.93115,0.1593115
600750.SH,600750,江中药业,19970902,8.7,8.72,8.39,8.45,8.7,-0.25,-2.87,9605.0,8167.63,816.763,8.16763,0.0816763
600750.SH,600750,江中药业,19970903,8.3,8.58,8.3,8.4,8.45,-0.05,-0.59,6290.0,5301.414,530.1414,5.301413999999999,0.0530141399999999
600750.SH,600750,江中药业,19970904,8.35,8.69,8.35,8.5,8.4,0.1,1.19,7130.0,6084.159,608.4159,6.084159,0.0608415899999999
600750.SH,600750,江中药业,19970905,8.5,8.58,8.31,8.41,8.5,-0.09,-1.06,3809.0,3209.391,320.9391,3.209391,0.03209391
600750.SH,600750,江中药业,19970908,8.4,8.41,8.17,8.39,8.41,-0.02,-0.24,3846.0,3187.96,318.796,3.18796,0.0318796
600750.SH,600750,江中药业,19970909,8.3,8.38,8.1,8.12,8.39,-0.27,-3.22,4782.0,3942.787,394.2787,3.942787,0.03942787
600750.SH,600750,江中药业,19970910,8.1,8.46,8.0,8.31,8.12,0.19,2.34,4524.0,3749.462,374.9462,3.749462,0.03749462
600750.SH,600750,江中药业,19970911,8.44,8.74,8.32,8.45,8.31,0.14,1.68,13889.0,11927.192,1192.7192,11.927192,0.11927192
600750.SH,600750,江中药业,19970912,8.41,8.58,8.05,8.06,8.45,-0.39,-4.62,5153.0,4288.01,428.801,4.288010000000001,0.0428801
600750.SH,600750,江中药业,19970915,8.07,8.15,7.5,7.77,8.06,-0.29,-3.6,4100.0,3242.976,324.2976,3.242976,0.03242976
600750.SH,600750,江中药业,19970916,7.75,7.91,7.75,7.89,7.77,0.12,1.54,2512.0,1965.75,196.575,1.96575,0.0196574999999999
600750.SH,600750,江中药业,19970917,7.92,7.98,7.7,7.75,7.89,-0.14,-1.77,1222.0,953.639,95.3639,0.953639,0.00953639
600750.SH,600750,江中药业,19970918,7.8,7.9,7.75,7.78,7.75,0.03,0.39,1253.0,977.316,97.7316,0.977316,0.00977316
600750.SH,600750,江中药业,19970919,7.79,7.97,7.78,7.97,7.78,0.19,2.44,1529.0,1199.716,119.9716,1.199716,0.01199716
600750.SH,600750,江中药业,19970922,7.7,8.5,7.7,7.73,7.97,-0.24,-3.01,10540.0,8504.506,850.4505999999999,8.504506,0.0850450599999999
600750.SH,600750,江中药业,19970923,7.7,7.7,6.96,7.02,7.73,-0.71,-9.19,4391.0,3173.607,317.3607,3.173607,0.03173607
600750.SH,600750,江中药业,19970924,7.2,7.46,7.1,7.45,7.02,0.43,6.13,3475.0,2537.968,253.7968,2.537968,0.0253796799999999
600750.SH,600750,江中药业,19970925,7.52,7.65,7.3,7.41,7.45,-0.04,-0.54,4776.0,3564.985,356.49850000000004,3.5649850000000005,0.03564985
600750.SH,600750,江中药业,19970926,7.56,7.56,7.15,7.38,7.41,-0.03,-0.4,2456.0,1801.601,180.1601,1.801601,0.01801601
600750.SH,600750,江中药业,19970929,7.2,7.49,7.16,7.17,7.38,-0.21,-2.85,1949.0,1403.747,140.37470000000002,1.403747,0.01403747
600750.SH,600750,江中药业,19970930,7.15,7.25,7.15,7.19,7.17,0.02,0.28,1875.0,1350.55,135.055,1.35055,0.0135055
600750.SH,600750,江中药业,19971006,7.15,7.48,7.15,7.26,7.19,0.07,0.97,1180.0,854.713,85.4713,0.854713,0.00854713
600750.SH,600750,江中药业,19971007,7.25,7.35,7.08,7.25,7.26,-0.01,-0.14,591.0,423.021,42.3021,0.423021,0.00423021
600750.SH,600750,江中药业,19971008,7.45,7.58,7.3,7.52,7.25,0.27,3.72,1687.0,1255.744,125.5744,1.255744,0.01255744
600750.SH,600750,江中药业,19971009,7.48,7.6,7.37,7.6,7.52,0.08,1.06,1883.0,1407.283,140.7283,1.4072829999999998,0.0140728299999999
600750.SH,600750,江中药业,19971010,7.5,7.8,7.5,7.79,7.6,0.19,2.5,5270.0,4055.189,405.5189,4.055189,0.0405518899999999
600750.SH,600750,江中药业,19971013,7.82,7.83,7.53,7.53,7.79,-0.26,-3.34,1911.0,1460.665,146.0665,1.460665,0.0146066499999999
600750.SH,600750,江中药业,19971014,7.55,7.55,7.33,7.4,7.53,-0.13,-1.73,1307.0,965.661,96.5661,0.965661,0.00965661
600750.SH,600750,江中药业,19971015,7.31,7.5,7.29,7.5,7.4,0.1,1.35,1143.0,849.551,84.9551,0.8495510000000001,0.00849551
600750.SH,600750,江中药业,19971016,7.58,7.6,7.45,7.53,7.5,0.03,0.4,2412.0,1810.674,181.0674,1.810674,0.01810674
600750.SH,600750,江中药业,19971017,7.6,7.8,7.48,7.69,7.53,0.16,2.12,5162.0,3922.59,392.259,3.92259,0.0392259
600750.SH,600750,江中药业,19971020,7.7,7.75,7.55,7.63,7.69,-0.06,-0.78,3625.0,2760.046,276.0046,2.760046,0.02760046
600750.SH,600750,江中药业,19971021,7.63,7.66,7.52,7.56,7.63,-0.07,-0.92,3420.0,2589.008,258.9008,2.589008,0.02589008
600750.SH,600750,江中药业,19971022,7.6,7.6,7.35,7.41,7.56,-0.15,-1.98,4758.0,3545.655,354.56550000000004,3.5456550000000004,0.03545655
600750.SH,600750,江中药业,19971023,7.4,7.45,7.27,7.3,7.41,-0.11,-1.48,4773.0,3498.802,349.8802,3.498802,0.03498802
600750.SH,600750,江中药业,19971024,7.4,7.75,7.28,7.62,7.3,0.32,4.38,4655.0,3480.89,348.089,3.48089,0.0348089
600750.SH,600750,江中药业,19971027,7.65,7.99,7.52,7.95,7.62,0.33,4.33,8954.0,6970.271,697.0271,6.970271,0.06970271
600750.SH,600750,江中药业,19971028,7.95,7.95,7.45,7.45,7.95,-0.5,-6.29,5106.0,3898.196,389.8196,3.898196,0.03898196
600750.SH,600750,江中药业,19971029,7.4,7.64,7.32,7.6,7.45,0.15,2.01,3527.0,2624.545,262.4545,2.624545,0.02624545
600750.SH,600750,江中药业,19971030,7.48,7.71,7.36,7.38,7.6,-0.22,-2.89,4707.0,3513.786,351.3786,3.513786,0.03513786
600750.SH,600750,江中药业,19971031,7.38,7.57,7.3,7.45,7.38,0.07,0.95,2403.0,1778.094,177.8094,1.778094,0.01778094
600750.SH,600750,江中药业,19971103,7.5,7.52,7.35,7.4,7.45,-0.05,-0.67,1737.0,1284.513,128.4513,1.284513,0.01284513
600750.SH,600750,江中药业,19971104,7.5,7.5,7.32,7.35,7.4,-0.05,-0.68,2269.0,1669.77,166.977,1.66977,0.0166977
600750.SH,600750,江中药业,19971105,7.35,7.4,7.27,7.4,7.35,0.05,0.68,3447.0,2519.242,251.9242,2.519242,0.02519242
600750.SH,600750,江中药业,19971106,7.45,7.45,7.27,7.28,7.4,-0.12,-1.62,3020.0,2213.244,221.32440000000005,2.2132440000000004,0.02213244
600750.SH,600750,江中药业,19971107,7.26,7.35,7.26,7.34,7.28,0.06,0.82,3976.0,2900.091,290.0091,2.900091,0.0290009099999999
600750.SH,600750,江中药业,19971110,7.67,8.07,7.6,7.7,7.34,0.36,4.9,8385.0,6570.924,657.0924,6.570924,0.06570924
600750.SH,600750,江中药业,19971111,7.75,7.8,7.4,7.55,7.7,-0.15,-1.95,3232.0,2444.244,244.4244,2.4442440000000003,0.02444244
600750.SH,600750,江中药业,19971112,7.55,7.6,7.38,7.38,7.55,-0.17,-2.25,1937.0,1440.585,144.0585,1.440585,0.01440585
600750.SH,600750,江中药业,19971113,7.32,7.39,7.2,7.38,7.38,0.0,0.0,2873.0,2099.721,209.9721,2.099721,0.02099721
600750.SH,600750,江中药业,19971114,7.4,7.55,7.38,7.4,7.38,0.02,0.27,2214.0,1655.151,165.51510000000002,1.6551510000000005,0.01655151
600750.SH,600750,江中药业,19971117,7.5,7.5,7.32,7.33,7.4,-0.07,-0.95,1764.0,1299.101,129.9101,1.299101,0.01299101
600750.SH,600750,江中药业,19971118,7.31,7.35,7.24,7.25,7.33,-0.08,-1.09,1738.0,1263.641,126.3641,1.263641,0.01263641
600750.SH,600750,江中药业,19971119,7.22,7.45,7.22,7.26,7.25,0.01,0.14,1600.0,1166.846,116.6846,1.166846,0.01166846
600750.SH,600750,江中药业,19971120,7.26,7.38,7.2,7.36,7.26,0.1,1.38,2617.0,1898.565,189.8565,1.898565,0.01898565
600750.SH,600750,江中药业,19971121,7.23,7.46,7.23,7.45,7.36,0.09,1.22,4496.0,3313.58,331.358,3.31358,0.0331358
600750.SH,600750,江中药业,19971124,7.26,7.65,7.26,7.52,7.45,0.07,0.94,10007.0,7531.452,753.1452,7.531452000000001,0.07531452
600750.SH,600750,江中药业,19971125,7.5,7.6,7.31,7.4,7.52,-0.12,-1.6,3400.0,2533.995,253.3995,2.533995,0.02533995
600750.SH,600750,江中药业,19971126,7.4,7.5,7.26,7.48,7.4,0.08,1.08,2422.0,1780.0,178.0,1.78,0.0178
600750.SH,600750,江中药业,19971127,7.4,7.42,7.16,7.23,7.48,-0.25,-3.34,2504.0,1816.0,181.6,1.816,0.01816
600750.SH,600750,江中药业,19971128,7.15,7.27,7.11,7.25,7.23,0.02,0.28,2325.0,1665.0,166.5,1.665,0.01665
600750.SH,600750,江中药业,19971201,7.2,7.2,7.08,7.1,7.25,-0.15,-2.07,2046.0,1456.007,145.60070000000002,1.4560070000000005,0.01456007
600750.SH,600750,江中药业,19971202,7.08,7.15,7.05,7.08,7.1,-0.02,-0.28,1508.0,1069.997,106.9997,1.069997,0.01069997
600750.SH,600750,江中药业,19971203,7.01,7.08,6.95,6.96,7.08,-0.12,-1.69,1559.0,1091.225,109.1225,1.091225,0.0109122499999999
600750.SH,600750,江中药业,19971204,7.0,7.03,6.9,7.02,6.96,0.06,0.86,1854.0,1292.536,129.2536,1.292536,0.01292536
600750.SH,600750,江中药业,19971205,7.15,7.15,6.98,7.01,7.02,-0.01,-0.14,2254.0,1582.816,158.2816,1.582816,0.01582816
600750.SH,600750,江中药业,19971208,7.01,7.24,7.0,7.2,7.01,0.19,2.71,1748.0,1248.988,124.8988,1.248988,0.01248988
600750.SH,600750,江中药业,19971209,7.25,7.27,7.14,7.2,7.2,0.0,0.0,1444.0,1037.994,103.7994,1.037994,0.0103799399999999
600750.SH,600750,江中药业,19971211,7.48,7.48,7.12,7.15,7.2,-0.05,-0.69,1749.0,1262.237,126.2237,1.262237,0.01262237
600750.SH,600750,江中药业,19971212,7.15,7.2,7.03,7.05,7.15,-0.1,-1.4,1974.0,1399.931,139.9931,1.399931,0.01399931
600750.SH,600750,江中药业,19971215,7.0,7.1,6.92,7.0,7.05,-0.05,-0.71,2310.0,1614.711,161.4711,1.614711,0.01614711
600750.SH,600750,江中药业,19971216,7.01,7.05,6.93,7.0,7.0,0.0,0.0,2601.0,1813.635,181.3635,1.813635,0.01813635
600750.SH,600750,江中药业,19971217,7.0,7.0,6.84,6.85,7.0,-0.15,-2.14,2833.0,1954.956,195.4956,1.954956,0.01954956
600750.SH,600750,江中药业,19971218,6.85,6.9,6.71,6.9,6.85,0.05,0.73,2549.0,1732.377,173.2377,1.7323769999999998,0.01732377
600750.SH,600750,江中药业,19971219,6.85,6.9,6.8,6.88,6.9,-0.02,-0.29,1423.0,975.175,97.5175,0.975175,0.00975175
600750.SH,600750,江中药业,19971222,6.8,6.85,6.61,6.65,6.88,-0.23,-3.34,3520.0,2347.717,234.7717,2.3477170000000003,0.02347717
600750.SH,600750,江中药业,19971223,6.61,6.97,6.55,6.91,6.65,0.26,3.91,3951.0,2702.261,270.2261,2.702261,0.0270226099999999
600750.SH,600750,江中药业,19971224,6.99,7.2,6.81,7.19,6.91,0.28,4.05,4911.0,3466.156,346.6156,3.466156,0.03466156
600750.SH,600750,江中药业,19971225,7.15,7.15,7.0,7.08,7.19,-0.11,-1.53,3611.0,2551.47,255.147,2.55147,0.0255147
600750.SH,600750,江中药业,19971226,7.1,7.28,7.0,7.2,7.08,0.12,1.69,3807.0,2735.109,273.5109,2.735109,0.02735109
600750.SH,600750,江中药业,19971229,7.3,7.3,7.06,7.06,7.2,-0.14,-1.94,2712.0,1929.985,192.9985,1.929985,0.0192998499999999
600750.SH,600750,江中药业,19971230,7.05,7.07,6.96,7.0,7.06,-0.06,-0.85,2752.0,1926.087,192.6087,1.926087,0.01926087
600750.SH,600750,江中药业,19971231,6.98,7.0,6.91,6.94,7.0,-0.06,-0.86,2454.0,1704.497,170.4497,1.7044970000000002,0.01704497
600750.SH,600750,江中药业,19980105,6.94,7.03,6.85,6.98,6.94,0.04,0.58,3967.0,2748.026,274.8026,2.748026,0.02748026
600750.SH,600750,江中药业,19980106,6.98,7.25,6.88,7.2,6.98,0.22,3.15,6658.0,4703.908,470.3908,4.703908,0.04703908
600750.SH,600750,江中药业,19980107,7.1,7.28,7.1,7.21,7.2,0.01,0.14,4428.0,3202.847,320.28470000000004,3.202847,0.03202847
600750.SH,600750,江中药业,19980108,7.11,7.79,7.11,7.7,7.21,0.49,6.8,15817.0,12105.801,1210.5801,12.105801,0.12105801
600750.SH,600750,江中药业,19980109,7.71,7.99,7.5,7.72,7.7,0.02,0.26,16447.0,12810.983,1281.0983,12.810983,0.12810983
600750.SH,600750,江中药业,19980112,7.85,8.3,7.85,8.0,7.72,0.28,3.63,20346.0,16357.218,1635.7218,16.357218,0.1635721799999999
600750.SH,600750,江中药业,19980113,7.89,7.89,7.2,7.55,8.0,-0.45,-5.63,11690.0,8772.3,877.2299999999999,8.7723,0.087723
600750.SH,600750,江中药业,19980114,7.6,8.18,7.55,8.0,7.55,0.45,5.96,14652.0,11575.972,1157.5972,11.575972,0.11575972
600750.SH,600750,江中药业,19980115,8.1,8.17,7.8,7.9,8.0,-0.1,-1.25,7726.0,6137.325,613.7325,6.137325,0.06137325
600750.SH,600750,江中药业,19980116,7.9,7.96,7.68,7.68,7.9,-0.22,-2.78,5416.0,4249.159,424.9159,4.249159,0.0424915899999999
600750.SH,600750,江中药业,19980119,7.68,7.7,7.44,7.52,7.68,-0.16,-2.08,5066.0,3814.557,381.4557,3.814557,0.03814557
600750.SH,600750,江中药业,19980120,7.48,7.55,7.4,7.5,7.52,-0.02,-0.27,2770.0,2074.412,207.4412,2.074412,0.0207441199999999
600750.SH,600750,江中药业,19980121,7.5,7.7,7.49,7.61,7.5,0.11,1.47,2110.0,1591.242,159.1242,1.591242,0.01591242
600750.SH,600750,江中药业,19980122,7.62,7.77,7.45,7.5,7.61,-0.11,-1.45,2274.0,1715.016,171.5016,1.715016,0.0171501599999999
600750.SH,600750,江中药业,19980123,7.52,7.6,7.48,7.55,7.5,0.05,0.67,2434.0,1831.97,183.197,1.83197,0.0183197
600750.SH,600750,江中药业,19980209,7.78,8.03,7.75,7.96,7.55,0.41,5.43,7842.0,6249.32,624.932,6.24932,0.0624932
600750.SH,600750,江中药业,19980210,8.0,8.16,7.89,7.89,7.96,-0.07,-0.88,6828.0,5491.408,549.1408,5.491408,0.05491408
600750.SH,600750,江中药业,19980211,8.0,8.0,7.8,7.95,7.89,0.06,0.76,3444.0,2725.191,272.5191,2.725191,0.0272519099999999
600750.SH,600750,江中药业,19980212,8.0,8.08,7.83,7.83,7.95,-0.12,-1.51,3629.0,2864.114,286.4114,2.8641140000000003,0.02864114
600750.SH,600750,江中药业,19980213,7.86,7.96,7.62,7.85,7.83,0.02,0.26,4374.0,3421.094,342.1094,3.421094,0.03421094
600750.SH,600750,江中药业,19980216,7.9,8.17,7.73,8.15,7.85,0.3,3.82,8801.0,7022.478,702.2478,7.022478,0.07022478
600750.SH,600750,江中药业,19980217,8.2,8.23,8.02,8.09,8.15,-0.06,-0.74,5158.0,4169.993,416.99930000000006,4.169993000000001,0.04169993
600750.SH,600750,江中药业,19980218,8.16,8.16,7.85,7.94,8.09,-0.15,-1.85,4088.0,3257.919,325.7919,3.257919,0.03257919
600750.SH,600750,江中药业,19980219,7.7,7.94,7.7,7.77,7.94,-0.17,-2.14,2619.0,2045.817,204.5817,2.045817,0.02045817
600750.SH,600750,江中药业,19980220,7.77,7.84,7.72,7.76,7.77,-0.01,-0.13,3263.0,2535.45,253.545,2.53545,0.0253545
600750.SH,600750,江中药业,19980223,7.6,7.75,7.5,7.66,7.76,-0.1,-1.29,2985.0,2266.577,226.65770000000003,2.2665770000000003,0.02266577
600750.SH,600750,江中药业,19980224,7.95,7.95,7.65,7.72,7.66,0.06,0.78,1653.0,1275.607,127.5607,1.275607,0.01275607
600750.SH,600750,江中药业,19980225,7.69,7.69,7.5,7.54,7.72,-0.18,-2.33,1607.0,1217.729,121.7729,1.217729,0.01217729
600750.SH,600750,江中药业,19980226,7.48,7.56,7.42,7.56,7.54,0.02,0.27,2867.0,2152.267,215.2267,2.152267,0.02152267
600750.SH,600750,江中药业,19980227,7.58,7.63,7.49,7.63,7.56,0.07,0.93,2155.0,1623.829,162.3829,1.623829,0.01623829
600750.SH,600750,江中药业,19980302,7.6,7.8,7.5,7.6,7.63,-0.03,-0.39,3394.0,2605.351,260.5351,2.605351,0.02605351
600750.SH,600750,江中药业,19980303,7.51,7.67,7.5,7.65,7.6,0.05,0.66,1386.0,1055.439,105.5439,1.055439,0.01055439
600750.SH,600750,江中药业,19980304,7.68,7.95,7.58,7.9,7.65,0.25,3.27,4021.0,3101.837,310.1837,3.101837,0.0310183699999999
600750.SH,600750,江中药业,19980305,7.9,7.9,7.75,7.83,7.9,-0.07,-0.89,2222.0,1736.988,173.6988,1.736988,0.01736988
600750.SH,600750,江中药业,19980306,7.8,7.8,7.61,7.64,7.83,-0.19,-2.43,1251.0,961.729,96.1729,0.961729,0.0096172899999999
600750.SH,600750,江中药业,19980309,7.62,7.67,7.53,7.56,7.64,-0.08,-1.05,2064.0,1565.734,156.5734,1.565734,0.01565734
600750.SH,600750,江中药业,19980310,7.56,7.56,7.35,7.5,7.56,-0.06,-0.79,1773.0,1323.918,132.3918,1.323918,0.01323918
600750.SH,600750,江中药业,19980311,7.45,7.55,7.31,7.31,7.5,-0.19,-2.53,2113.0,1565.828,156.5828,1.565828,0.01565828
600750.SH,600750,江中药业,19980312,7.25,7.43,7.25,7.39,7.31,0.08,1.09,1255.0,922.501,92.2501,0.922501,0.00922501
600750.SH,600750,江中药业,19980313,7.35,7.39,7.2,7.23,7.39,-0.16,-2.17,1547.0,1123.375,112.3375,1.123375,0.01123375
600750.SH,600750,江中药业,19980316,7.22,7.23,6.88,7.08,7.23,-0.15,-2.07,3361.0,2374.941,237.4941,2.374941,0.02374941
600750.SH,600750,江中药业,19980317,7.12,7.26,7.01,7.13,7.08,0.05,0.71,3909.0,2774.968,277.4968,2.774968,0.02774968
600750.SH,600750,江中药业,19980318,7.16,7.22,7.1,7.13,7.13,0.0,0.0,2489.0,1779.874,177.9874,1.7798740000000002,0.01779874
600750.SH,600750,江中药业,19980319,7.1,7.12,6.95,7.0,7.13,-0.13,-1.82,4496.0,3145.602,314.5602,3.145602,0.03145602
600750.SH,600750,江中药业,19980320,7.05,7.05,6.9,6.92,7.0,-0.08,-1.14,2538.0,1759.135,175.9135,1.759135,0.01759135
600750.SH,600750,江中药业,19980323,6.92,6.92,6.76,6.8,6.92,-0.12,-1.73,3374.0,2296.067,229.6067,2.296067,0.02296067
600750.SH,600750,江中药业,19980324,6.71,6.9,6.71,6.85,6.8,0.05,0.74,2035.0,1385.273,138.5273,1.385273,0.01385273
600750.SH,600750,江中药业,19980325,6.9,7.02,6.8,6.87,6.85,0.02,0.29,2287.0,1580.509,158.0509,1.5805090000000002,0.01580509
600750.SH,600750,江中药业,19980326,6.95,6.97,6.8,6.89,6.87,0.02,0.29,2168.0,1494.885,149.4885,1.4948849999999998,0.0149488499999999
600750.SH,600750,江中药业,19980327,6.85,7.15,6.85,7.08,6.89,0.19,2.76,3581.0,2513.92,251.392,2.51392,0.0251392
600750.SH,600750,江中药业,19980330,7.08,7.38,6.91,7.35,7.08,0.27,3.81,7964.0,5685.721,568.5721,5.685721,0.05685721
600750.SH,600750,江中药业,19980331,7.35,7.38,7.1,7.15,7.35,-0.2,-2.72,3149.0,2269.516,226.9516,2.2695160000000003,0.02269516
600750.SH,600750,江中药业,19980401,7.16,7.18,7.0,7.05,7.15,-0.1,-1.4,4174.0,2946.14,294.614,2.94614,0.0294614
600750.SH,600750,江中药业,19980402,7.1,7.76,7.1,7.76,7.05,0.71,10.07,11900.0,9031.675,903.1675,9.031675,0.09031675
600750.SH,600750,江中药业,19980403,7.9,8.54,7.62,8.45,7.76,0.69,8.89,59012.0,48685.79,4868.579,48.68579,0.4868578999999999
600750.SH,600750,江中药业,19980406,8.4,8.73,8.15,8.45,8.45,0.0,0.0,27838.0,23597.444,2359.7444,23.597444,0.23597444
600750.SH,600750,江中药业,19980407,8.45,8.5,8.21,8.39,8.45,-0.06,-0.71,13278.0,11075.125,1107.5125,11.075125,0.11075125
600750.SH,600750,江中药业,19980408,8.3,8.88,8.3,8.72,8.39,0.33,3.93,27689.0,24051.127,2405.1127,24.051127,0.24051127
600750.SH,600750,江中药业,19980409,8.8,8.9,7.9,8.1,8.72,-0.62,-7.11,22881.0,19168.779,1916.8779,19.168779,0.19168779
600750.SH,600750,江中药业,19980410,8.05,8.15,7.76,7.95,8.1,-0.15,-1.85,10677.0,8458.092,845.8092,8.458092,0.08458092
600750.SH,600750,江中药业,19980413,7.8,8.3,7.8,8.1,7.95,0.15,1.89,8889.0,7168.488,716.8488,7.168488,0.07168488
600750.SH,600750,江中药业,19980414,8.15,8.17,7.98,7.98,8.1,-0.12,-1.48,7676.0,6166.013,616.6013,6.166013,0.06166013
600750.SH,600750,江中药业,19980415,7.97,8.27,7.95,8.13,7.98,0.15,1.88,7506.0,6075.244,607.5244,6.0752440000000005,0.06075244
600750.SH,600750,江中药业,19980416,8.16,8.21,7.81,7.9,8.13,-0.23,-2.83,7012.0,5565.889,556.5889,5.565888999999999,0.0556588899999999
600750.SH,600750,江中药业,19980417,7.88,8.2,7.83,8.0,7.9,0.1,1.27,10382.0,8378.691,837.8691000000001,8.378691000000002,0.08378691
600750.SH,600750,江中药业,19980420,8.0,8.6,7.95,8.6,8.0,0.6,7.5,18517.0,15528.289,1552.8289,15.528289,0.1552828899999999
600750.SH,600750,江中药业,19980421,8.6,8.76,8.3,8.4,8.6,-0.2,-2.33,14388.0,12272.031,1227.2031000000002,12.272031000000002,0.12272031
600750.SH,600750,江中药业,19980422,8.5,8.6,8.34,8.55,8.4,0.15,1.79,12541.0,10655.224,1065.5224,10.655224,0.10655224
600750.SH,600750,江中药业,19980423,8.6,8.65,8.01,8.31,8.55,-0.24,-2.81,10962.0,9281.3,928.13,9.281299999999998,0.0928129999999999
600750.SH,600750,江中药业,19980424,8.2,8.49,8.1,8.11,8.31,-0.2,-2.41,9754.0,8049.201,804.9201,8.049201,0.08049201
600750.SH,600750,江中药业,19980427,8.12,8.29,7.9,7.97,8.11,-0.14,-1.73,7509.0,6018.696,601.8696,6.018696,0.06018696
600750.SH,600750,江中药业,19980428,7.99,8.33,7.92,8.28,7.97,0.31,3.89,10853.0,8867.774,886.7774,8.867773999999999,0.0886777399999999
600750.SH,600750,江中药业,19980429,8.4,8.7,8.21,8.52,8.28,0.24,2.9,19897.0,16811.01,1681.101,16.81101,0.1681100999999999
600750.SH,600750,江中药业,19980430,8.6,9.18,8.6,8.9,8.52,0.38,4.46,49245.0,44151.058,4415.105799999999,44.15105799999999,0.4415105799999999
600750.SH,600750,江中药业,19980504,9.0,9.42,9.0,9.15,8.9,0.25,2.81,25578.0,23526.956,2352.6956,23.526956,0.23526956
600750.SH,600750,江中药业,19980505,9.13,9.18,8.8,8.9,9.15,-0.25,-2.73,13980.0,12441.868,1244.1868,12.441868,0.1244186799999999
600750.SH,600750,江中药业,19980506,8.95,9.35,8.95,9.16,8.9,0.26,2.92,15436.0,14071.546,1407.1546,14.071546,0.14071546
600750.SH,600750,江中药业,19980507,9.21,9.31,8.63,8.69,9.16,-0.47,-5.13,13481.0,12121.231,1212.1231,12.121231,0.12121231
600750.SH,600750,江中药业,19980508,8.6,9.02,8.58,8.98,8.69,0.29,3.34,14737.0,13017.001,1301.7001,13.017001,0.13017001
600750.SH,600750,江中药业,19980511,9.1,9.6,8.81,9.39,8.98,0.41,4.57,29816.0,27617.795,2761.7795,27.617795,0.2761779499999999
600750.SH,600750,江中药业,19980512,9.41,9.6,9.13,9.4,9.39,0.01,0.11,24418.0,22965.025,2296.5025,22.965025,0.22965025
600750.SH,600750,江中药业,19980513,9.45,10.34,9.45,10.34,9.4,0.94,10.0,62048.0,63477.85,6347.785,63.47785,0.6347784999999999
600750.SH,600750,江中药业,19980514,10.5,10.77,10.2,10.27,10.34,-0.07,-0.68,41238.0,43147.138,4314.7138,43.147138,0.4314713799999999
600750.SH,600750,江中药业,19980515,10.25,10.75,9.91,10.1,10.27,-0.17,-1.66,25403.0,25942.381,2594.2381,25.942381,0.25942381
600750.SH,600750,江中药业,19980518,10.09,10.26,9.87,10.24,10.1,0.14,1.39,15686.0,15761.373,1576.1373,15.761373,0.1576137299999999
600750.SH,600750,江中药业,19980519,10.0,10.35,10.0,10.19,10.24,-0.05,-0.49,11018.0,11188.569,1118.8569,11.188569,0.11188569
600750.SH,600750,江中药业,19980520,10.15,11.21,10.0,10.78,10.19,0.59,5.79,42675.0,46145.123,4614.5123,46.145123000000005,0.46145123
600750.SH,600750,江中药业,19980521,10.72,11.05,10.6,10.8,10.78,0.02,0.19,21727.0,23579.854,2357.9854,23.579854,0.23579854
600750.SH,600750,江中药业,19980522,10.94,11.0,10.71,10.81,10.8,0.01,0.09,14457.0,15691.492,1569.1492,15.691492,0.15691492
600750.SH,600750,江中药业,19980525,10.98,11.48,10.9,11.01,10.81,0.2,1.85,22766.0,25434.442,2543.4442,25.434442,0.25434442
600750.SH,600750,江中药业,19980526,11.05,12.11,11.01,11.95,11.01,0.94,8.54,44084.0,51870.695,5187.0695,51.870695,0.51870695
600750.SH,600750,江中药业,19980527,12.29,12.79,11.95,12.64,11.95,0.69,5.77,65794.0,81738.409,8173.8409,81.738409,0.81738409
600750.SH,600750,江中药业,19980528,12.64,13.8,12.58,13.37,12.64,0.73,5.78,60673.0,80405.72,8040.572,80.40572,0.8040572
600750.SH,600750,江中药业,19980529,13.46,13.65,13.14,13.6,13.37,0.23,1.72,35573.0,47441.096,4744.1096,47.441096,0.4744109599999999
600750.SH,600750,江中药业,19980601,13.98,14.44,12.98,13.09,13.6,-0.51,-3.75,32806.0,44889.448,4488.944799999999,44.889448,0.4488944799999999
600750.SH,600750,江中药业,19980602,13.0,14.1,12.51,14.0,13.09,0.91,6.95,48020.0,64452.394,6445.2394,64.452394,0.64452394
600750.SH,600750,江中药业,19980603,14.18,14.4,13.75,13.9,14.0,-0.1,-0.71,28285.0,39684.147,3968.4147,39.684147,0.39684147
600750.SH,600750,江中药业,19980604,13.8,14.0,13.5,13.55,13.9,-0.35,-2.52,15553.0,21352.893,2135.2893,21.352893,0.2135289299999999
600750.SH,600750,江中药业,19980605,13.5,13.7,13.03,13.29,13.55,-0.26,-1.92,18719.0,24904.942,2490.4942,24.904942,0.24904942
600750.SH,600750,江中药业,19980608,13.34,13.4,12.6,12.64,13.29,-0.65,-4.89,16965.0,21939.606,2193.9606,21.939606,0.2193960599999999
600750.SH,600750,江中药业,19980609,12.6,12.6,12.15,12.34,12.64,-0.3,-2.37,16876.0,20753.643,2075.3643,20.753643,0.20753643
600750.SH,600750,江中药业,19980610,12.35,12.97,12.35,12.6,12.34,0.26,2.11,17822.0,22675.27,2267.527,22.67527,0.2267527
600750.SH,600750,江中药业,19980611,12.6,13.2,12.45,12.9,12.6,0.3,2.38,10771.0,13765.178,1376.5178,13.765178,0.13765178
600750.SH,600750,江中药业,19980612,13.3,13.8,13.02,13.66,12.9,0.76,5.89,24016.0,32387.274,3238.7274,32.387274000000005,0.32387274
600750.SH,600750,江中药业,19980615,13.8,13.9,13.11,13.16,13.66,-0.5,-3.66,13822.0,18642.14,1864.214,18.64214,0.1864214
600750.SH,600750,江中药业,19980616,13.2,13.49,12.82,13.3,13.16,0.14,1.06,8355.0,10924.123,1092.4123,10.924123,0.10924123
600750.SH,600750,江中药业,19980617,13.45,13.6,12.8,13.1,13.3,-0.2,-1.5,7928.0,10566.584,1056.6584,10.566584,0.10566584
600750.SH,600750,江中药业,19980618,13.1,13.4,12.65,12.83,13.1,-0.27,-2.06,13472.0,17415.167,1741.5167,17.415167,0.17415167
600750.SH,600750,江中药业,19980619,12.88,13.0,12.59,12.72,12.83,-0.11,-0.86,14569.0,18497.89,1849.789,18.49789,0.1849788999999999
600750.SH,600750,江中药业,19980622,12.8,12.82,12.33,12.8,12.72,0.08,0.63,14556.0,18310.421,1831.0421,18.310421,0.18310421
600750.SH,600750,江中药业,19980623,12.85,13.66,12.6,13.4,12.8,0.6,4.69,21552.0,28790.995,2879.0995,28.790995,0.2879099499999999
600750.SH,600750,江中药业,19980624,13.47,13.8,13.0,13.2,13.4,-0.2,-1.49,15227.0,20573.288,2057.3288,20.573288,0.20573288
600750.SH,600750,江中药业,19980625,13.18,13.37,12.69,12.8,13.2,-0.4,-3.03,9483.0,12283.674,1228.3674,12.283674,0.12283674
600750.SH,600750,江中药业,19980626,12.84,13.35,12.75,13.14,12.8,0.34,2.66,9096.0,11927.777,1192.7777,11.927777,0.11927777
600750.SH,600750,江中药业,19980630,12.01,12.72,11.83,12.05,13.14,-1.09,-8.3,8374.0,10288.25,1028.825,10.28825,0.1028825
600750.SH,600750,江中药业,19980701,12.3,12.5,11.25,11.45,12.05,-0.6,-4.98,17401.0,20527.532,2052.7532,20.527532,0.20527532
600750.SH,600750,江中药业,19980702,11.28,11.65,11.2,11.56,11.45,0.11,0.96,5889.0,6716.487,671.6487,6.716487,0.06716487
600750.SH,600750,江中药业,19980703,11.56,11.8,11.3,11.69,11.56,0.13,1.12,5775.0,6621.367,662.1367,6.621367,0.06621367
600750.SH,600750,江中药业,19980706,11.65,11.65,11.1,11.17,11.69,-0.52,-4.45,3514.0,4000.039,400.0039,4.000039,0.04000039
600750.SH,600750,江中药业,19980707,11.15,11.15,10.63,10.73,11.17,-0.44,-3.94,9187.0,9885.335,988.5335,9.885335,0.0988533499999999
600750.SH,600750,江中药业,19980708,10.7,11.47,10.62,11.46,10.73,0.73,6.8,6093.0,6722.573,672.2573,6.722573,0.06722573
600750.SH,600750,江中药业,19980709,11.5,12.12,11.4,11.75,11.46,0.29,2.53,15339.0,18206.829,1820.6829,18.206829000000003,0.18206829
600750.SH,600750,江中药业,19980710,11.8,12.75,11.58,12.4,11.75,0.65,5.53,18336.0,22596.402,2259.6402,22.596402,0.22596402
600750.SH,600750,江中药业,19980713,12.4,12.8,12.4,12.52,12.4,0.12,0.97,12074.0,15190.683,1519.0683,15.190683000000002,0.15190683
600750.SH,600750,江中药业,19980714,12.38,12.5,12.11,12.2,12.52,-0.32,-2.56,8759.0,10791.944,1079.1944,10.791944,0.1079194399999999
600750.SH,600750,江中药业,19980715,12.15,12.59,12.05,12.4,12.2,0.2,1.64,7995.0,9917.459,991.7459,9.917459,0.09917459
600750.SH,600750,江中药业,19980716,12.35,12.68,12.27,12.53,12.4,0.13,1.05,9922.0,12442.413,1244.2413,12.442413000000002,0.12442413
600750.SH,600750,江中药业,19980717,12.6,13.2,12.6,12.72,12.53,0.19,1.52,23391.0,30267.921,3026.7921,30.267921,0.30267921
600750.SH,600750,江中药业,19980720,12.8,13.05,12.68,13.02,12.72,0.3,2.36,14855.0,19208.306,1920.8306,19.208306,0.19208306
600750.SH,600750,江中药业,19980721,13.1,13.28,12.02,12.25,13.02,-0.77,-5.91,15377.0,19412.238,1941.2238,19.412238,0.19412238
600750.SH,600750,江中药业,19980722,12.25,12.74,12.1,12.45,12.25,0.2,1.63,7007.0,8715.768,871.5768,8.715768,0.08715768
600750.SH,600750,江中药业,19980723,12.57,12.7,12.3,12.36,12.45,-0.09,-0.72,4478.0,5581.124,558.1124,5.581124,0.05581124
600750.SH,600750,江中药业,19980724,12.3,12.5,11.91,11.93,12.36,-0.43,-3.48,10652.0,12918.222,1291.8222,12.918222,0.12918222
600750.SH,600750,江中药业,19980727,11.9,12.35,11.6,12.3,11.93,0.37,3.1,9417.0,11141.601,1114.1601,11.141601,0.11141601
600750.SH,600750,江中药业,19980728,12.3,12.88,12.22,12.68,12.3,0.38,3.09,12564.0,15732.899,1573.2899,15.732899,0.15732899
600750.SH,600750,江中药业,19980729,12.68,12.84,12.18,12.3,12.68,-0.38,-3.0,4563.0,5685.776,568.5776,5.685776,0.05685776
600750.SH,600750,江中药业,19980730,12.3,12.44,12.18,12.32,12.3,0.02,0.16,3244.0,3991.003,399.1003,3.991003,0.03991003
600750.SH,600750,江中药业,19980731,12.33,13.0,12.29,12.9,12.32,0.58,4.71,19117.0,24409.639,2440.9639,24.409639,0.24409639
600750.SH,600750,江中药业,19980803,12.98,13.08,12.67,12.76,12.9,-0.14,-1.09,8270.0,10632.979,1063.2979,10.632979,0.10632979
600750.SH,600750,江中药业,19980804,12.65,12.8,12.65,12.68,12.76,-0.08,-0.63,5138.0,6542.976,654.2976,6.542976,0.0654297599999999
600750.SH,600750,江中药业,19980805,12.75,12.9,12.51,12.82,12.68,0.14,1.1,4257.0,5417.924,541.7924,5.417924,0.05417924
600750.SH,600750,江中药业,19980806,12.95,12.95,12.56,12.7,12.82,-0.12,-0.94,4493.0,5752.281,575.2281,5.752281,0.05752281
600750.SH,600750,江中药业,19980807,12.6,12.68,12.26,12.32,12.7,-0.38,-2.99,5211.0,6439.273,643.9273000000001,6.439273000000001,0.06439273
600750.SH,600750,江中药业,19980810,12.25,12.65,11.9,12.65,12.32,0.33,2.68,7375.0,9018.325,901.8325,9.018325,0.09018325
600750.SH,600750,江中药业,19980811,12.6,13.0,12.42,12.47,12.65,-0.18,-1.42,9282.0,11820.668,1182.0668,11.820668,0.11820668
600750.SH,600750,江中药业,19980812,12.31,12.7,12.08,12.28,12.47,-0.19,-1.52,7749.0,9550.431,955.0431,9.550431,0.09550431
600750.SH,600750,江中药业,19980813,12.26,12.5,12.12,12.45,12.28,0.17,1.38,4677.0,5739.923,573.9923,5.739923,0.05739923
600750.SH,600750,江中药业,19980814,12.46,12.8,12.14,12.14,12.45,-0.31,-2.49,7688.0,9612.834,961.2834,9.612834,0.0961283399999999
600750.SH,600750,江中药业,19980817,12.0,12.0,10.93,10.93,12.14,-1.21,-9.97,8016.0,9063.788,906.3788,9.063788,0.09063788
600750.SH,600750,江中药业,19980818,10.7,11.2,10.18,10.78,10.93,-0.15,-1.37,7477.0,8062.526,806.2526,8.062526,0.08062526
600750.SH,600750,江中药业,19980819,10.9,11.31,10.7,11.28,10.78,0.5,4.64,7125.0,7858.592,785.8592,7.858592,0.07858592
600750.SH,600750,江中药业,19980820,11.2,11.55,11.0,11.51,11.28,0.23,2.04,5596.0,6366.451,636.6451,6.366451,0.06366451
600750.SH,600750,江中药业,19980821,11.4,11.73,11.26,11.53,11.51,0.02,0.17,4939.0,5675.947,567.5947,5.675947,0.05675947
600750.SH,600750,江中药业,19980824,11.48,12.1,11.43,11.68,11.53,0.15,1.3,8673.0,10218.381,1021.8381,10.218381,0.1021838099999999
600750.SH,600750,江中药业,19980825,11.56,12.8,11.38,12.64,11.68,0.96,8.22,25883.0,32114.485,3211.4485,32.114485,0.32114485
600750.SH,600750,江中药业,19980826,12.64,12.92,12.4,12.5,12.64,-0.14,-1.11,14950.0,18928.109,1892.8109,18.928109,0.1892810899999999
600750.SH,600750,江中药业,19980827,12.4,12.45,12.15,12.38,12.5,-0.12,-0.96,4333.0,5322.727,532.2727,5.322727,0.0532272699999999
600750.SH,600750,江中药业,19980828,12.35,12.65,12.18,12.65,12.38,0.27,2.18,10220.0,12720.651,1272.0651,12.720651,0.12720651
600750.SH,600750,江中药业,19980831,12.6,12.78,11.71,12.65,12.65,0.0,0.0,11761.0,14495.022,1449.5022,14.495022,0.14495022
600750.SH,600750,江中药业,19980901,12.5,12.92,12.3,12.51,12.65,-0.14,-1.11,9031.0,11472.647,1147.2647000000002,11.472647000000002,0.11472647
600750.SH,600750,江中药业,19980902,12.45,12.8,12.45,12.49,12.51,-0.02,-0.16,6007.0,7576.146,757.6146,7.576146,0.07576146
600750.SH,600750,江中药业,19980903,12.59,12.64,12.33,12.55,12.49,0.06,0.48,3307.0,4121.845,412.1845,4.121845,0.04121845
600750.SH,600750,江中药业,19980904,12.68,12.98,12.58,12.88,12.55,0.33,2.63,19925.0,25527.337,2552.7337,25.527337,0.25527337
600750.SH,600750,江中药业,19980907,12.98,13.08,12.7,13.08,12.88,0.2,1.55,12789.0,16542.156,1654.2156,16.542156,0.16542156
600750.SH,600750,江中药业,19980908,13.1,13.21,12.95,12.95,13.08,-0.13,-0.99,11202.0,14645.087,1464.5087,14.645086999999998,0.1464508699999999
600750.SH,600750,江中药业,19980909,12.9,13.48,12.83,13.41,12.95,0.46,3.55,16708.0,22132.378,2213.2378,22.132378,0.22132378
600750.SH,600750,江中药业,19980910,13.3,13.73,13.24,13.44,13.41,0.03,0.22,14733.0,19824.448,1982.4448,19.824448,0.19824448
600750.SH,600750,江中药业,19980911,13.45,13.78,13.28,13.35,13.44,-0.09,-0.67,13061.0,17706.597,1770.6597000000002,17.706597000000002,0.17706597
600750.SH,600750,江中药业,19980914,13.36,13.83,13.08,13.79,13.35,0.44,3.3,22509.0,30375.221,3037.5221,30.375221,0.30375221
600750.SH,600750,江中药业,19980915,13.8,13.89,13.68,13.71,13.79,-0.08,-0.58,11316.0,15608.324,1560.8324,15.608324,0.1560832399999999
600750.SH,600750,江中药业,19980916,13.7,14.35,13.51,14.3,13.71,0.59,4.3,21303.0,30049.597,3004.9597000000003,30.049597,0.30049597
600750.SH,600750,江中药业,19980917,14.4,14.54,14.06,14.15,14.3,-0.15,-1.05,18317.0,26173.983,2617.3983,26.173983,0.26173983
600750.SH,600750,江中药业,19980918,14.15,14.28,13.5,13.52,14.15,-0.63,-4.45,14964.0,20790.572,2079.0572,20.790572,0.20790572
600750.SH,600750,江中药业,19980921,13.4,13.65,13.22,13.6,13.52,0.08,0.59,5720.0,7734.798,773.4798,7.734798,0.07734798
600750.SH,600750,江中药业,19980922,13.61,13.7,13.2,13.64,13.6,0.04,0.29,11186.0,15023.833,1502.3833,15.023833,0.15023833
600750.SH,600750,江中药业,19980923,13.6,14.25,13.6,13.9,13.64,0.26,1.91,37762.0,52965.327,5296.5327,52.965327,0.52965327
600750.SH,600750,江中药业,19980924,13.5,13.9,12.9,12.9,13.9,-1.0,-7.19,16075.0,21396.058,2139.6058000000003,21.396058000000004,0.21396058
600750.SH,600750,江中药业,19980928,13.2,13.64,13.0,13.58,12.9,0.68,5.27,13840.0,18604.714,1860.4714,18.604714,0.1860471399999999
600750.SH,600750,江中药业,19980929,13.16,13.8,13.16,13.7,13.58,0.12,0.88,11622.0,15900.39,1590.039,15.90039,0.1590039
600750.SH,600750,江中药业,19980930,13.7,13.84,13.6,13.75,13.7,0.05,0.37,8857.0,12154.155,1215.4155,12.154155,0.12154155
600750.SH,600750,江中药业,19981005,13.75,13.75,13.28,13.5,13.75,-0.25,-1.82,3890.0,5219.233,521.9233,5.219233,0.05219233
600750.SH,600750,江中药业,19981006,13.4,13.55,13.05,13.1,13.5,-0.4,-2.96,3562.0,4698.863,469.8863,4.698863,0.04698863
600750.SH,600750,江中药业,19981007,13.1,13.4,13.06,13.19,13.1,0.09,0.69,3353.0,4403.891,440.3891,4.403891,0.04403891
600750.SH,600750,江中药业,19981008,13.15,13.25,13.07,13.11,13.19,-0.08,-0.61,3003.0,3948.404,394.8404,3.948404,0.03948404
600750.SH,600750,江中药业,19981009,13.29,13.29,13.04,13.08,13.11,-0.03,-0.23,4088.0,5357.869,535.7869,5.357868999999999,0.0535786899999999
600750.SH,600750,江中药业,19981012,13.1,13.4,13.07,13.4,13.08,0.32,2.45,4053.0,5349.7,534.97,5.3497,0.053497
600750.SH,600750,江中药业,19981013,13.41,13.55,13.25,13.39,13.4,-0.01,-0.07,4403.0,5900.128,590.0128,5.900128,0.0590012799999999
600750.SH,600750,江中药业,19981014,13.38,13.39,13.0,13.09,13.39,-0.3,-2.24,3709.0,4874.595,487.4595000000001,4.874595,0.04874595
600750.SH,600750,江中药业,19981015,13.07,13.25,12.76,12.98,13.09,-0.11,-0.84,6772.0,8722.536,872.2536,8.722536,0.08722536
600750.SH,600750,江中药业,19981016,12.98,12.98,12.71,12.83,12.98,-0.15,-1.16,4492.0,5758.383,575.8383,5.758383,0.05758383
600750.SH,600750,江中药业,19981019,12.8,13.07,12.51,12.78,12.83,-0.05,-0.39,4662.0,5933.377,593.3377,5.933377,0.05933377
600750.SH,600750,江中药业,19981020,12.87,13.0,12.58,12.9,12.78,0.12,0.94,6633.0,8422.205,842.2205,8.422205,0.0842220499999999
600750.SH,600750,江中药业,19981021,13.0,13.5,12.9,12.95,12.9,0.05,0.39,11756.0,15573.876,1557.3876,15.573876,0.15573876
600750.SH,600750,江中药业,19981022,12.9,13.12,12.79,13.1,12.95,0.15,1.16,3718.0,4813.651,481.3651,4.813651,0.04813651
600750.SH,600750,江中药业,19981023,13.2,13.2,12.75,12.8,13.1,-0.3,-2.29,2447.0,3188.695,318.8695,3.188695,0.03188695
600750.SH,600750,江中药业,19981026,12.96,12.96,12.3,12.88,12.8,0.08,0.63,6276.0,7872.734,787.2734,7.872734,0.07872734
600750.SH,600750,江中药业,19981027,12.95,13.35,12.72,13.28,12.88,0.4,3.11,10337.0,13517.099,1351.7099,13.517099,0.13517099
600750.SH,600750,江中药业,19981028,13.2,13.45,13.11,13.36,13.28,0.08,0.6,6359.0,8490.925,849.0925,8.490924999999999,0.0849092499999999
600750.SH,600750,江中药业,19981029,13.4,13.5,13.2,13.24,13.36,-0.12,-0.9,5117.0,6796.737,679.6737,6.796737,0.06796737
600750.SH,600750,江中药业,19981030,13.38,14.04,13.33,13.8,13.24,0.56,4.23,68195.0,93357.734,9335.7734,93.357734,0.93357734
600750.SH,600750,江中药业,19981102,13.88,13.95,13.46,13.95,13.8,0.15,1.09,14766.0,20273.276,2027.3276,20.273276,0.2027327599999999
600750.SH,600750,江中药业,19981103,13.98,14.1,13.73,13.98,13.95,0.03,0.22,11138.0,15533.416,1553.3416,15.533416,0.15533416
600750.SH,600750,江中药业,19981104,14.05,14.15,13.75,13.99,13.98,0.01,0.07,5935.0,8231.538,823.1538,8.231538,0.08231538
600750.SH,600750,江中药业,19981105,14.03,14.03,13.71,13.77,13.99,-0.22,-1.57,6645.0,9186.113,918.6113,9.186113,0.0918611299999999
600750.SH,600750,江中药业,19981106,13.88,14.3,13.5,14.0,13.77,0.23,1.67,23527.0,32970.006,3297.0006000000003,32.970006000000005,0.3297000600000001
600750.SH,600750,江中药业,19981109,14.08,14.3,13.78,13.89,14.0,-0.11,-0.79,8935.0,12498.952,1249.8952,12.498952,0.1249895199999999
600750.SH,600750,江中药业,19981110,13.78,13.89,13.58,13.79,13.89,-0.1,-0.72,12530.0,17211.121,1721.1120999999998,17.211121,0.17211121
600750.SH,600750,江中药业,19981111,13.8,14.02,13.68,14.0,13.79,0.21,1.52,11033.0,15345.494,1534.5494,15.345494,0.15345494
600750.SH,600750,江中药业,19981112,14.05,14.05,13.75,13.8,14.0,-0.2,-1.43,8194.0,11360.822,1136.0822,11.360822,0.11360822
600750.SH,600750,江中药业,19981113,13.82,14.2,13.64,14.2,13.8,0.4,2.9,11352.0,15759.092,1575.9092,15.759092,0.15759092
600750.SH,600750,江中药业,19981116,14.29,15.16,14.29,14.8,14.2,0.6,4.23,32754.0,48636.421,4863.6421,48.636421,0.4863642099999999
600750.SH,600750,江中药业,19981117,14.9,15.1,14.6,14.98,14.8,0.18,1.22,12096.0,18020.659,1802.0659,18.020659,0.18020659
600750.SH,600750,江中药业,19981118,15.0,15.48,14.7,14.75,14.98,-0.23,-1.54,14435.0,21896.101,2189.6101,21.896101,0.2189610099999999
600750.SH,600750,江中药业,19981119,14.75,15.15,14.7,15.09,14.75,0.34,2.31,12432.0,18534.252,1853.4252,18.534252,0.18534252
600750.SH,600750,江中药业,19981120,15.15,15.47,14.95,15.02,15.09,-0.07,-0.46,8275.0,12523.539,1252.3539,12.523539,0.12523539
600750.SH,600750,江中药业,19981123,15.17,15.35,14.42,14.69,15.02,-0.33,-2.2,9341.0,13824.438,1382.4438,13.824438,0.13824438
600750.SH,600750,江中药业,19981124,14.7,14.75,14.2,14.36,14.69,-0.33,-2.25,10123.0,14573.72,1457.3719999999998,14.573719999999998,0.1457371999999999
600750.SH,600750,江中药业,19981125,14.43,14.44,14.0,14.05,14.36,-0.31,-2.16,5627.0,8002.11,800.211,8.00211,0.0800211
600750.SH,600750,江中药业,19981126,13.84,14.15,13.6,13.77,14.05,-0.28,-1.99,7792.0,10801.0,1080.1,10.800999999999998,0.1080099999999999
600750.SH,600750,江中药业,19981127,13.8,14.11,13.62,13.62,13.77,-0.15,-1.09,3904.0,5406.0,540.6,5.406000000000001,0.05406
600750.SH,600750,江中药业,19981130,13.75,14.05,13.75,14.03,13.62,0.41,3.01,3391.0,4723.0,472.3,4.723,0.04723
600750.SH,600750,江中药业,19981201,14.05,14.24,13.4,13.42,14.03,-0.61,-4.35,4396.0,6009.704,600.9703999999999,6.009703999999999,0.0600970399999999
600750.SH,600750,江中药业,19981202,13.32,13.6,13.16,13.4,13.42,-0.02,-0.15,5343.0,7165.155,716.5155,7.165155,0.07165155
600750.SH,600750,江中药业,19981203,13.45,13.45,13.21,13.37,13.4,-0.03,-0.22,3518.0,4681.113,468.1113,4.681113,0.04681113
600750.SH,600750,江中药业,19981204,13.3,13.54,13.29,13.33,13.37,-0.04,-0.3,5954.0,7985.307,798.5307,7.985307000000001,0.07985307
600750.SH,600750,江中药业,19981207,13.48,13.77,13.17,13.2,13.33,-0.13,-0.98,3167.0,4275.685,427.5685,4.275685,0.04275685
600750.SH,600750,江中药业,19981208,13.15,13.2,12.75,12.99,13.2,-0.21,-1.59,3957.0,5148.157,514.8157,5.148157,0.05148157
600750.SH,600750,江中药业,19981209,13.0,13.05,12.8,13.05,12.99,0.06,0.46,1961.0,2526.949,252.6949,2.526949,0.02526949
600750.SH,600750,江中药业,19981210,13.1,13.1,12.88,13.0,13.05,-0.05,-0.38,922.0,1193.704,119.3704,1.193704,0.01193704
600750.SH,600750,江中药业,19981211,12.95,13.1,12.8,13.1,13.0,0.1,0.77,1500.0,1934.885,193.4885,1.934885,0.01934885
600750.SH,600750,江中药业,19981214,13.0,13.0,12.7,12.79,13.1,-0.31,-2.37,1172.0,1504.013,150.4013,1.5040129999999998,0.0150401299999999
600750.SH,600750,江中药业,19981215,12.7,13.15,12.33,13.0,12.79,0.21,1.64,3570.0,4470.369,447.0369,4.470369,0.04470369
600750.SH,600750,江中药业,19981216,12.8,12.9,12.5,12.58,13.0,-0.42,-3.23,1322.0,1672.066,167.2066,1.672066,0.01672066
600750.SH,600750,江中药业,19981217,12.4,12.85,12.4,12.85,12.58,0.27,2.15,3051.0,3847.849,384.7849,3.847849,0.03847849
600750.SH,600750,江中药业,19981218,12.5,12.7,12.5,12.65,12.85,-0.2,-1.56,1350.0,1700.525,170.0525,1.700525,0.01700525
600750.SH,600750,江中药业,19981221,12.45,12.95,12.41,12.93,12.65,0.28,2.21,3596.0,4601.021,460.1021,4.601020999999999,0.0460102099999999
600750.SH,600750,江中药业,19981222,12.8,13.35,12.8,13.24,12.93,0.31,2.4,8167.0,10719.58,1071.958,10.71958,0.1071958
600750.SH,600750,江中药业,19981223,12.9,13.4,12.9,13.29,13.24,0.05,0.38,3378.0,4468.813,446.8813,4.468813,0.04468813
600750.SH,600750,江中药业,19981224,13.0,13.2,12.88,13.02,13.29,-0.27,-2.03,1036.0,1344.524,134.45239999999998,1.3445239999999998,0.0134452399999999
600750.SH,600750,江中药业,19981225,13.0,13.3,12.29,12.98,13.02,-0.04,-0.31,3865.0,5017.528,501.7528,5.017528,0.05017528
600750.SH,600750,江中药业,19981228,12.88,13.2,12.55,12.7,12.98,-0.28,-2.16,9605.0,12517.729,1251.7729,12.517729,0.12517729
600750.SH,600750,江中药业,19981229,12.51,12.7,11.43,11.47,12.7,-1.23,-9.69,8444.0,10143.568,1014.3568,10.143567999999998,0.1014356799999999
600750.SH,600750,江中药业,19981230,11.4,11.4,10.32,10.9,11.47,-0.57,-4.97,20422.0,22098.385,2209.8385,22.098385,0.2209838499999999
600750.SH,600750,江中药业,19981231,10.3,11.18,10.3,10.9,10.9,0.0,0.0,8325.0,9146.172,914.6172,9.146172,0.09146172
600750.SH,600750,江中药业,19990104,10.88,11.0,10.58,10.84,10.9,-0.06,-0.55,1525.0,1645.735,164.5735,1.645735,0.01645735
600750.SH,600750,江中药业,19990105,10.88,11.01,10.51,10.92,10.84,0.08,0.74,4126.0,4456.092,445.6092,4.456092,0.04456092
600750.SH,600750,江中药业,19990106,10.81,11.15,10.61,11.03,10.92,0.11,1.01,4553.0,4996.068,499.6068,4.996068,0.04996068
600750.SH,600750,江中药业,19990107,11.01,11.14,10.81,11.14,11.03,0.11,1.0,4416.0,4858.071,485.8071,4.858071,0.04858071
600750.SH,600750,江中药业,19990108,11.02,11.54,10.9,11.42,11.14,0.28,2.51,6127.0,6955.164,695.5164,6.955164,0.06955164
600750.SH,600750,江中药业,19990111,11.46,11.65,11.24,11.65,11.42,0.23,2.01,6771.0,7777.175,777.7175,7.777175,0.07777175
600750.SH,600750,江中药业,19990112,11.49,11.65,11.31,11.32,11.65,-0.33,-2.83,5140.0,5879.621,587.9621,5.879620999999999,0.0587962099999999
600750.SH,600750,江中药业,19990113,11.21,11.27,10.98,10.98,11.32,-0.34,-3.0,3977.0,4419.225,441.9225,4.419225,0.04419225
600750.SH,600750,江中药业,19990114,10.81,11.48,10.81,11.28,10.98,0.3,2.73,3695.0,4086.089,408.6089,4.086089,0.04086089
600750.SH,600750,江中药业,19990115,11.3,11.35,11.05,11.22,11.28,-0.06,-0.53,2474.0,2768.313,276.8313,2.768313,0.02768313
600750.SH,600750,江中药业,19990118,11.22,11.38,11.01,11.23,11.22,0.01,0.09,2657.0,2993.206,299.3206,2.9932060000000003,0.02993206
600750.SH,600750,江中药业,19990119,11.5,11.9,11.26,11.72,11.23,0.49,4.36,3789.0,4394.156,439.4156,4.394156,0.04394156
600750.SH,600750,江中药业,19990120,11.8,11.8,11.4,11.52,11.72,-0.2,-1.71,2310.0,2671.638,267.1638,2.671638,0.0267163799999999
600750.SH,600750,江中药业,19990121,11.52,11.64,11.45,11.53,11.52,0.01,0.09,1539.0,1780.363,178.0363,1.780363,0.01780363
600750.SH,600750,江中药业,19990122,11.55,11.69,11.5,11.5,11.53,-0.03,-0.26,2240.0,2600.551,260.0551,2.600551,0.02600551
600750.SH,600750,江中药业,19990125,11.45,11.78,11.2,11.3,11.5,-0.2,-1.74,1878.0,2133.606,213.36060000000003,2.1336060000000003,0.02133606
600750.SH,600750,江中药业,19990126,11.35,11.44,10.81,11.25,11.3,-0.05,-0.44,3017.0,3332.872,333.2872,3.332872,0.03332872
600750.SH,600750,江中药业,19990127,11.01,11.39,10.86,11.3,11.25,0.05,0.44,4815.0,5358.734,535.8734000000001,5.358734000000001,0.05358734
600750.SH,600750,江中药业,19990128,11.05,11.62,11.0,11.39,11.3,0.09,0.8,7659.0,8721.603,872.1602999999999,8.721602999999998,0.0872160299999999
600750.SH,600750,江中药业,19990129,11.55,11.72,11.15,11.42,11.39,0.03,0.26,2268.0,2596.951,259.6951,2.596951,0.02596951
600750.SH,600750,江中药业,19990201,11.18,11.31,11.11,11.15,11.42,-0.27,-2.36,781.0,874.441,87.4441,0.874441,0.00874441
600750.SH,600750,江中药业,19990202,11.15,11.17,10.9,11.0,11.15,-0.15,-1.35,921.0,1011.52,101.152,1.01152,0.0101152
600750.SH,600750,江中药业,19990203,10.95,11.18,10.65,11.14,11.0,0.14,1.27,5524.0,5987.853,598.7853,5.987853,0.05987853
600750.SH,600750,江中药业,19990204,11.1,11.2,10.5,11.12,11.14,-0.02,-0.18,3303.0,3650.895,365.0895,3.650895,0.03650895
600750.SH,600750,江中药业,19990205,11.18,11.18,10.94,11.1,11.12,-0.02,-0.18,2034.0,2244.841,224.4841,2.244841,0.0224484099999999
600750.SH,600750,江中药业,19990208,10.6,11.05,10.6,11.05,11.1,-0.05,-0.45,1692.0,1852.0,185.2,1.852,0.01852
600750.SH,600750,江中药业,19990209,11.0,11.4,10.94,11.38,11.05,0.33,2.99,3388.0,3785.64,378.564,3.78564,0.0378563999999999
600750.SH,600750,江中药业,19990301,11.39,11.39,11.2,11.3,11.38,-0.08,-0.7,752.0,849.123,84.9123,0.8491230000000001,0.00849123
600750.SH,600750,江中药业,19990302,11.26,11.82,11.26,11.72,11.3,0.42,3.72,3767.0,4386.273,438.6273,4.386273,0.04386273
600750.SH,600750,江中药业,19990303,11.78,12.5,11.78,12.5,11.72,0.78,6.66,7813.0,9545.268,954.5268,9.545268,0.09545268
600750.SH,600750,江中药业,19990304,12.52,12.6,12.1,12.35,12.5,-0.15,-1.2,5169.0,6388.262,638.8262,6.388262,0.06388262
600750.SH,600750,江中药业,19990305,12.38,12.39,12.07,12.37,12.35,0.02,0.16,3961.0,4841.495,484.1495,4.841495,0.04841495
600750.SH,600750,江中药业,19990308,12.37,12.58,12.1,12.5,12.37,0.13,1.05,2616.0,3222.08,322.208,3.22208,0.0322207999999999
600750.SH,600750,江中药业,19990309,12.5,12.5,12.2,12.3,12.5,-0.2,-1.6,1941.0,2400.872,240.0872,2.400872,0.02400872
600750.SH,600750,江中药业,19990310,12.35,12.5,12.11,12.35,12.3,0.05,0.41,2325.0,2850.476,285.0476,2.850476,0.02850476
600750.SH,600750,江中药业,19990311,12.5,13.1,12.3,12.84,12.35,0.49,3.97,8935.0,11324.859,1132.4859,11.324859000000002,0.11324859
600750.SH,600750,江中药业,19990312,13.05,13.09,12.6,12.8,12.84,-0.04,-0.31,2532.0,3235.596,323.5596,3.235596,0.0323559599999999
600750.SH,600750,江中药业,19990315,12.85,12.85,12.4,12.68,12.8,-0.12,-0.94,1700.0,2136.004,213.6004,2.136004,0.0213600399999999
600750.SH,600750,江中药业,19990316,12.68,12.75,12.4,12.69,12.68,0.01,0.08,3657.0,4594.134,459.4134,4.594134,0.04594134
600750.SH,600750,江中药业,19990317,12.65,12.87,12.29,12.39,12.69,-0.3,-2.36,4308.0,5465.122,546.5122,5.465122,0.05465122
600750.SH,600750,江中药业,19990318,12.23,12.48,12.18,12.37,12.39,-0.02,-0.16,5546.0,6843.051,684.3051,6.843051,0.06843051
600750.SH,600750,江中药业,19990319,12.2,13.2,12.2,13.2,12.37,0.83,6.71,28457.0,36419.197,3641.9197,36.419197,0.36419197
600750.SH,600750,江中药业,19990322,13.23,13.5,13.0,13.49,13.2,0.29,2.2,25882.0,34306.009,3430.6009,34.306009,0.34306009
600750.SH,600750,江中药业,19990323,13.45,13.65,13.27,13.6,13.49,0.11,0.82,14080.0,19100.461,1910.0461,19.100461,0.19100461
600750.SH,600750,江中药业,19990324,13.55,13.6,13.35,13.52,13.6,-0.08,-0.59,4820.0,6501.54,650.154,6.50154,0.0650154
600750.SH,600750,江中药业,19990325,13.5,13.7,13.06,13.62,13.52,0.1,0.74,39318.0,52851.35,5285.135,52.85135,0.5285135000000001
600750.SH,600750,江中药业,19990326,13.7,13.78,13.42,13.6,13.62,-0.02,-0.15,16843.0,22989.897,2298.9897,22.989897,0.2298989699999999
600750.SH,600750,江中药业,19990329,13.51,13.58,13.21,13.3,13.6,-0.3,-2.21,5237.0,7003.944,700.3944,7.003944000000001,0.07003944
600750.SH,600750,江中药业,19990330,13.3,13.43,13.15,13.25,13.3,-0.05,-0.38,1947.0,2583.831,258.3831,2.583831,0.02583831
600750.SH,600750,江中药业,19990331,13.24,13.4,13.01,13.29,13.25,0.04,0.3,6115.0,8087.542,808.7542000000001,8.087542000000001,0.08087542
600750.SH,600750,江中药业,19990401,13.29,13.33,12.92,13.14,13.29,-0.15,-1.13,6135.0,8068.029,806.8029,8.068029000000001,0.08068029
600750.SH,600750,江中药业,19990402,13.1,13.28,12.75,13.28,13.14,0.14,1.07,5285.0,6859.094,685.9094,6.859094,0.06859094
600750.SH,600750,江中药业,19990405,13.25,13.4,13.0,13.35,13.28,0.07,0.53,2574.0,3399.088,339.90880000000004,3.3990880000000003,0.03399088
600750.SH,600750,江中药业,19990406,13.28,13.6,13.1,13.56,13.35,0.21,1.57,13509.0,18135.021,1813.5021,18.135021,0.18135021
600750.SH,600750,江中药业,19990407,13.61,13.62,13.26,13.58,13.56,0.02,0.15,13474.0,18166.271,1816.6271,18.166271,0.18166271
600750.SH,600750,江中药业,19990408,13.48,13.84,13.48,13.71,13.58,0.13,0.96,20557.0,28224.624,2822.4624,28.224624,0.28224624
600750.SH,600750,江中药业,19990409,13.8,13.9,13.53,13.68,13.71,-0.03,-0.22,13296.0,18224.763,1822.4763,18.224763,0.18224763
600750.SH,600750,江中药业,19990412,13.5,14.1,13.32,14.1,13.68,0.42,3.07,48880.0,66740.272,6674.0272,66.74027199999999,0.6674027199999999
600750.SH,600750,江中药业,19990413,14.1,14.2,13.85,14.03,14.1,-0.07,-0.5,23404.0,32871.646,3287.1646,32.871646,0.32871646
600750.SH,600750,江中药业,19990414,14.05,14.1,13.88,13.95,14.03,-0.08,-0.57,4123.0,5760.147,576.0147,5.760147,0.05760147
600750.SH,600750,江中药业,19990415,13.97,14.1,13.7,13.95,13.95,0.0,0.0,7759.0,10735.972,1073.5972,10.735972,0.1073597199999999
600750.SH,600750,江中药业,19990416,13.88,13.9,13.5,13.63,13.95,-0.32,-2.29,3870.0,5288.727,528.8727,5.288727,0.05288727
600750.SH,600750,江中药业,19990419,13.6,13.89,13.37,13.89,13.63,0.26,1.91,7048.0,9538.946,953.8946,9.538946,0.09538946
600750.SH,600750,江中药业,19990420,13.76,14.15,13.6,14.15,13.89,0.26,1.87,5958.0,8326.702,832.6701999999999,8.326702,0.08326702
600750.SH,600750,江中药业,19990421,14.0,14.21,13.91,14.1,14.15,-0.05,-0.35,17313.0,24435.481,2443.5481,24.435481,0.24435481
600750.SH,600750,江中药业,19990426,14.15,14.3,13.8,13.8,14.1,-0.3,-2.13,15500.0,21793.329,2179.3329000000003,21.793329000000004,0.21793329
600750.SH,600750,江中药业,19990427,13.7,13.75,13.1,13.3,13.8,-0.5,-3.62,5151.0,6914.584,691.4584,6.914584,0.06914584
600750.SH,600750,江中药业,19990428,13.31,13.6,12.9,13.3,13.3,0.0,0.0,2767.0,3680.413,368.0413,3.680413,0.03680413
600750.SH,600750,江中药业,19990429,13.29,13.3,13.06,13.18,13.3,-0.12,-0.9,1960.0,2579.08,257.908,2.5790800000000003,0.0257908
600750.SH,600750,江中药业,19990430,13.2,14.0,13.2,13.38,13.18,0.2,1.52,1246.0,1693.099,169.3099,1.693099,0.01693099
600750.SH,600750,江中药业,19990504,13.3,13.35,13.0,13.25,13.38,-0.13,-0.97,457.0,601.929,60.1929,0.6019289999999999,0.0060192899999999
600750.SH,600750,江中药业,19990505,13.5,13.51,13.2,13.2,13.25,-0.05,-0.38,880.0,1174.038,117.4038,1.174038,0.01174038
600750.SH,600750,江中药业,19990506,13.1,13.35,13.0,13.02,13.2,-0.18,-1.36,2291.0,3002.723,300.2723,3.002723,0.0300272299999999
600750.SH,600750,江中药业,19990507,13.1,13.38,13.08,13.08,13.02,0.06,0.46,1853.0,2441.404,244.1404,2.441404,0.0244140399999999
600750.SH,600750,江中药业,19990510,13.06,13.06,12.5,12.75,13.08,-0.33,-2.52,3256.0,4128.977,412.8977,4.128977,0.0412897699999999
600750.SH,600750,江中药业,19990511,12.7,13.13,12.6,13.13,12.75,0.38,2.98,3715.0,4762.164,476.2164,4.762163999999999,0.0476216399999999
600750.SH,600750,江中药业,19990512,13.38,13.38,12.96,13.25,13.13,0.12,0.91,1567.0,2056.827,205.6827,2.056827,0.02056827
600750.SH,600750,江中药业,19990513,13.48,13.48,12.9,13.26,13.25,0.01,0.08,3284.0,4359.395,435.93950000000007,4.359395000000001,0.04359395
600750.SH,600750,江中药业,19990514,13.1,13.13,12.7,13.13,13.26,-0.13,-0.98,1684.0,2176.607,217.6607,2.176607,0.02176607
600750.SH,600750,江中药业,19990517,12.7,12.94,12.5,12.93,13.13,-0.2,-1.52,458.0,587.801,58.7801,0.587801,0.00587801
600750.SH,600750,江中药业,19990518,12.71,12.89,12.48,12.66,12.93,-0.27,-2.09,1299.0,1645.825,164.5825,1.645825,0.01645825
600750.SH,600750,江中药业,19990519,13.35,13.65,12.8,13.58,12.66,0.92,7.27,7725.0,10313.134,1031.3134,10.313134,0.10313134
600750.SH,600750,江中药业,19990520,13.6,14.15,13.5,14.15,13.58,0.57,4.2,22325.0,30748.416,3074.8416,30.748416,0.30748416
600750.SH,600750,江中药业,19990521,14.18,14.26,13.9,14.25,14.15,0.1,0.71,22377.0,31748.266,3174.8266,31.748266,0.3174826599999999
600750.SH,600750,江中药业,19990524,14.28,14.98,13.98,14.98,14.25,0.73,5.12,34414.0,49852.928,4985.2928,49.852928,0.4985292799999999
600750.SH,600750,江中药业,19990525,15.0,15.12,14.51,14.51,14.98,-0.47,-3.14,9445.0,13998.469,1399.8469,13.998469,0.13998469
600750.SH,600750,江中药业,19990526,14.45,14.96,14.12,14.7,14.51,0.19,1.31,7960.0,11636.188,1163.6188,11.636188,0.1163618799999999
600750.SH,600750,江中药业,19990527,14.5,16.17,14.02,16.17,14.7,1.47,10.0,110843.0,163625.214,16362.5214,163.62521400000003,1.6362521400000003
600750.SH,600750,江中药业,19990528,16.3,16.86,16.0,16.82,16.17,0.65,4.02,34080.0,56355.788,5635.5788,56.355788,0.5635578800000001
600750.SH,600750,江中药业,19990531,16.85,16.85,15.2,15.95,16.82,-0.87,-5.17,18311.0,29323.744,2932.3744,29.323744,0.2932374399999999
600750.SH,600750,江中药业,19990601,16.0,16.47,15.9,16.28,15.95,0.33,2.07,12155.0,19743.807,1974.3807,19.743807,0.19743807
600750.SH,600750,江中药业,19990602,16.35,16.5,15.76,16.18,16.28,-0.1,-0.61,8310.0,13298.148,1329.8148,13.298148,0.1329814799999999
600750.SH,600750,江中药业,19990603,16.18,16.18,15.25,15.25,16.18,-0.93,-5.75,11191.0,17451.206,1745.1205999999995,17.451206,0.17451206
600750.SH,600750,江中药业,19990604,15.3,15.39,14.88,14.9,15.25,-0.35,-2.3,5478.0,8229.755,822.9754999999999,8.229754999999999,0.08229755
600750.SH,600750,江中药业,19990607,14.96,15.97,14.5,15.66,14.9,0.76,5.1,5058.0,7794.879,779.4879,7.794879,0.07794879
600750.SH,600750,江中药业,19990608,15.88,16.0,15.3,15.32,15.66,-0.34,-2.17,4281.0,6621.812,662.1812,6.621812,0.06621812
600750.SH,600750,江中药业,19990609,15.4,16.0,15.32,16.0,15.32,0.68,4.44,12977.0,20459.478,2045.9478,20.459478,0.20459478
600750.SH,600750,江中药业,19990610,16.0,16.75,16.0,16.38,16.0,0.38,2.38,15899.0,26142.003,2614.2003,26.142003,0.2614200299999999
600750.SH,600750,江中药业,19990611,16.38,16.64,16.01,16.33,16.38,-0.05,-0.31,8319.0,13670.234,1367.0234,13.670234,0.13670234
600750.SH,600750,江中药业,19990614,16.3,16.8,15.8,16.78,16.33,0.45,2.76,11731.0,19367.717,1936.7717,19.367717,0.1936771699999999
600750.SH,600750,江中药业,19990615,16.77,17.95,16.77,17.58,16.78,0.8,4.77,34683.0,60721.473,6072.1473,60.721473,0.6072147299999999
600750.SH,600750,江中药业,19990616,17.5,19.34,17.5,19.34,17.58,1.76,10.01,36399.0,68520.241,6852.0241,68.520241,0.68520241
600750.SH,600750,江中药业,19990617,19.04,19.6,19.01,19.59,19.34,0.25,1.29,32856.0,63366.73,6336.673000000001,63.36673,0.6336673
600750.SH,600750,江中药业,19990618,19.7,20.2,19.02,20.19,19.59,0.6,3.06,33834.0,67264.492,6726.4492,67.264492,0.6726449200000001
600750.SH,600750,江中药业,19990621,20.08,20.08,19.22,19.59,20.19,-0.6,-2.97,8610.0,16817.943,1681.7943,16.817943,0.16817943
600750.SH,600750,江中药业,19990622,19.5,19.6,18.5,18.88,19.59,-0.71,-3.62,9740.0,18316.98,1831.698,18.31698,0.1831697999999999
600750.SH,600750,江中药业,19990623,18.8,19.4,18.5,18.7,18.88,-0.18,-0.95,5600.0,10545.721,1054.5721,10.545721,0.1054572099999999
600750.SH,600750,江中药业,19990624,18.85,19.8,18.18,19.2,18.7,0.5,2.67,14363.0,27342.96,2734.296,27.34296,0.2734296
600750.SH,600750,江中药业,19990625,19.3,19.3,17.8,18.65,19.2,-0.55,-2.86,17558.0,32333.591,3233.3591,32.333591,0.32333591
600750.SH,600750,江中药业,19990628,18.5,20.52,18.5,20.52,18.65,1.87,10.03,74761.0,145062.804,14506.2804,145.062804,1.45062804
600750.SH,600750,江中药业,19990629,21.03,21.39,18.89,21.0,20.52,0.48,2.34,26020.0,51493.389,5149.338900000001,51.49338900000001,0.5149338900000001
600750.SH,600750,江中药业,19990630,20.5,20.5,19.3,19.98,21.0,-1.02,-4.86,11476.0,22639.198,2263.9198,22.639198,0.22639198
600750.SH,600750,江中药业,19990701,19.79,19.79,17.98,18.68,19.98,-1.3,-6.51,7611.0,13903.4,1390.34,13.9034,0.139034
600750.SH,600750,江中药业,19990702,19.06,19.48,18.01,19.4,18.68,0.72,3.85,22729.0,43055.396,4305.5396,43.055396,0.43055396
600750.SH,600750,江中药业,19990705,19.3,19.65,18.57,19.26,19.4,-0.14,-0.72,5136.0,9924.759,992.4759,9.924759,0.09924759
600750.SH,600750,江中药业,19990706,19.26,19.65,19.15,19.3,19.26,0.04,0.21,5601.0,10864.928,1086.4928,10.864928,0.1086492799999999
600750.SH,600750,江中药业,19990707,19.05,19.51,18.7,19.39,19.3,0.09,0.47,3052.0,5839.634,583.9634,5.839634,0.05839634
600750.SH,600750,江中药业,19990708,19.45,19.45,19.01,19.39,19.39,0.0,0.0,3915.0,7550.341,755.0341000000001,7.550341,0.07550341
600750.SH,600750,江中药业,19990709,19.49,19.49,18.6,18.9,19.39,-0.49,-2.53,3537.0,6681.667,668.1667,6.681667,0.06681667
600750.SH,600750,江中药业,19990712,19.0,19.3,18.8,19.1,18.9,0.2,1.06,4127.0,7850.704,785.0704,7.850703999999999,0.07850704
600750.SH,600750,江中药业,19990713,19.1,19.1,18.3,18.98,19.1,-0.12,-0.63,2394.0,4457.089,445.7089,4.457089,0.04457089
600750.SH,600750,江中药业,19990714,18.79,19.1,18.5,19.09,18.98,0.11,0.58,2186.0,4094.59,409.459,4.09459,0.0409459
600750.SH,600750,江中药业,19990715,19.12,19.25,18.6,18.96,19.09,-0.13,-0.68,1971.0,3736.667,373.6667,3.736667,0.03736667
600750.SH,600750,江中药业,19990716,18.8,20.57,18.71,20.25,18.96,1.29,6.8,30153.0,59168.868,5916.8868,59.168868,0.5916886800000001
600750.SH,600750,江中药业,19990719,20.0,20.68,19.5,20.08,20.25,-0.17,-0.84,27896.7,55542.071,5554.2071000000005,55.54207100000001,0.55542071
600750.SH,600750,江中药业,19990720,20.0,21.69,19.7,21.69,20.08,1.61,8.02,22861.0,47499.0,4749.9,47.499,0.4749899999999999
600750.SH,600750,江中药业,19990721,22.0,22.32,21.1,22.0,21.69,0.31,1.43,24608.0,53996.277,5399.6277,53.996277,0.53996277
600750.SH,600750,江中药业,19990722,21.5,21.5,20.0,20.59,22.0,-1.41,-6.41,4137.0,8637.942,863.7941999999999,8.637941999999999,0.0863794199999999
600750.SH,600750,江中药业,19990723,20.28,21.1,20.02,20.4,20.59,-0.19,-0.92,2831.0,5817.016,581.7016,5.817016,0.05817016
600750.SH,600750,江中药业,19990726,20.03,20.7,19.93,20.6,20.4,0.2,0.98,12775.0,26148.431,2614.8431,26.148431,0.26148431
600750.SH,600750,江中药业,19990727,20.28,20.4,19.81,20.3,20.6,-0.3,-1.46,1512.0,3030.935,303.0935,3.030935,0.03030935
600750.SH,600750,江中药业,19990728,20.2,20.2,19.6,19.67,20.3,-0.63,-3.1,1630.0,3226.787,322.6787,3.226787,0.03226787
600750.SH,600750,江中药业,19990729,19.5,20.16,19.09,19.5,19.67,-0.17,-0.86,1719.0,3317.227,331.7227,3.317227,0.03317227
600750.SH,600750,江中药业,19990730,19.35,19.6,19.03,19.04,19.5,-0.46,-2.36,970.0,1867.12,186.712,1.86712,0.0186712
600750.SH,600750,江中药业,19990802,19.04,20.9,19.04,20.89,19.04,1.85,9.72,18203.0,36740.52,3674.052,36.74052,0.3674052
600750.SH,600750,江中药业,19990803,20.98,21.18,19.8,19.91,20.89,-0.98,-4.69,1883.0,3838.756,383.8756,3.838756,0.0383875599999999
600750.SH,600750,江中药业,19990804,20.18,20.22,19.45,19.92,19.91,0.01,0.05,913.0,1818.959,181.8959,1.818959,0.01818959
600750.SH,600750,江中药业,19990805,20.0,20.0,19.4,19.8,19.92,-0.12,-0.6,1451.0,2851.113,285.1113,2.851113,0.02851113
600750.SH,600750,江中药业,19990806,19.8,20.0,19.3,19.99,19.8,0.19,0.96,2177.0,4307.55,430.755,4.30755,0.0430755
600750.SH,600750,江中药业,19990809,20.0,20.8,19.3,20.28,19.99,0.29,1.45,18439.0,37568.419,3756.8419,37.568419000000006,0.3756841900000001
600750.SH,600750,江中药业,19990810,20.38,20.4,19.51,20.4,20.28,0.12,0.59,3548.0,7127.161,712.7161,7.127161,0.07127161
600750.SH,600750,江中药业,19990811,20.05,20.25,19.65,20.2,20.4,-0.2,-0.98,1921.0,3865.593,386.5593,3.865593,0.03865593
600750.SH,600750,江中药业,19990812,20.1,20.28,19.81,20.25,20.2,0.05,0.25,1316.0,2636.621,263.6621,2.636621,0.0263662099999999
600750.SH,600750,江中药业,19990813,20.3,21.17,20.3,20.43,20.25,0.18,0.89,27344.0,56637.129,5663.7129,56.637129,0.56637129
600750.SH,600750,江中药业,19990816,20.2,20.2,19.7,20.0,20.43,-0.43,-2.1,3260.0,6505.68,650.568,6.50568,0.0650568
600750.SH,600750,江中药业,19990817,19.8,20.0,19.4,19.5,20.0,-0.5,-2.5,2225.0,4361.017,436.1017,4.361017,0.04361017
600750.SH,600750,江中药业,19990818,19.49,19.5,17.6,18.0,19.5,-1.5,-7.69,9958.0,18300.322,1830.0322,18.300322,0.18300322
600750.SH,600750,江中药业,19990819,18.0,18.0,17.06,17.9,18.0,-0.1,-0.56,17015.0,29634.292,2963.4292,29.634292,0.29634292
600750.SH,600750,江中药业,19990820,18.37,18.49,17.31,17.6,17.9,-0.3,-1.68,8729.0,15554.0,1555.4,15.554,0.15554
600750.SH,600750,江中药业,19990823,17.38,17.5,17.06,17.39,17.6,-0.21,-1.19,5719.0,9857.28,985.728,9.85728,0.0985728
600750.SH,600750,江中药业,19990824,17.38,17.65,17.38,17.53,17.39,0.14,0.81,3597.0,6308.115,630.8115,6.308115,0.06308115
600750.SH,600750,江中药业,19990825,17.51,17.6,17.1,17.24,17.53,-0.29,-1.65,3998.0,6910.89,691.089,6.91089,0.0691089
600750.SH,600750,江中药业,19990826,17.24,17.28,16.78,16.85,17.24,-0.39,-2.26,5945.0,10054.802,1005.4802,10.054802,0.10054802
600750.SH,600750,江中药业,19990827,16.93,17.28,16.9,17.1,16.85,0.25,1.48,3505.0,5968.484,596.8484000000001,5.968484000000001,0.05968484
600750.SH,600750,江中药业,19990830,17.05,17.1,16.6,16.78,17.1,-0.32,-1.87,3394.0,5700.623,570.0622999999999,5.700622999999999,0.0570062299999999
600750.SH,600750,江中药业,19990831,16.8,16.9,16.4,16.87,16.78,0.09,0.54,7021.0,11637.0,1163.7,11.637,0.11637
600750.SH,600750,江中药业,19990901,16.92,16.95,16.58,16.58,16.87,-0.29,-1.72,2839.0,4733.863,473.3863,4.733863,0.04733863
600750.SH,600750,江中药业,19990902,16.68,16.8,16.3,16.8,16.58,0.22,1.33,6346.0,10493.507,1049.3507,10.493507,0.1049350699999999
600750.SH,600750,江中药业,19990903,16.82,16.82,16.51,16.62,16.8,-0.18,-1.07,1256.0,2092.031,209.2031,2.092031,0.02092031
600750.SH,600750,江中药业,19990906,16.4,16.5,16.08,16.11,16.62,-0.51,-3.07,1041.0,1682.96,168.296,1.68296,0.0168296
600750.SH,600750,江中药业,19990907,16.15,16.25,15.68,15.75,16.11,-0.36,-2.23,3115.0,4950.235,495.0235,4.950234999999999,0.0495023499999999
600750.SH,600750,江中药业,19990908,15.65,16.13,15.58,16.13,15.75,0.38,2.41,3923.0,6233.943,623.3943,6.233943,0.06233943
600750.SH,600750,江中药业,19990909,16.18,16.93,16.18,16.83,16.13,0.7,4.34,11073.0,18402.517,1840.2517,18.402517,0.18402517
600750.SH,600750,江中药业,19990910,16.85,16.9,16.05,16.68,16.83,-0.15,-0.89,12079.0,19816.636,1981.6636,19.816636,0.1981663599999999
600750.SH,600750,江中药业,19990913,16.6,16.99,16.05,16.68,16.68,0.0,0.0,7537.0,12433.086,1243.3085999999998,12.433085999999998,0.1243308599999999
600750.SH,600750,江中药业,19990914,16.55,17.03,16.15,16.6,16.68,-0.08,-0.48,10790.0,17813.055,1781.3055,17.813055,0.17813055
600750.SH,600750,江中药业,19990915,16.5,16.52,16.17,16.2,16.6,-0.4,-2.41,4666.0,7577.927,757.7927,7.577927,0.07577927
600750.SH,600750,江中药业,19990916,16.4,16.8,16.03,16.4,16.2,0.2,1.23,7113.0,11750.53,1175.053,11.75053,0.1175053
600750.SH,600750,江中药业,19990917,16.2,16.45,16.0,16.08,16.4,-0.32,-1.95,4069.0,6560.8,656.08,6.5608,0.065608
600750.SH,600750,江中药业,19990920,16.25,16.59,15.7,16.0,16.08,-0.08,-0.5,4041.0,6440.058,644.0058,6.4400580000000005,0.06440058
600750.SH,600750,江中药业,19990921,15.78,16.0,15.75,15.85,16.0,-0.15,-0.94,1603.0,2535.318,253.53180000000003,2.535318,0.02535318
600750.SH,600750,江中药业,19990922,15.85,16.38,15.7,15.83,15.85,-0.02,-0.13,2723.0,4324.0,432.4,4.324,0.04324
600750.SH,600750,江中药业,19990923,15.8,15.99,15.6,15.8,15.83,-0.03,-0.19,1628.0,2563.632,256.3632,2.563632,0.02563632
600750.SH,600750,江中药业,19990924,15.8,15.99,15.6,15.81,15.8,0.01,0.06,1881.0,2955.119,295.5119,2.9551190000000003,0.02955119
600750.SH,600750,江中药业,19990927,15.7,15.8,15.4,15.4,15.81,-0.41,-2.59,1581.0,2461.125,246.1125,2.461125,0.02461125
600750.SH,600750,江中药业,19990928,15.4,15.99,15.1,15.99,15.4,0.59,3.83,4620.0,7202.275,720.2275,7.202274999999999,0.07202275
600750.SH,600750,江中药业,19990929,15.6,15.65,14.8,14.95,15.99,-1.04,-6.5,11375.5,17185.738,1718.5738,17.185738,0.17185738
600750.SH,600750,江中药业,19990930,14.0,15.16,13.88,14.89,13.81,1.08,7.82,24351.0,34886.0,3488.6,34.886,0.3488599999999999
600750.SH,600750,江中药业,19991008,14.3,14.57,13.85,13.86,14.89,-1.03,-6.92,3221.0,4547.912,454.7912,4.547912,0.04547912
600750.SH,600750,江中药业,19991011,14.0,14.0,13.41,13.56,13.86,-0.3,-2.16,1559.0,2113.35,211.335,2.11335,0.0211334999999999
600750.SH,600750,江中药业,19991012,13.75,13.75,13.4,13.5,13.56,-0.06,-0.44,1511.0,2037.854,203.7854,2.0378540000000003,0.02037854
600750.SH,600750,江中药业,19991013,13.6,13.65,13.2,13.24,13.5,-0.26,-1.93,1527.0,2049.133,204.9133,2.049133,0.02049133
600750.SH,600750,江中药业,19991014,13.25,13.44,12.61,13.43,13.24,0.19,1.44,4170.0,5467.602,546.7601999999999,5.467601999999999,0.0546760199999999
600750.SH,600750,江中药业,19991015,13.41,13.82,13.41,13.68,13.43,0.25,1.86,3027.0,4123.346,412.3346,4.123346,0.04123346
600750.SH,600750,江中药业,19991018,13.6,13.8,13.3,13.33,13.68,-0.35,-2.56,2722.0,3698.561,369.8561,3.698561,0.03698561
600750.SH,600750,江中药业,19991019,13.18,13.18,12.8,12.8,13.33,-0.53,-3.98,2666.0,3448.617,344.86170000000004,3.4486170000000005,0.03448617
600750.SH,600750,江中药业,19991020,12.82,13.18,12.7,12.98,12.8,0.18,1.41,3445.0,4469.371,446.9371,4.469371,0.04469371
600750.SH,600750,江中药业,19991021,12.78,13.6,12.78,13.5,12.98,0.52,4.01,4070.0,5447.836,544.7836,5.447836,0.0544783599999999
600750.SH,600750,江中药业,19991022,13.52,14.07,13.51,13.8,13.5,0.3,2.22,5633.0,7774.595,777.4595,7.774595000000001,0.07774595
600750.SH,600750,江中药业,19991025,13.88,14.58,13.8,14.28,13.8,0.48,3.48,11537.0,16373.095,1637.3094999999998,16.373095,0.16373095
600750.SH,600750,江中药业,19991026,14.28,14.55,14.08,14.2,14.28,-0.08,-0.56,5497.0,7848.024,784.8024,7.848024,0.07848024
600750.SH,600750,江中药业,19991027,14.41,14.55,14.2,14.49,14.2,0.29,2.04,5742.0,8234.334,823.4334000000001,8.234334,0.08234334
600750.SH,600750,江中药业,19991028,14.5,14.53,13.85,13.95,14.49,-0.54,-3.73,3743.0,5272.2,527.22,5.272200000000001,0.052722
600750.SH,600750,江中药业,19991029,14.03,14.08,13.78,13.86,13.95,-0.09,-0.65,1673.0,2325.677,232.5677,2.325677,0.02325677
600750.SH,600750,江中药业,19991101,13.86,14.58,13.33,14.31,13.86,0.45,3.25,9096.0,12851.62,1285.162,12.85162,0.1285162
600750.SH,600750,江中药业,19991102,13.86,13.99,13.4,13.79,14.31,-0.52,-3.63,2779.0,3831.882,383.1882,3.831882,0.0383188199999999
600750.SH,600750,江中药业,19991103,13.79,13.79,13.38,13.39,13.79,-0.4,-2.9,1989.0,2680.241,268.0241,2.680241,0.0268024099999999
600750.SH,600750,江中药业,19991104,13.39,13.65,13.36,13.64,13.39,0.25,1.87,1204.0,1629.459,162.9459,1.629459,0.01629459
600750.SH,600750,江中药业,19991105,13.6,13.8,13.5,13.52,13.64,-0.12,-0.88,678.0,919.561,91.9561,0.919561,0.00919561
600750.SH,600750,江中药业,19991108,13.36,13.63,13.35,13.54,13.52,0.02,0.15,895.0,1205.795,120.5795,1.2057950000000002,0.01205795
600750.SH,600750,江中药业,19991109,13.59,13.59,13.21,13.43,13.54,-0.11,-0.81,1364.0,1823.719,182.3719,1.823719,0.01823719
600750.SH,600750,江中药业,19991110,13.43,13.43,13.02,13.22,13.43,-0.21,-1.56,849.0,1121.378,112.1378,1.121378,0.01121378
600750.SH,600750,江中药业,19991111,13.3,13.87,13.3,13.73,13.22,0.51,3.86,15905.0,21745.251,2174.5251,21.745251,0.21745251
600750.SH,600750,江中药业,19991112,13.75,14.09,13.62,13.92,13.73,0.19,1.38,4756.0,6617.959,661.7959,6.617959,0.06617959
600750.SH,600750,江中药业,19991115,13.98,14.09,13.86,14.01,13.92,0.09,0.65,5895.0,8265.396,826.5396000000001,8.265396,0.08265396
600750.SH,600750,江中药业,19991116,14.08,14.18,13.52,13.58,14.01,-0.43,-3.07,3697.0,5141.178,514.1178,5.141178,0.05141178
600750.SH,600750,江中药业,19991117,13.32,13.73,13.32,13.7,13.58,0.12,0.88,2548.0,3459.614,345.9614,3.459614,0.03459614
600750.SH,600750,江中药业,19991119,13.92,14.12,13.75,13.77,13.7,0.07,0.51,3312.0,4591.264,459.1264,4.591264,0.04591264
600750.SH,600750,江中药业,19991122,13.8,14.15,13.7,14.1,13.77,0.33,2.4,7731.0,10843.775,1084.3775,10.843775,0.10843775
600750.SH,600750,江中药业,19991123,14.12,14.15,13.72,13.8,14.1,-0.3,-2.13,3363.0,4695.564,469.55640000000005,4.695564000000001,0.04695564
600750.SH,600750,江中药业,19991124,13.8,13.94,13.7,13.78,13.8,-0.02,-0.14,1811.0,2507.273,250.7273,2.507273,0.02507273
600750.SH,600750,江中药业,19991125,13.65,13.75,13.4,13.48,13.78,-0.3,-2.18,1561.0,2110.483,211.0483,2.1104830000000003,0.02110483
600750.SH,600750,江中药业,19991126,13.5,13.67,13.4,13.5,13.48,0.02,0.15,1363.0,1840.422,184.0422,1.840422,0.01840422
600750.SH,600750,江中药业,19991129,13.5,13.5,13.28,13.28,13.5,-0.22,-1.63,1807.0,2417.228,241.7228,2.417228,0.02417228
600750.SH,600750,江中药业,19991130,13.26,13.6,13.26,13.38,13.28,0.1,0.75,1057.0,1414.326,141.4326,1.414326,0.01414326
600750.SH,600750,江中药业,19991201,13.4,13.75,13.35,13.73,13.38,0.35,2.62,2885.0,3930.145,393.0145,3.930145,0.03930145
600750.SH,600750,江中药业,19991202,13.73,13.96,13.58,13.94,13.73,0.21,1.53,6377.0,8818.03,881.8030000000001,8.81803,0.0881803
600750.SH,600750,江中药业,19991203,13.9,14.12,13.43,13.95,13.94,0.01,0.07,13483.0,18778.972,1877.8972,18.778972,0.18778972
600750.SH,600750,江中药业,19991206,13.5,14.0,13.5,13.78,13.95,-0.17,-1.22,18532.0,25575.318,2557.5318,25.575318,0.2557531799999999
600750.SH,600750,江中药业,19991207,13.88,13.88,13.3,13.65,13.78,-0.13,-0.94,13957.0,19024.963,1902.4963,19.024963,0.19024963
600750.SH,600750,江中药业,19991208,13.68,13.71,13.43,13.6,13.65,-0.05,-0.37,8590.0,11643.143,1164.3143,11.643143,0.11643143
600750.SH,600750,江中药业,19991209,13.42,13.62,13.25,13.45,13.6,-0.15,-1.1,7385.0,9897.465,989.7465,9.897465,0.09897465
600750.SH,600750,江中药业,19991210,13.44,13.44,13.11,13.35,13.45,-0.1,-0.74,2898.39,3826.077,382.6077,3.826077,0.03826077
600750.SH,600750,江中药业,19991213,13.52,13.52,13.08,13.25,13.35,-0.1,-0.75,3045.0,4013.624,401.3624,4.013624,0.04013624
600750.SH,600750,江中药业,19991214,13.2,13.28,13.09,13.18,13.25,-0.07,-0.53,2140.0,2816.761,281.6761,2.816761,0.02816761
600750.SH,600750,江中药业,19991215,13.18,13.48,13.08,13.48,13.18,0.3,2.28,19163.0,25528.341,2552.8341,25.528341,0.25528341
600750.SH,600750,江中药业,19991216,13.51,14.15,13.5,13.94,13.48,0.46,3.41,52609.0,72821.72,7282.172,72.82172,0.7282172
600750.SH,600750,江中药业,19991217,13.91,14.11,13.68,13.82,13.94,-0.12,-0.86,36830.0,51330.902,5133.090200000001,51.33090200000001,0.5133090200000001
600750.SH,600750,江中药业,19991221,13.88,13.89,13.13,13.32,13.82,-0.5,-3.62,7210.0,9679.0,967.9,9.679,0.09679
600750.SH,600750,江中药业,19991222,13.2,13.32,13.05,13.25,13.32,-0.07,-0.53,7148.0,9402.64,940.264,9.402639999999998,0.0940263999999999
600750.SH,600750,江中药业,19991223,13.3,13.3,12.75,12.75,13.25,-0.5,-3.77,8574.9,11071.044,1107.1044,11.071044,0.11071044
600750.SH,600750,江中药业,19991224,12.6,12.8,12.0,12.01,12.75,-0.74,-5.8,5814.0,7094.0,709.4,7.093999999999999,0.0709399999999999
600750.SH,600750,江中药业,19991227,11.96,11.96,11.26,11.65,12.01,-0.36,-3.0,9211.0,10637.0,1063.7,10.637,0.10637
600750.SH,600750,江中药业,19991228,11.6,11.88,11.5,11.69,11.65,0.04,0.34,2640.0,3097.256,309.7256,3.097256,0.0309725599999999
600750.SH,600750,江中药业,19991229,11.49,12.35,11.32,12.3,11.69,0.61,5.22,16624.0,19829.708,1982.9708,19.829708,0.1982970799999999
600750.SH,600750,江中药业,19991230,12.35,13.07,12.33,12.98,12.3,0.68,5.53,16520.0,21220.681,2122.0681,21.220681,0.21220681
600750.SH,600750,江中药业,20000104,12.95,13.43,12.43,13.43,12.98,0.45,3.47,11710.0,15110.749,1511.0749,15.110749,0.15110749
600750.SH,600750,江中药业,20000105,13.3,13.7,12.91,13.35,13.43,-0.08,-0.6,17075.0,22819.108,2281.9108,22.819108,0.22819108
600750.SH,600750,江中药业,20000106,13.1,14.2,12.98,14.1,13.35,0.75,5.62,33943.0,46679.538,4667.9538,46.679538,0.46679538
600750.SH,600750,江中药业,20000107,14.3,14.4,13.91,14.35,14.1,0.25,1.77,45525.0,64716.316,6471.6316,64.71631599999999,0.64716316
600750.SH,600750,江中药业,20000110,14.5,14.5,13.92,14.19,14.35,-0.16,-1.12,32241.0,45796.84,4579.683999999999,45.79684,0.4579683999999999
600750.SH,600750,江中药业,20000111,14.1,14.1,13.58,13.68,14.19,-0.51,-3.59,13094.0,18185.748,1818.5748,18.185748,0.18185748
600750.SH,600750,江中药业,20000112,13.58,13.65,12.89,13.05,13.68,-0.63,-4.61,9222.0,12093.579,1209.3579,12.093579,0.12093579
600750.SH,600750,江中药业,20000113,13.05,13.05,12.58,12.66,13.05,-0.39,-2.99,3288.0,4189.028,418.9028,4.189028,0.04189028
600750.SH,600750,江中药业,20000114,12.62,12.8,12.35,12.4,12.66,-0.26,-2.05,3042.0,3797.871,379.7871,3.797871,0.03797871
600750.SH,600750,江中药业,20000117,12.4,12.9,12.2,12.86,12.4,0.46,3.71,2642.0,3340.871,334.0871,3.3408710000000004,0.03340871
600750.SH,600750,江中药业,20000118,12.9,13.0,12.5,12.51,12.86,-0.35,-2.72,4043.0,5142.075,514.2075,5.142075,0.05142075
600750.SH,600750,江中药业,20000119,12.55,12.8,12.13,12.25,12.51,-0.26,-2.08,7066.0,8843.939,884.3939,8.843939,0.08843939
600750.SH,600750,江中药业,20000120,11.75,13.48,11.75,13.43,12.25,1.18,9.63,53068.0,68000.744,6800.0744,68.000744,0.68000744
600750.SH,600750,江中药业,20000121,13.7,14.56,13.68,14.1,13.43,0.67,4.99,86335.0,121424.95,12142.495,121.42495,1.2142495
600750.SH,600750,江中药业,20000124,14.3,14.3,13.3,13.69,14.1,-0.41,-2.91,21967.0,30162.841,3016.2841,30.162841,0.30162841
600750.SH,600750,江中药业,20000125,13.7,13.8,13.0,13.2,13.69,-0.49,-3.58,10819.0,14542.926,1454.2926,14.542926,0.14542926
600750.SH,600750,江中药业,20000126,13.2,13.81,13.18,13.55,13.2,0.35,2.65,5393.0,7325.855,732.5854999999999,7.325854999999999,0.0732585499999999
600750.SH,600750,江中药业,20000127,13.6,14.0,13.3,13.65,13.55,0.1,0.74,10529.0,14405.4,1440.54,14.4054,0.144054
600750.SH,600750,江中药业,20000128,13.8,13.8,13.1,13.48,13.65,-0.17,-1.25,13725.0,18296.206,1829.6206,18.296206,0.1829620599999999
600750.SH,600750,江中药业,20000214,13.7,14.79,13.6,14.7,13.48,1.22,9.05,27567.0,39582.0,3958.2,39.582,0.39582
600750.SH,600750,江中药业,20000215,14.85,15.45,14.08,14.4,14.7,-0.3,-2.04,41358.0,61012.283,6101.228300000001,61.012283,0.61012283
600750.SH,600750,江中药业,20000216,14.45,14.8,14.15,14.26,14.4,-0.14,-0.97,20908.0,29993.299,2999.3299,29.993299,0.2999329899999999
600750.SH,600750,江中药业,20000217,14.5,15.2,14.0,14.28,14.26,0.02,0.14,45816.0,67385.371,6738.5371,67.38537099999999,0.6738537099999999
600750.SH,600750,江中药业,20000218,14.18,15.71,14.1,15.7,14.28,1.42,9.94,156236.0,234513.23,23451.323,234.51323,2.3451323
600750.SH,600750,江中药业,20000221,15.95,17.27,15.7,17.27,15.7,1.57,10.0,165275.0,280001.721,28000.172100000003,280.00172100000003,2.8000172100000005
600750.SH,600750,江中药业,20000222,17.5,17.64,15.54,15.54,17.27,-1.73,-10.02,63519.0,103452.914,10345.2914,103.452914,1.03452914
600750.SH,600750,江中药业,20000223,15.0,15.38,13.99,14.05,15.54,-1.49,-9.59,36021.0,52308.831,5230.8831,52.308831,0.52308831
600750.SH,600750,江中药业,20000224,14.58,15.2,14.13,14.75,14.05,0.7,4.98,21926.0,32246.48,3224.648,32.24648,0.3224648
600750.SH,600750,江中药业,20000225,14.95,15.8,14.65,15.3,14.75,0.55,3.73,47382.0,72422.13,7242.213000000001,72.42213000000001,0.7242213000000001
600750.SH,600750,江中药业,20000228,15.5,15.85,15.0,15.59,15.3,0.29,1.9,37524.0,57995.555,5799.5555,57.995555,0.57995555
600750.SH,600750,江中药业,20000229,15.68,15.82,14.55,14.89,15.59,-0.7,-4.49,32767.0,49044.812,4904.4812,49.044812,0.49044812
600750.SH,600750,江中药业,20000301,16.3,16.31,14.95,15.58,14.89,0.69,4.63,52283.0,82980.957,8298.0957,82.980957,0.82980957
600750.SH,600750,江中药业,20000302,15.2,15.58,15.0,15.25,15.58,-0.33,-2.12,17509.0,26628.711,2662.8711,26.628711,0.26628711
600750.SH,600750,江中药业,20000303,15.25,15.5,15.0,15.15,15.25,-0.1,-0.66,18343.0,27806.187,2780.6187,27.806187,0.27806187
600750.SH,600750,江中药业,20000306,15.15,16.3,15.15,15.25,15.15,0.1,0.66,48008.0,75375.013,7537.501300000001,75.37501300000001,0.7537501300000001
600750.SH,600750,江中药业,20000307,15.21,16.78,15.1,16.78,15.25,1.53,10.03,90047.0,144755.002,14475.5002,144.755002,1.44755002
600750.SH,600750,江中药业,20000308,16.9,16.95,15.8,16.38,16.78,-0.4,-2.38,47512.0,77172.383,7717.2383,77.172383,0.77172383
600750.SH,600750,江中药业,20000309,16.4,16.48,15.9,16.11,16.38,-0.27,-1.65,18174.0,29213.962,2921.3962,29.213962,0.29213962
600750.SH,600750,江中药业,20000310,16.12,16.5,15.3,15.57,16.11,-0.54,-3.35,20630.0,32513.36,3251.336,32.513360000000006,0.3251336000000001
600750.SH,600750,江中药业,20000313,15.55,15.65,15.1,15.33,15.57,-0.24,-1.54,15661.0,23985.861,2398.5861,23.985861,0.23985861
600750.SH,600750,江中药业,20000314,15.15,15.3,14.05,14.68,15.33,-0.65,-4.24,25835.0,37809.129,3780.9129,37.809129000000006,0.3780912900000001
600750.SH,600750,江中药业,20000315,14.7,14.99,14.58,14.8,14.68,0.12,0.82,12681.0,18705.922,1870.5922,18.705922,0.1870592199999999
600750.SH,600750,江中药业,20000316,14.5,14.7,13.58,13.75,14.8,-1.05,-7.09,17711.0,24930.138,2493.0138,24.930138,0.2493013799999999
600750.SH,600750,江中药业,20000317,13.7,14.2,13.65,14.18,13.75,0.43,3.13,15369.0,21331.951,2133.1951,21.331951,0.21331951
600750.SH,600750,江中药业,20000320,14.0,15.6,13.8,14.93,14.18,0.75,5.29,39094.0,56649.03,5664.903,56.64903,0.5664903
600750.SH,600750,江中药业,20000321,14.9,14.9,14.4,14.7,14.93,-0.23,-1.54,11082.0,16186.29,1618.629,16.18629,0.1618629
600750.SH,600750,江中药业,20000322,14.68,14.68,14.19,14.38,14.7,-0.32,-2.18,12490.0,17982.052,1798.2052,17.982052,0.1798205199999999
600750.SH,600750,江中药业,20000323,14.4,14.7,14.2,14.7,14.38,0.32,2.23,10401.0,14972.173,1497.2173,14.972173,0.14972173
600750.SH,600750,江中药业,20000324,14.81,14.95,14.25,14.3,14.7,-0.4,-2.72,12185.0,17770.16,1777.016,17.77016,0.1777016
600750.SH,600750,江中药业,20000327,14.39,14.69,14.11,14.55,14.3,0.25,1.75,10923.0,15708.902,1570.8902,15.708902,0.15708902
600750.SH,600750,江中药业,20000328,14.7,15.0,14.38,14.93,14.55,0.38,2.61,16741.0,24547.09,2454.709,24.54709,0.2454708999999999
600750.SH,600750,江中药业,20000329,14.5,14.75,14.3,14.69,14.93,-0.24,-1.61,11659.0,16842.788,1684.2788,16.842788,0.1684278799999999
600750.SH,600750,江中药业,20000330,14.68,14.85,14.35,14.65,14.69,-0.04,-0.27,15632.0,22666.692,2266.6692,22.666692,0.2266669199999999
600750.SH,600750,江中药业,20000331,14.68,14.7,14.16,14.3,14.65,-0.35,-2.39,15589.0,22311.119,2231.1119,22.311119,0.22311119
600750.SH,600750,江中药业,20000403,14.25,14.25,14.0,14.08,14.3,-0.22,-1.54,15442.0,21774.826,2177.4826000000003,21.774826000000004,0.21774826
600750.SH,600750,江中药业,20000404,14.03,14.71,13.87,14.49,14.08,0.41,2.91,23980.0,34420.413,3442.0413,34.420413,0.3442041299999999
600750.SH,600750,江中药业,20000405,14.49,14.75,14.31,14.65,14.49,0.16,1.1,10184.0,14841.411,1484.1411,14.841411,0.14841411
600750.SH,600750,江中药业,20000406,14.68,14.97,14.63,14.87,14.65,0.22,1.5,21360.0,31660.237,3166.0237,31.660237,0.31660237
600750.SH,600750,江中药业,20000407,15.0,15.35,14.75,15.25,14.87,0.38,2.56,35727.0,53967.748,5396.7748,53.967748,0.53967748
600750.SH,600750,江中药业,20000410,15.58,15.58,15.02,15.17,15.25,-0.08,-0.52,14221.0,21587.706,2158.7706,21.587706,0.2158770599999999
600750.SH,600750,江中药业,20000411,15.2,15.25,14.69,14.71,15.17,-0.46,-3.03,11878.0,17590.812,1759.0812,17.590812,0.17590812
600750.SH,600750,江中药业,20000412,14.71,14.92,14.4,14.55,14.71,-0.16,-1.09,8139.0,11906.744,1190.6744,11.906744000000002,0.11906744
600750.SH,600750,江中药业,20000413,14.65,14.88,14.43,14.63,14.55,0.08,0.55,8121.0,11870.505,1187.0504999999998,11.870504999999998,0.1187050499999999
600750.SH,600750,江中药业,20000414,14.63,14.79,14.55,14.65,14.63,0.02,0.14,8332.0,12191.808,1219.1808,12.191808000000002,0.12191808
600750.SH,600750,江中药业,20000417,14.5,14.5,14.11,14.15,14.65,-0.5,-3.41,10026.0,14248.372,1424.8372,14.248372,0.14248372
600750.SH,600750,江中药业,20000418,14.15,14.68,14.0,14.63,14.15,0.48,3.39,8376.0,11918.663,1191.8663,11.918663000000002,0.11918663
600750.SH,600750,江中药业,20000419,14.63,15.03,14.3,14.94,14.63,0.31,2.12,27928.0,41013.03,4101.303,41.01303,0.4101303
600750.SH,600750,江中药业,20000420,14.79,15.45,14.71,15.36,14.94,0.42,2.81,61946.0,93950.01,9395.001,93.95001,0.9395001
600750.SH,600750,江中药业,20000421,15.4,15.49,14.8,15.08,15.36,-0.28,-1.82,41489.0,63342.009,6334.2009,63.342009,0.63342009
600750.SH,600750,江中药业,20000424,15.8,15.8,15.0,15.24,15.08,0.16,1.06,46500.0,72363.906,7236.390600000001,72.363906,0.72363906
600750.SH,600750,江中药业,20000425,15.24,15.3,14.6,14.79,15.24,-0.45,-2.95,11085.0,16349.023,1634.9023,16.349023,0.16349023
600750.SH,600750,江中药业,20000426,14.8,14.99,14.55,14.67,14.79,-0.12,-0.81,8048.0,11898.745,1189.8745,11.898745000000002,0.11898745
600750.SH,600750,江中药业,20000427,14.67,14.75,14.34,14.4,14.67,-0.27,-1.84,8729.0,12608.23,1260.823,12.60823,0.1260822999999999
600750.SH,600750,江中药业,20000428,14.4,14.69,14.32,14.6,14.4,0.2,1.39,5233.0,7594.241,759.4241,7.594240999999999,0.0759424099999999
600750.SH,600750,江中药业,20000508,14.66,14.71,14.35,14.6,14.6,0.0,0.0,4325.0,6270.398,627.0398,6.270398,0.06270398
600750.SH,600750,江中药业,20000509,14.6,14.6,14.35,14.44,14.6,-0.16,-1.1,5691.0,8199.367,819.9367,8.199367,0.08199367
600750.SH,600750,江中药业,20000511,14.03,14.1,13.7,13.71,14.44,-0.73,-5.06,9512.0,13250.164,1325.0164,13.250164,0.13250164
600750.SH,600750,江中药业,20000512,13.68,13.95,13.51,13.6,13.71,-0.11,-0.8,6700.0,9244.353,924.4353,9.244352999999998,0.0924435299999999
600750.SH,600750,江中药业,20000515,13.6,13.63,13.0,13.05,13.6,-0.55,-4.04,6888.0,9067.854,906.7854,9.067854,0.09067854
600750.SH,600750,江中药业,20000516,13.11,13.41,13.05,13.3,13.05,0.25,1.92,3627.0,4808.144,480.8144,4.808144,0.04808144
600750.SH,600750,江中药业,20000517,13.34,13.57,13.23,13.39,13.3,0.09,0.68,3682.0,4939.352,493.9352,4.939352,0.04939352
600750.SH,600750,江中药业,20000518,13.2,13.59,13.2,13.5,13.39,0.11,0.82,3001.0,4042.395,404.2395,4.042395,0.04042395
600750.SH,600750,江中药业,20000519,13.65,13.7,13.5,13.7,13.5,0.2,1.48,5571.0,7593.12,759.312,7.59312,0.0759312
600750.SH,600750,江中药业,20000522,13.75,13.95,13.5,13.85,13.7,0.15,1.09,7377.0,10161.218,1016.1218,10.161218000000002,0.10161218
600750.SH,600750,江中药业,20000523,13.75,14.28,13.75,14.13,13.85,0.28,2.02,6432.0,9055.134,905.5134,9.055134,0.09055134
600750.SH,600750,江中药业,20000524,14.19,14.83,14.19,14.48,14.13,0.35,2.48,13694.0,19924.026,1992.4026,19.924026,0.19924026
600750.SH,600750,江中药业,20000525,14.6,15.1,14.6,15.01,14.48,0.53,3.66,23052.0,34328.021,3432.8021,34.328021,0.34328021
600750.SH,600750,江中药业,20000526,15.08,15.09,14.6,14.95,15.01,-0.06,-0.4,14479.0,21598.47,2159.847,21.59847,0.2159847
600750.SH,600750,江中药业,20000529,14.95,15.08,14.65,14.98,14.95,0.03,0.2,22087.0,32868.931,3286.8931,32.868931,0.3286893099999999
600750.SH,600750,江中药业,20000530,15.3,15.8,14.95,14.96,14.98,-0.02,-0.13,49787.0,76433.556,7643.3556,76.433556,0.7643355599999999
600750.SH,600750,江中药业,20000531,15.58,15.58,14.65,14.9,14.96,-0.06,-0.4,9245.0,13719.369,1371.9369000000002,13.719369000000002,0.13719369
600750.SH,600750,江中药业,20000601,14.98,15.09,14.6,14.71,14.9,-0.19,-1.28,10413.0,15375.956,1537.5956,15.375956,0.15375956
600750.SH,600750,江中药业,20000602,14.68,14.8,14.54,14.7,14.71,-0.01,-0.07,7663.0,11203.078,1120.3078,11.203078,0.11203078
600750.SH,600750,江中药业,20000605,14.7,14.99,14.56,14.6,14.7,-0.1,-0.68,8666.0,12775.769,1277.5769,12.775769,0.12775769
600750.SH,600750,江中药业,20000606,14.55,14.78,14.5,14.63,14.6,0.03,0.21,6158.0,8980.356,898.0355999999999,8.980355999999999,0.0898035599999999
600750.SH,600750,江中药业,20000607,14.65,15.03,14.58,14.98,14.63,0.35,2.39,9363.0,13926.478,1392.6478,13.926478,0.13926478
600750.SH,600750,江中药业,20000608,14.95,15.19,14.92,15.01,14.98,0.03,0.2,9547.0,14335.368,1433.5368,14.335368,0.14335368
600750.SH,600750,江中药业,20000609,14.95,15.1,14.57,14.88,15.01,-0.13,-0.87,7399.0,10950.878,1095.0878,10.950878,0.10950878
600750.SH,600750,江中药业,20000612,14.7,15.5,14.65,15.35,14.88,0.47,3.16,55552.0,84638.346,8463.8346,84.638346,0.84638346
600750.SH,600750,江中药业,20000613,15.4,15.55,15.2,15.49,15.35,0.14,0.91,26927.0,41515.207,4151.5207,41.515207,0.41515207
600750.SH,600750,江中药业,20000614,15.45,15.49,15.05,15.07,15.49,-0.42,-2.71,9467.0,14407.477,1440.7477,14.407477000000002,0.14407477
600750.SH,600750,江中药业,20000615,15.1,15.2,14.95,15.08,15.07,0.01,0.07,7376.0,11108.657,1110.8656999999998,11.108657,0.11108657
600750.SH,600750,江中药业,20000616,15.08,15.4,15.0,15.01,15.08,-0.07,-0.46,7709.0,11683.543,1168.3543,11.683543,0.11683543
600750.SH,600750,江中药业,20000619,15.0,15.0,14.68,14.8,15.01,-0.21,-1.4,6055.0,8999.389,899.9388999999999,8.999388999999999,0.0899938899999999
600750.SH,600750,江中药业,20000620,14.8,14.85,14.6,14.8,14.8,0.0,0.0,6117.0,9014.121,901.4121,9.014121,0.09014121
600750.SH,600750,江中药业,20000621,14.85,15.34,14.85,15.2,14.8,0.4,2.7,5735.0,8649.37,864.9370000000001,8.649370000000001,0.0864937
600750.SH,600750,江中药业,20000622,15.27,15.4,15.05,15.39,15.2,0.19,1.25,6890.0,10496.05,1049.605,10.49605,0.1049605
600750.SH,600750,江中药业,20000623,15.35,15.49,15.15,15.42,15.39,0.03,0.19,9111.0,13967.367,1396.7367,13.967367,0.13967367
600750.SH,600750,江中药业,20000626,15.2,15.6,15.2,15.45,15.42,0.03,0.19,11220.0,17342.314,1734.2314,17.342314,0.1734231399999999
600750.SH,600750,江中药业,20000627,15.5,15.51,15.15,15.17,15.45,-0.28,-1.81,5463.0,8348.259,834.8259,8.348259,0.08348259
600750.SH,600750,江中药业,20000628,15.1,15.45,15.1,15.3,15.17,0.13,0.86,5217.0,7975.341,797.5341000000001,7.975341000000001,0.07975341
600750.SH,600750,江中药业,20000629,15.25,15.35,15.0,15.1,15.3,-0.2,-1.31,5558.0,8405.926,840.5926,8.405926,0.08405926
600750.SH,600750,江中药业,20000630,15.12,15.26,14.9,15.15,15.1,0.05,0.33,5590.0,8430.731,843.0731,8.430731,0.08430731
600750.SH,600750,江中药业,20000703,15.15,15.38,14.78,15.09,15.15,-0.06,-0.4,5775.0,8743.411,874.3411,8.743411,0.08743411
600750.SH,600750,江中药业,20000704,15.05,15.23,14.92,15.16,15.09,0.07,0.46,2808.0,4244.123,424.4123,4.244122999999999,0.0424412299999999
600750.SH,600750,江中药业,20000705,15.2,15.38,15.03,15.31,15.16,0.15,0.99,4445.0,6770.329,677.0328999999999,6.770328999999999,0.06770329
600750.SH,600750,江中药业,20000706,15.38,16.15,15.25,15.3,15.31,-0.01,-0.07,30060.0,47293.817,4729.3817,47.293817,0.47293817
600750.SH,600750,江中药业,20000707,15.5,16.1,15.49,15.95,15.3,0.65,4.25,30703.0,48885.24,4888.523999999999,48.88524,0.4888523999999999
600750.SH,600750,江中药业,20000710,16.1,16.38,16.0,16.2,15.95,0.25,1.57,20397.0,33045.636,3304.5636,33.045636,0.33045636
600750.SH,600750,江中药业,20000711,16.45,16.45,15.8,15.85,16.2,-0.35,-2.16,14968.0,23884.071,2388.4071,23.884071,0.2388407099999999
600750.SH,600750,江中药业,20000712,15.85,15.96,15.61,15.92,15.85,0.07,0.44,9200.0,14476.213,1447.6213,14.476213,0.14476213
600750.SH,600750,江中药业,20000713,15.95,16.5,15.6,16.4,15.92,0.48,3.02,35894.0,57975.319,5797.5319,57.975319,0.57975319
600750.SH,600750,江中药业,20000714,16.4,16.46,16.05,16.15,16.4,-0.25,-1.52,9777.0,15852.908,1585.2908,15.852908,0.15852908
600750.SH,600750,江中药业,20000717,16.1,16.42,15.8,15.82,16.15,-0.33,-2.04,7175.0,11553.696,1155.3696,11.553696,0.11553696
600750.SH,600750,江中药业,20000718,15.8,15.96,15.75,15.9,15.82,0.08,0.51,3992.0,6333.112,633.3112,6.333112,0.06333112
600750.SH,600750,江中药业,20000719,15.9,16.08,15.65,15.75,15.9,-0.15,-0.94,4888.0,7697.443,769.7443000000001,7.697443000000001,0.07697443
600750.SH,600750,江中药业,20000720,15.75,15.75,15.43,15.51,15.75,-0.24,-1.52,5627.0,8757.151,875.7151,8.757151,0.08757151
600750.SH,600750,江中药业,20000721,15.52,15.75,15.48,15.65,15.51,0.14,0.9,3852.0,6009.478,600.9478,6.0094780000000005,0.06009478
600750.SH,600750,江中药业,20000724,15.75,15.75,15.32,15.34,15.65,-0.31,-1.98,5067.0,7834.311,783.4311,7.834311,0.07834311
600750.SH,600750,江中药业,20000725,15.4,15.71,15.4,15.56,15.34,0.22,1.43,2938.0,4558.096,455.80959999999993,4.558095999999999,0.0455809599999999
600750.SH,600750,江中药业,20000726,15.65,16.05,15.65,15.99,15.56,0.43,2.76,7811.0,12406.669,1240.6669,12.406669,0.12406669
600750.SH,600750,江中药业,20000727,16.09,16.15,15.7,15.75,15.99,-0.24,-1.5,5324.0,8433.044,843.3044,8.433044,0.08433044
600750.SH,600750,江中药业,20000728,15.9,15.9,15.58,15.75,15.75,0.0,0.0,3430.0,5404.343,540.4343,5.404343,0.0540434299999999
600750.SH,600750,江中药业,20000731,15.8,15.9,15.6,15.82,15.75,0.07,0.44,5149.0,8129.209,812.9209,8.129209,0.08129209
600750.SH,600750,江中药业,20000801,15.85,15.93,15.7,15.92,15.82,0.1,0.63,4832.0,7673.26,767.326,7.67326,0.0767326
600750.SH,600750,江中药业,20000802,15.91,15.95,15.7,15.71,15.92,-0.21,-1.32,3472.0,5501.169,550.1169,5.501169,0.05501169
600750.SH,600750,江中药业,20000803,15.8,15.95,15.5,15.95,15.71,0.24,1.53,6519.0,10234.308,1023.4308,10.234308,0.10234308
600750.SH,600750,江中药业,20000804,15.97,16.15,15.65,15.68,15.95,-0.27,-1.69,6975.0,11135.05,1113.505,11.13505,0.1113504999999999
600750.SH,600750,江中药业,20000807,15.67,15.85,15.31,15.73,15.68,0.05,0.32,17526.0,27163.358,2716.3358,27.163358,0.27163358
600750.SH,600750,江中药业,20000808,15.72,16.0,15.42,15.87,15.73,0.14,0.89,11746.0,18304.4,1830.44,18.3044,0.183044
600750.SH,600750,江中药业,20000809,15.8,16.92,15.7,16.91,15.87,1.04,6.55,57110.0,93629.167,9362.9167,93.629167,0.93629167
600750.SH,600750,江中药业,20000810,16.82,16.85,16.42,16.63,16.91,-0.28,-1.66,53074.0,88184.756,8818.4756,88.184756,0.88184756
600750.SH,600750,江中药业,20000811,16.63,16.97,16.51,16.6,16.63,-0.03,-0.18,44541.0,74511.497,7451.1497,74.511497,0.74511497
600750.SH,600750,江中药业,20000814,16.58,16.79,16.49,16.68,16.6,0.08,0.48,33803.0,56238.833,5623.8833,56.23883299999999,0.5623883299999999
600750.SH,600750,江中药业,20000815,16.62,16.78,16.2,16.22,16.68,-0.46,-2.76,13834.0,22815.242,2281.5242,22.815242,0.2281524199999999
600750.SH,600750,江中药业,20000816,16.25,16.47,15.98,16.07,16.22,-0.15,-0.92,19551.0,31722.333,3172.2333,31.722333,0.3172233299999999
600750.SH,600750,江中药业,20000817,16.0,16.23,15.97,16.15,16.07,0.08,0.5,3100.0,4987.295,498.7295,4.9872950000000005,0.04987295
600750.SH,600750,江中药业,20000818,16.16,16.48,15.0,16.31,16.15,0.16,0.99,6194.0,10079.14,1007.914,10.07914,0.1007914
600750.SH,600750,江中药业,20000821,16.35,16.38,16.0,16.2,16.31,-0.11,-0.67,5445.0,8777.671,877.7671,8.777671,0.08777671
600750.SH,600750,江中药业,20000822,16.12,16.24,15.7,15.8,16.2,-0.4,-2.47,9023.0,14381.713,1438.1713,14.381713,0.14381713
600750.SH,600750,江中药业,20000823,15.65,15.75,15.02,15.72,15.8,-0.08,-0.51,8195.0,12640.941,1264.0941,12.640941,0.12640941
600750.SH,600750,江中药业,20000824,15.69,15.71,15.38,15.5,15.72,-0.22,-1.4,3582.0,5565.202,556.5202,5.565202,0.05565202
600750.SH,600750,江中药业,20000825,15.5,15.7,15.43,15.7,15.5,0.2,1.29,4357.0,6760.011,676.0011000000001,6.760011,0.06760011
600750.SH,600750,江中药业,20000828,15.65,15.9,15.47,15.79,15.7,0.09,0.57,4602.0,7202.302,720.2302,7.202302,0.07202302
600750.SH,600750,江中药业,20000829,15.8,15.99,15.68,15.86,15.79,0.07,0.44,3763.0,5955.083,595.5083,5.955082999999999,0.0595508299999999
600750.SH,600750,江中药业,20000830,16.0,16.0,15.72,15.75,15.86,-0.11,-0.69,3167.0,5008.044,500.8044,5.008044,0.05008044
600750.SH,600750,江中药业,20000831,15.7,15.7,15.25,15.25,15.75,-0.5,-3.17,4218.0,6487.008,648.7008,6.487007999999999,0.06487008
600750.SH,600750,江中药业,20000901,15.18,15.25,15.0,15.02,15.25,-0.23,-1.51,2796.0,4230.624,423.0624,4.230624,0.0423062399999999
600750.SH,600750,江中药业,20000904,15.05,15.08,14.68,14.87,15.02,-0.15,-1.0,3824.0,5668.663,566.8662999999999,5.668662999999999,0.0566866299999999
600750.SH,600750,江中药业,20000905,14.87,15.1,14.55,14.58,14.87,-0.29,-1.95,1837.0,2732.738,273.2738,2.732738,0.02732738
600750.SH,600750,江中药业,20000906,14.5,14.65,14.15,14.19,14.58,-0.39,-2.67,2998.5,4302.724,430.2724,4.302724,0.04302724
600750.SH,600750,江中药业,20000907,14.18,14.56,14.18,14.3,14.19,0.11,0.78,1917.0,2743.984,274.3984,2.743984,0.0274398399999999
600750.SH,600750,江中药业,20000908,14.3,14.48,14.11,14.3,14.3,0.0,0.0,2643.0,3776.076,377.6076,3.776076,0.03776076
600750.SH,600750,江中药业,20000911,14.25,14.64,14.2,14.64,14.3,0.34,2.38,1498.0,2168.473,216.8473,2.168473,0.02168473
600750.SH,600750,江中药业,20000912,14.84,14.84,14.4,14.7,14.64,0.06,0.41,1153.0,1680.545,168.05450000000002,1.6805450000000002,0.01680545
600750.SH,600750,江中药业,20000913,14.75,14.8,14.4,14.59,14.7,-0.11,-0.75,1567.0,2288.294,228.8294,2.288294,0.02288294
600750.SH,600750,江中药业,20000914,14.5,14.65,14.38,14.5,14.59,-0.09,-0.62,1752.0,2539.171,253.9171,2.539171,0.0253917099999999
600750.SH,600750,江中药业,20000915,14.4,14.56,14.26,14.47,14.5,-0.03,-0.21,1468.0,2108.63,210.863,2.10863,0.0210863
600750.SH,600750,江中药业,20000918,14.6,15.91,14.24,14.75,14.47,0.28,1.94,7287.0,11102.211,1110.2211,11.102211,0.11102211
600750.SH,600750,江中药业,20000919,14.65,15.14,14.42,14.89,14.75,0.14,0.95,3733.0,5533.076,553.3076,5.533075999999999,0.0553307599999999
600750.SH,600750,江中药业,20000920,14.9,15.09,14.81,15.0,14.89,0.11,0.74,1752.0,2622.222,262.22220000000004,2.6222220000000003,0.02622222
600750.SH,600750,江中药业,20000921,15.0,15.26,14.8,14.8,15.0,-0.2,-1.33,2797.0,4226.948,422.6948,4.226948,0.04226948
600750.SH,600750,江中药业,20000922,14.61,14.92,14.6,14.88,14.8,0.08,0.54,2163.0,3201.288,320.1288,3.201288,0.03201288
600750.SH,600750,江中药业,20000925,14.88,14.88,14.42,14.66,14.88,-0.22,-1.48,2129.0,3108.357,310.8357,3.108357,0.0310835699999999
600750.SH,600750,江中药业,20000926,14.67,15.16,14.66,14.98,14.66,0.32,2.18,12153.0,18149.882,1814.9882,18.149882,0.18149882
600750.SH,600750,江中药业,20000927,15.0,15.12,14.95,15.0,14.98,0.02,0.13,1308.0,1967.5,196.75,1.9675,0.019675
600750.SH,600750,江中药业,20000928,14.93,15.05,14.5,14.75,15.0,-0.25,-1.67,761.0,1122.506,112.2506,1.122506,0.01122506
600750.SH,600750,江中药业,20000929,14.58,14.85,14.58,14.84,14.75,0.09,0.61,814.0,1202.594,120.2594,1.202594,0.0120259399999999
600750.SH,600750,江中药业,20001009,14.89,14.89,14.55,14.75,14.84,-0.09,-0.61,1683.0,2468.871,246.8871,2.468871,0.02468871
600750.SH,600750,江中药业,20001010,14.75,15.2,14.75,15.14,14.75,0.39,2.64,1937.0,2914.724,291.4724,2.914724,0.02914724
600750.SH,600750,江中药业,20001011,15.15,15.23,15.0,15.23,15.14,0.09,0.59,2727.0,4122.621,412.2621,4.1226210000000005,0.04122621
600750.SH,600750,江中药业,20001012,15.22,15.51,15.22,15.4,15.23,0.17,1.12,6273.0,9662.622,966.2622,9.662622,0.0966262199999999
600750.SH,600750,江中药业,20001013,15.4,15.59,15.0,15.0,15.4,-0.4,-2.6,4558.0,6985.328,698.5328000000001,6.985328000000001,0.06985328
600750.SH,600750,江中药业,20001016,14.93,15.0,14.58,14.62,15.0,-0.38,-2.53,3837.0,5653.081,565.3081,5.653080999999999,0.0565308099999999
600750.SH,600750,江中药业,20001017,14.6,14.75,14.58,14.6,14.62,-0.02,-0.14,2423.0,3546.948,354.6948,3.546948,0.03546948
600750.SH,600750,江中药业,20001018,14.6,14.99,14.6,14.85,14.6,0.25,1.71,1215.0,1806.979,180.6979,1.806979,0.01806979
600750.SH,600750,江中药业,20001019,14.86,14.99,14.8,14.9,14.85,0.05,0.34,1289.0,1921.681,192.1681,1.921681,0.01921681
600750.SH,600750,江中药业,20001020,14.92,15.3,14.9,15.17,14.9,0.27,1.81,1952.0,2954.326,295.4326,2.954326,0.02954326
600750.SH,600750,江中药业,20001023,15.17,15.28,15.01,15.23,15.17,0.06,0.4,2184.0,3317.202,331.72020000000003,3.3172020000000004,0.03317202
600750.SH,600750,江中药业,20001024,15.23,15.3,15.08,15.09,15.23,-0.14,-0.92,2184.0,3309.382,330.9382,3.309382,0.0330938199999999
600750.SH,600750,江中药业,20001025,15.09,15.48,15.0,15.35,15.09,0.26,1.72,4887.0,7465.463,746.5463,7.465463,0.07465463
600750.SH,600750,江中药业,20001026,15.31,15.42,15.17,15.35,15.35,0.0,0.0,2874.0,4388.055,438.80550000000005,4.3880550000000005,0.04388055
600750.SH,600750,江中药业,20001027,15.35,15.5,15.3,15.48,15.35,0.13,0.85,4000.0,6165.998,616.5998,6.165997999999999,0.0616599799999999
600750.SH,600750,江中药业,20001030,15.5,15.79,15.45,15.45,15.48,-0.03,-0.19,5195.0,8117.251,811.7251,8.117251,0.0811725099999999
600750.SH,600750,江中药业,20001031,15.45,15.68,15.42,15.45,15.45,0.0,0.0,4132.0,6427.746,642.7746,6.427746,0.06427746
600750.SH,600750,江中药业,20001101,15.45,15.7,15.45,15.59,15.45,0.14,0.91,3246.0,5053.399,505.33990000000006,5.053399000000001,0.05053399
600750.SH,600750,江中药业,20001102,15.6,15.75,15.48,15.6,15.59,0.01,0.06,3754.0,5860.013,586.0013,5.860013,0.05860013
600750.SH,600750,江中药业,20001103,15.5,15.88,15.5,15.68,15.6,0.08,0.51,4577.0,7203.061,720.3061,7.203061,0.07203061
600750.SH,600750,江中药业,20001106,15.68,15.78,15.54,15.7,15.68,0.02,0.13,2968.0,4649.935,464.9935,4.649935,0.04649935
600750.SH,600750,江中药业,20001107,15.71,15.72,15.48,15.54,15.7,-0.16,-1.02,3810.0,5947.514,594.7514,5.947514,0.05947514
600750.SH,600750,江中药业,20001108,15.54,16.0,15.5,15.89,15.54,0.35,2.25,7383.0,11700.352,1170.0352,11.700352,0.11700352
600750.SH,600750,江中药业,20001109,15.91,16.0,15.7,15.9,15.89,0.01,0.06,4163.0,6612.399,661.2399,6.612399,0.06612399
600750.SH,600750,江中药业,20001110,15.9,16.13,15.8,15.93,15.9,0.03,0.19,8238.0,13171.499,1317.1499,13.171499,0.1317149899999999
600750.SH,600750,江中药业,20001113,15.98,16.6,15.87,16.5,15.93,0.57,3.58,56677.0,92941.688,9294.1688,92.941688,0.92941688
600750.SH,600750,江中药业,20001114,16.55,16.59,16.2,16.4,16.5,-0.1,-0.61,29018.0,47575.665,4757.5665,47.575665,0.47575665
600750.SH,600750,江中药业,20001115,16.4,17.18,16.38,16.68,16.4,0.28,1.71,66533.0,111635.762,11163.5762,111.635762,1.11635762
600750.SH,600750,江中药业,20001116,16.68,17.4,16.56,17.38,16.68,0.7,4.2,92602.0,157961.326,15796.1326,157.961326,1.57961326
600750.SH,600750,江中药业,20001117,17.28,17.37,16.78,16.94,17.38,-0.44,-2.53,51073.0,86983.152,8698.315200000001,86.983152,0.8698315200000001
600750.SH,600750,江中药业,20001120,16.94,17.2,16.08,16.21,16.94,-0.73,-4.31,46516.95,77756.27,7775.627,77.75627,0.7775627
600750.SH,600750,江中药业,20001121,16.3,16.78,16.28,16.32,16.21,0.11,0.68,19641.45,32350.826,3235.0826,32.350826000000005,0.32350826
600750.SH,600750,江中药业,20001122,16.32,16.76,16.18,16.65,16.32,0.33,2.02,17110.2,28073.819,2807.3819,28.073819,0.28073819
600750.SH,600750,江中药业,20001123,16.65,16.82,16.3,16.43,16.65,-0.22,-1.32,11898.43,19653.075,1965.3075,19.653075,0.19653075
600750.SH,600750,江中药业,20001124,16.45,16.49,15.92,15.93,16.43,-0.5,-3.04,16661.8,26903.192,2690.3192,26.903192,0.26903192
600750.SH,600750,江中药业,20001127,15.8,16.0,15.65,15.8,15.93,-0.13,-0.82,8795.2,13906.818,1390.6817999999998,13.906817999999998,0.1390681799999999
600750.SH,600750,江中药业,20001128,15.9,16.2,15.9,16.07,15.8,0.27,1.71,7141.48,11498.4,1149.84,11.498399999999998,0.1149839999999999
600750.SH,600750,江中药业,20001129,16.28,16.28,15.95,16.01,16.07,-0.06,-0.37,4441.4,7134.136,713.4136000000001,7.134136000000001,0.07134136
600750.SH,600750,江中药业,20001130,16.13,16.25,16.0,16.15,16.01,0.14,0.87,4575.13,7360.078,736.0078000000001,7.360078000000001,0.07360078
600750.SH,600750,江中药业,20001201,16.19,16.5,16.05,16.35,16.15,0.2,1.24,5651.42,9219.971,921.9971,9.219971,0.0921997099999999
600750.SH,600750,江中药业,20001204,16.35,16.66,16.21,16.54,16.35,0.19,1.16,10047.08,16521.172,1652.1172,16.521172,0.16521172
600750.SH,600750,江中药业,20001205,16.5,16.6,16.35,16.38,16.54,-0.16,-0.97,4302.0,7081.842,708.1841999999999,7.081841999999999,0.0708184199999999
600750.SH,600750,江中药业,20001206,16.49,16.5,16.05,16.2,16.38,-0.18,-1.1,7393.0,11939.984,1193.9984,11.939984,0.11939984
600750.SH,600750,江中药业,20001207,16.0,16.2,15.92,16.19,16.2,-0.01,-0.06,8126.07,13040.731,1304.0731,13.040731,0.13040731
600750.SH,600750,江中药业,20001208,16.1,16.25,16.0,16.24,16.19,0.05,0.31,4962.33,7979.708,797.9707999999999,7.979708,0.0797970799999999
600750.SH,600750,江中药业,20001211,16.12,16.19,15.98,16.13,16.24,-0.11,-0.68,4474.41,7186.92,718.692,7.18692,0.0718692
600750.SH,600750,江中药业,20001212,16.13,16.3,15.91,16.3,16.13,0.17,1.05,8491.2,13622.941,1362.2941,13.622941,0.13622941
600750.SH,600750,江中药业,20001213,16.2,16.26,16.04,16.1,16.3,-0.2,-1.23,9200.0,14807.043,1480.7043,14.807042999999998,0.1480704299999999
600750.SH,600750,江中药业,20001214,16.05,16.52,15.94,16.41,16.1,0.31,1.93,14090.7,22795.939,2279.5939,22.795939,0.2279593899999999
600750.SH,600750,江中药业,20001215,16.5,16.5,16.1,16.2,16.41,-0.21,-1.28,6138.41,9943.231,994.3231,9.943231,0.09943231
600750.SH,600750,江中药业,20001218,16.25,16.89,16.14,16.89,16.2,0.69,4.26,24074.89,39909.027,3990.9027,39.909027,0.39909027
600750.SH,600750,江中药业,20001219,16.9,17.11,16.68,16.95,16.89,0.06,0.36,30187.47,50928.67,5092.867,50.92867,0.5092867000000001
600750.SH,600750,江中药业,20001220,16.92,17.19,16.74,17.0,16.95,0.05,0.3,25828.52,43946.763,4394.6763,43.946763,0.43946763
600750.SH,600750,江中药业,20001221,17.05,17.15,16.77,16.94,17.0,-0.06,-0.35,10371.73,17538.937,1753.8937,17.538937,0.17538937
600750.SH,600750,江中药业,20001222,16.91,16.94,16.65,16.88,16.94,-0.06,-0.35,8873.38,14876.605,1487.6605,14.876605,0.1487660499999999
600750.SH,600750,江中药业,20001225,16.9,16.9,16.6,16.73,16.88,-0.15,-0.89,3707.6,6193.582,619.3582,6.193582,0.06193582
600750.SH,600750,江中药业,20001226,16.72,17.28,16.72,17.19,16.73,0.46,2.75,23760.27,40661.045,4066.1045,40.661045,0.40661045
600750.SH,600750,江中药业,20001227,17.23,17.7,16.95,17.19,17.19,0.0,0.0,48536.55,84284.784,8428.4784,84.284784,0.84284784
600750.SH,600750,江中药业,20001228,17.2,17.25,16.71,16.85,17.19,-0.34,-1.98,23614.82,40183.346,4018.3346,40.183346,0.40183346
600750.SH,600750,江中药业,20001229,16.85,17.23,16.77,17.0,16.85,0.15,0.89,13025.13,22088.924,2208.8924,22.088924,0.22088924
600750.SH,600750,江中药业,20010102,17.18,17.86,16.75,17.63,17.0,0.63,3.71,37134.48,65112.001,6511.2001,65.112001,0.6511200100000001
600750.SH,600750,江中药业,20010103,17.65,18.2,17.45,17.97,17.63,0.34,1.93,65983.89,117967.106,11796.7106,117.967106,1.17967106
600750.SH,600750,江中药业,20010104,17.96,18.09,17.35,17.45,17.97,-0.52,-2.89,30444.89,53725.46,5372.546,53.725460000000005,0.5372546
600750.SH,600750,江中药业,20010105,17.46,17.86,17.4,17.69,17.45,0.24,1.38,35848.29,63182.713,6318.2713,63.18271300000001,0.63182713
600750.SH,600750,江中药业,20010108,17.7,17.98,17.5,17.69,17.69,0.0,0.0,17638.28,31221.994,3122.1994,31.221994,0.31221994
600750.SH,600750,江中药业,20010109,17.55,18.17,17.54,18.09,17.69,0.4,2.26,27876.17,50021.506,5002.1506,50.021506,0.50021506
600750.SH,600750,江中药业,20010110,18.1,18.44,17.57,17.98,18.09,-0.11,-0.61,62048.52,110881.034,11088.1034,110.881034,1.10881034
600750.SH,600750,江中药业,20010111,17.95,18.19,17.75,17.77,17.98,-0.21,-1.17,14811.13,26508.241,2650.8241000000003,26.508241,0.26508241
600750.SH,600750,江中药业,20010112,17.65,17.75,17.2,17.4,17.77,-0.37,-2.08,14841.19,25769.959,2576.9959,25.769959,0.25769959
600750.SH,600750,江中药业,20010115,17.3,17.35,16.02,16.6,17.4,-0.8,-4.6,20237.94,34206.65,3420.665,34.20665,0.3420664999999999
600750.SH,600750,江中药业,20010116,16.3,16.67,16.1,16.45,16.6,-0.15,-0.9,7327.47,11989.298,1198.9298,11.989298000000002,0.11989298
600750.SH,600750,江中药业,20010117,16.45,16.5,16.2,16.2,16.45,-0.25,-1.52,3527.0,5742.21,574.221,5.74221,0.0574221
600750.SH,600750,江中药业,20010118,16.2,16.4,16.18,16.2,16.2,0.0,0.0,5240.9,8515.147,851.5147000000001,8.515147,0.08515147
600750.SH,600750,江中药业,20010119,16.49,16.5,16.19,16.38,16.2,0.18,1.11,6783.31,11041.5,1104.15,11.0415,0.110415
600750.SH,600750,江中药业,20010205,15.34,16.29,15.34,15.48,16.38,-0.9,-5.49,9938.5,15555.316,1555.5316,15.555316,0.15555316
600750.SH,600750,江中药业,20010206,15.46,15.6,15.11,15.55,15.48,0.07,0.45,3885.7,5984.913,598.4912999999999,5.984912999999999,0.0598491299999999
600750.SH,600750,江中药业,20010207,15.57,15.6,15.4,15.5,15.55,-0.05,-0.32,1506.43,2331.489,233.1489,2.331489,0.0233148899999999
600750.SH,600750,江中药业,20010208,15.1,15.58,14.94,14.95,15.5,-0.55,-3.55,2809.0,4270.43,427.043,4.27043,0.0427043
600750.SH,600750,江中药业,20010209,15.05,15.28,15.0,15.2,14.95,0.25,1.67,3237.1,4903.355,490.3355,4.903355,0.0490335499999999
600750.SH,600750,江中药业,20010212,15.2,15.48,15.1,15.43,15.2,0.23,1.51,2859.56,4374.96,437.496,4.37496,0.0437496
600750.SH,600750,江中药业,20010213,15.4,15.68,15.35,15.37,15.43,-0.06,-0.39,1583.5,2454.035,245.4035,2.454035,0.02454035
600750.SH,600750,江中药业,20010214,15.3,15.47,15.26,15.36,15.37,-0.01,-0.07,2650.6,4066.12,406.612,4.06612,0.0406611999999999
600750.SH,600750,江中药业,20010215,15.3,15.48,15.1,15.19,15.36,-0.17,-1.11,4235.8,6472.272,647.2272,6.472272,0.06472272
600750.SH,600750,江中药业,20010216,15.1,15.18,14.95,15.09,15.19,-0.1,-0.66,3589.6,5405.007,540.5006999999999,5.405007,0.0540500699999999
600750.SH,600750,江中药业,20010219,15.1,15.62,15.1,15.5,15.09,0.41,2.72,8982.44,13735.296,1373.5296,13.735296,0.13735296
600750.SH,600750,江中药业,20010220,15.5,15.64,15.2,15.27,15.5,-0.23,-1.48,2107.6,3243.547,324.3547,3.243547,0.03243547
600750.SH,600750,江中药业,20010221,15.27,15.3,15.01,15.18,15.27,-0.09,-0.59,3716.3,5630.189,563.0189,5.6301890000000006,0.05630189
600750.SH,600750,江中药业,20010222,15.05,15.47,15.05,15.18,15.18,0.0,0.0,1127.0,1717.727,171.7727,1.7177270000000002,0.01717727
600750.SH,600750,江中药业,20010223,15.35,15.68,15.18,15.59,15.18,0.41,2.7,2337.7,3597.433,359.7433,3.597433,0.03597433
600750.SH,600750,江中药业,20010226,15.62,15.68,15.49,15.59,15.59,0.0,0.0,2478.8,3863.642,386.3642,3.863642,0.03863642
600750.SH,600750,江中药业,20010227,15.7,15.72,15.51,15.69,15.59,0.1,0.64,4218.5,6593.506,659.3506,6.593506,0.0659350599999999
600750.SH,600750,江中药业,20010228,15.7,15.7,15.4,15.57,15.69,-0.12,-0.76,1478.1,2301.34,230.134,2.30134,0.0230134
600750.SH,600750,江中药业,20010301,15.56,15.69,15.53,15.6,15.57,0.03,0.19,1501.31,2339.827,233.9827,2.339827,0.02339827
600750.SH,600750,江中药业,20010302,15.65,16.35,15.62,16.3,15.6,0.7,4.49,39238.6,62766.843,6276.6843,62.766843,0.62766843
600750.SH,600750,江中药业,20010305,16.3,16.41,16.03,16.12,16.3,-0.18,-1.1,6940.0,11233.554,1123.3554,11.233554,0.11233554
600750.SH,600750,江中药业,20010306,16.06,16.35,16.06,16.35,16.12,0.23,1.43,4286.79,6938.665,693.8665,6.938664999999999,0.06938665
600750.SH,600750,江中药业,20010307,16.42,16.6,16.17,16.26,16.35,-0.09,-0.55,2677.0,4367.056,436.7056,4.367056,0.04367056
600750.SH,600750,江中药业,20010308,16.26,16.33,15.99,16.3,16.26,0.04,0.25,3574.29,5792.409,579.2409,5.792409,0.05792409
600750.SH,600750,江中药业,20010309,16.3,16.48,16.15,16.38,16.3,0.08,0.49,8195.95,13415.548,1341.5548,13.415548,0.13415548
600750.SH,600750,江中药业,20010312,16.45,16.54,16.28,16.48,16.38,0.1,0.61,3872.88,6364.224,636.4224,6.364224,0.06364224
600750.SH,600750,江中药业,20010313,16.55,16.55,16.06,16.2,16.48,-0.28,-1.7,2210.65,3577.518,357.7518,3.577518,0.03577518
600750.SH,600750,江中药业,20010314,16.01,16.24,16.01,16.24,16.2,0.04,0.25,1844.0,2971.808,297.1808,2.971808,0.0297180799999999
600750.SH,600750,江中药业,20010315,16.2,16.54,16.1,16.28,16.24,0.04,0.25,2873.5,4694.747,469.4747,4.694747,0.04694747
600750.SH,600750,江中药业,20010316,16.45,16.75,16.28,16.75,16.28,0.47,2.89,15527.68,25696.435,2569.6435,25.696435,0.25696435
600750.SH,600750,江中药业,20010319,16.69,16.8,16.31,16.46,16.75,-0.29,-1.73,10361.73,17030.57,1703.057,17.03057,0.1703057
600750.SH,600750,江中药业,20010320,16.46,16.7,16.25,16.55,16.46,0.09,0.55,7743.63,12746.833,1274.6833,12.746833000000002,0.12746833
600750.SH,600750,江中药业,20010321,16.53,16.97,16.53,16.85,16.55,0.3,1.81,17887.65,30033.937,3003.3937,30.033937,0.30033937
600750.SH,600750,江中药业,20010322,16.85,17.2,16.72,17.06,16.85,0.21,1.25,18255.11,30967.684,3096.7684,30.967684,0.30967684
600750.SH,600750,江中药业,20010323,17.06,17.23,16.59,16.7,17.06,-0.36,-2.11,8971.01,15165.769,1516.5769,15.165769,0.15165769
600750.SH,600750,江中药业,20010326,16.68,16.9,16.6,16.9,16.7,0.2,1.2,6490.4,10873.097,1087.3097,10.873097,0.10873097
600750.SH,600750,江中药业,20010327,16.9,17.08,16.71,16.89,16.9,-0.01,-0.06,6309.23,10673.462,1067.3462,10.673462,0.1067346199999999
600750.SH,600750,江中药业,20010328,16.82,16.86,16.55,16.76,16.89,-0.13,-0.77,6431.0,10715.52,1071.552,10.71552,0.1071552
600750.SH,600750,江中药业,20010329,16.62,17.06,16.59,16.94,16.76,0.18,1.07,17152.94,28911.719,2891.1719000000003,28.911719,0.28911719
600750.SH,600750,江中药业,20010330,16.98,17.14,16.69,16.96,16.94,0.02,0.12,5446.32,9196.819,919.6819,9.196819,0.0919681899999999
600750.SH,600750,江中药业,20010402,17.08,17.08,16.8,16.94,16.96,-0.02,-0.12,4873.83,8233.891,823.3891,8.233891,0.08233891
600750.SH,600750,江中药业,20010403,16.95,17.47,16.95,17.16,16.94,0.22,1.3,37184.0,64042.145,6404.2145,64.042145,0.6404214500000001
600750.SH,600750,江中药业,20010404,17.2,17.49,16.61,16.76,17.16,-0.4,-2.33,21571.31,37137.316,3713.7316,37.137316,0.37137316
600750.SH,600750,江中药业,20010405,16.74,16.95,16.59,16.81,16.76,0.05,0.3,4869.29,8142.644,814.2644,8.142644,0.08142644
600750.SH,600750,江中药业,20010406,16.83,16.89,16.51,16.71,16.81,-0.1,-0.59,9583.13,15996.934,1599.6934,15.996934,0.15996934
600750.SH,600750,江中药业,20010409,16.69,16.99,16.55,16.9,16.71,0.19,1.14,7111.09,11955.831,1195.5831,11.955831,0.11955831
600750.SH,600750,江中药业,20010410,17.01,17.56,17.0,17.1,16.9,0.2,1.18,31792.71,54990.246,5499.0246,54.990246,0.54990246
600750.SH,600750,江中药业,20010411,17.1,17.25,16.95,17.03,17.1,-0.07,-0.41,5856.42,9962.761,996.2761,9.962761,0.09962761
600750.SH,600750,江中药业,20010412,17.03,17.03,16.72,16.81,17.03,-0.22,-1.29,5792.25,9768.264,976.8264,9.768264,0.0976826399999999
600750.SH,600750,江中药业,20010413,16.85,17.18,16.81,17.08,16.81,0.27,1.61,9205.79,15692.995,1569.2995,15.692995000000002,0.15692995
600750.SH,600750,江中药业,20010416,17.1,17.26,16.9,17.1,17.08,0.02,0.12,12692.28,21692.914,2169.2914,21.692914,0.21692914
600750.SH,600750,江中药业,20010417,17.1,17.11,16.76,16.9,17.1,-0.2,-1.17,7087.72,11948.166,1194.8166,11.948166,0.1194816599999999
600750.SH,600750,江中药业,20010418,16.78,17.19,16.77,17.17,16.9,0.27,1.6,11662.01,19852.592,1985.2592,19.852592,0.19852592
600750.SH,600750,江中药业,20010419,17.3,17.43,16.9,17.0,17.17,-0.17,-0.99,13094.31,22464.108,2246.4108,22.464108,0.22464108
600750.SH,600750,江中药业,20010420,16.84,16.91,16.5,16.74,17.0,-0.26,-1.53,9073.42,15220.421,1522.0421,15.220421000000002,0.15220421
600750.SH,600750,江中药业,20010423,16.7,16.74,16.0,16.1,16.74,-0.64,-3.82,19823.24,32137.501,3213.7501,32.137501,0.32137501
600750.SH,600750,江中药业,20010424,16.18,16.25,16.0,16.04,16.1,-0.06,-0.37,10801.25,17356.186,1735.6186000000002,17.356186,0.17356186
600750.SH,600750,江中药业,20010426,15.99,16.0,15.75,15.76,16.04,-0.28,-1.75,3506.0,5544.957,554.4957,5.544957,0.05544957
600750.SH,600750,江中药业,20010427,15.7,15.98,15.7,15.8,15.76,0.04,0.25,2962.45,4687.567,468.7567,4.6875670000000005,0.04687567
600750.SH,600750,江中药业,20010430,15.8,16.08,15.8,15.96,15.8,0.16,1.01,2305.38,3662.881,366.2881,3.662881,0.03662881
600750.SH,600750,江中药业,20010508,15.86,16.3,15.86,16.23,15.96,0.27,1.69,1706.2,2759.161,275.91610000000003,2.759161,0.02759161
600750.SH,600750,江中药业,20010509,16.23,16.29,16.05,16.1,16.23,-0.13,-0.8,2304.8,3723.215,372.3215,3.723215,0.03723215
600750.SH,600750,江中药业,20010510,16.1,16.2,16.03,16.12,16.1,0.02,0.12,2530.3,4074.42,407.442,4.07442,0.0407442
600750.SH,600750,江中药业,20010511,16.15,16.15,15.9,16.06,16.12,-0.06,-0.37,3041.98,4871.708,487.1708,4.871708,0.0487170799999999
600750.SH,600750,江中药业,20010514,16.06,16.07,15.81,15.96,16.06,-0.1,-0.62,7053.07,11220.861,1122.0861,11.220861,0.1122086099999999
600750.SH,600750,江中药业,20010515,15.96,16.4,15.96,16.31,15.96,0.35,2.19,12498.58,20281.002,2028.1002,20.281002,0.20281002
600750.SH,600750,江中药业,20010516,16.3,16.37,16.16,16.3,16.31,-0.01,-0.06,8986.82,14609.188,1460.9188,14.609188,0.14609188
600750.SH,600750,江中药业,20010517,16.35,16.38,16.1,16.18,16.3,-0.12,-0.74,11282.58,18279.828,1827.9828,18.279828,0.18279828
600750.SH,600750,江中药业,20010518,16.1,16.39,16.1,16.32,16.18,0.14,0.87,5030.54,8166.414,816.6414,8.166414,0.08166414
600750.SH,600750,江中药业,20010521,16.35,16.7,16.18,16.7,16.22,0.48,2.96,7300.83,12002.081,1200.2081,12.002081,0.12002081
600750.SH,600750,江中药业,20010522,16.8,16.99,16.51,16.55,16.7,-0.15,-0.9,19009.0,31928.379,3192.8379,31.928379,0.31928379
600750.SH,600750,江中药业,20010523,16.55,16.6,16.12,16.28,16.55,-0.27,-1.63,6812.71,11176.548,1117.6548,11.176548,0.11176548
600750.SH,600750,江中药业,20010524,16.28,16.38,16.12,16.32,16.28,0.04,0.25,3953.33,6414.616,641.4616,6.414616,0.06414616
600750.SH,600750,江中药业,20010525,16.32,16.4,16.1,16.2,16.32,-0.12,-0.74,2808.49,4545.537,454.5537000000001,4.545537,0.04545537
600750.SH,600750,江中药业,20010528,16.1,16.17,15.93,15.96,16.2,-0.24,-1.48,3439.0,5508.472,550.8471999999999,5.508471999999999,0.05508472
600750.SH,600750,江中药业,20010529,15.9,16.3,15.9,16.05,15.96,0.09,0.56,1569.67,2520.735,252.0735,2.520735,0.02520735
600750.SH,600750,江中药业,20010530,16.1,16.35,15.98,16.2,16.05,0.15,0.93,3602.26,5826.932,582.6931999999999,5.826931999999999,0.0582693199999999
600750.SH,600750,江中药业,20010531,16.21,16.68,16.2,16.54,16.2,0.34,2.1,6155.94,10101.277,1010.1277,10.101277,0.10101277
600750.SH,600750,江中药业,20010601,16.7,16.7,16.35,16.59,16.54,0.05,0.3,4341.4,7161.411,716.1411,7.161411,0.07161411
600750.SH,600750,江中药业,20010604,16.58,16.76,16.45,16.61,16.59,0.02,0.12,5175.36,8594.28,859.4280000000001,8.594280000000001,0.0859428
600750.SH,600750,江中药业,20010605,16.6,16.76,16.56,16.72,16.61,0.11,0.66,8477.44,14122.025,1412.2025,14.122025,0.14122025
600750.SH,600750,江中药业,20010606,16.72,16.85,16.61,16.7,16.72,-0.02,-0.12,4986.1,8334.892,833.4892,8.334892,0.0833489199999999
600750.SH,600750,江中药业,20010607,16.7,16.96,16.4,16.78,16.7,0.08,0.48,10521.05,17617.629,1761.7629000000002,17.617629,0.17617629
600750.SH,600750,江中药业,20010608,16.8,16.84,16.51,16.7,16.78,-0.08,-0.48,13082.47,21752.831,2175.2831,21.752831,0.2175283099999999
600750.SH,600750,江中药业,20010611,16.61,16.98,16.61,16.9,16.7,0.2,1.2,18964.45,31897.843,3189.7843000000003,31.897843,0.31897843
600750.SH,600750,江中药业,20010612,16.92,17.0,16.77,16.83,16.9,-0.07,-0.41,5119.0,8646.277,864.6277,8.646277,0.08646277
600750.SH,600750,江中药业,20010613,16.86,17.18,16.86,17.09,16.83,0.26,1.54,8992.47,15334.447,1533.4447,15.334447,0.15334447
600750.SH,600750,江中药业,20010614,17.1,17.11,16.4,16.45,17.09,-0.64,-3.74,8742.59,14706.781,1470.6781,14.706781,0.14706781
600750.SH,600750,江中药业,20010615,16.42,16.8,16.4,16.71,16.45,0.26,1.58,4597.88,7651.198,765.1198,7.651198000000001,0.07651198
600750.SH,600750,江中药业,20010618,16.8,17.0,16.0,16.22,16.71,-0.49,-2.93,7632.0,12576.114,1257.6114,12.576114,0.12576114
600750.SH,600750,江中药业,20010619,16.25,16.55,16.21,16.35,16.22,0.13,0.8,5790.1,9433.303,943.3303,9.433303,0.09433303
600750.SH,600750,江中药业,20010620,16.4,16.55,16.25,16.35,16.35,0.0,0.0,3265.6,5351.799,535.1799,5.351799,0.0535179899999999
600750.SH,600750,江中药业,20010621,16.35,16.72,16.31,16.67,16.35,0.32,1.96,3173.91,5255.37,525.537,5.25537,0.0525537
600750.SH,600750,江中药业,20010622,16.69,17.0,16.69,16.95,16.67,0.28,1.68,10655.64,18005.811,1800.5811,18.005811,0.18005811
600750.SH,600750,江中药业,20010625,16.95,17.16,16.89,17.12,16.95,0.17,1.0,11702.75,19937.453,1993.7453,19.937453,0.19937453
600750.SH,600750,江中药业,20010626,17.12,17.25,16.88,17.15,17.12,0.03,0.18,8841.98,15123.075,1512.3075,15.123075000000002,0.15123075
600750.SH,600750,江中药业,20010627,17.25,17.25,16.95,16.95,17.15,-0.2,-1.17,3775.0,6423.226,642.3226,6.423226,0.06423226
600750.SH,600750,江中药业,20010628,16.8,17.2,16.8,17.1,16.95,0.15,0.89,7950.62,13559.706,1355.9706,13.559706,0.13559706
600750.SH,600750,江中药业,20010629,17.1,17.38,17.08,17.35,17.1,0.25,1.46,18568.17,32079.495,3207.9495,32.079494999999994,0.3207949499999999
600750.SH,600750,江中药业,20010702,17.3,17.55,17.02,17.31,17.35,-0.04,-0.23,17183.17,29844.096,2984.4096,29.844096,0.29844096
600750.SH,600750,江中药业,20010703,17.39,17.39,17.01,17.23,17.31,-0.08,-0.46,6438.5,11054.256,1105.4256,11.054256,0.11054256
600750.SH,600750,江中药业,20010704,17.2,17.3,17.05,17.29,17.23,0.06,0.35,4715.2,8103.66,810.366,8.10366,0.0810366
600750.SH,600750,江中药业,20010705,17.16,17.28,17.05,17.22,17.29,-0.07,-0.4,12940.01,22240.001,2224.0001,22.240001000000003,0.22240001
600750.SH,600750,江中药业,20010706,17.19,17.65,17.17,17.54,17.22,0.32,1.86,38079.52,66524.123,6652.412300000001,66.524123,0.66524123
600750.SH,600750,江中药业,20010709,17.52,17.98,17.5,17.76,17.54,0.22,1.25,34709.02,61633.046,6163.3046,61.63304600000001,0.61633046
600750.SH,600750,江中药业,20010710,17.76,18.08,17.74,17.93,17.76,0.17,0.96,29949.94,53473.884,5347.3884,53.473884,0.5347388399999999
600750.SH,600750,江中药业,20010711,17.98,18.04,17.5,17.59,17.93,-0.34,-1.9,18024.04,31908.038,3190.8038,31.908038,0.31908038
600750.SH,600750,江中药业,20010712,17.47,17.68,17.3,17.6,17.59,0.01,0.06,17854.64,31184.064,3118.4064,31.184064,0.31184064
600750.SH,600750,江中药业,20010713,17.48,17.71,17.34,17.62,17.6,0.02,0.11,13998.76,24578.807,2457.8807,24.578807,0.24578807
600750.SH,600750,江中药业,20010716,17.62,17.76,17.35,17.55,17.62,-0.07,-0.4,10916.0,19125.99,1912.599,19.12599,0.1912599
600750.SH,600750,江中药业,20010717,17.55,17.78,17.3,17.54,17.55,-0.01,-0.06,16349.68,28607.187,2860.7187000000004,28.607187000000003,0.28607187
600750.SH,600750,江中药业,20010718,17.38,17.47,17.16,17.2,17.54,-0.34,-1.94,5236.5,9081.82,908.182,9.08182,0.0908182
600750.SH,600750,江中药业,20010719,17.2,17.63,17.2,17.48,17.2,0.28,1.63,16630.22,28993.206,2899.3206,28.993206,0.28993206
600750.SH,600750,江中药业,20010720,17.59,17.86,17.38,17.8,17.48,0.32,1.83,16943.54,29870.062,2987.0062000000003,29.870062000000004,0.29870062
600750.SH,600750,江中药业,20010723,17.8,17.94,17.66,17.88,17.8,0.08,0.45,27184.26,48378.789,4837.8789,48.378789,0.48378789
600750.SH,600750,江中药业,20010724,17.89,17.93,17.42,17.58,17.88,-0.3,-1.68,15518.9,27338.641,2733.8641,27.338641,0.2733864099999999
600750.SH,600750,江中药业,20010725,17.42,17.79,17.38,17.58,17.58,0.0,0.0,11679.26,20521.927,2052.1927,20.521927,0.20521927
600750.SH,600750,江中药业,20010726,17.68,17.69,17.0,17.18,17.58,-0.4,-2.28,6250.06,10759.548,1075.9548,10.759548,0.10759548
600750.SH,600750,江中药业,20010727,17.25,17.42,16.3,16.67,17.18,-0.51,-2.97,12884.9,21656.232,2165.6232,21.656232,0.21656232
600750.SH,600750,江中药业,20010730,16.5,16.5,15.65,15.65,16.67,-1.02,-6.12,7124.09,11349.524,1134.9524,11.349524,0.1134952399999999
600750.SH,600750,江中药业,20010731,15.65,15.99,15.4,15.5,15.65,-0.15,-0.96,4875.91,7620.41,762.0409999999999,7.62041,0.0762041
600750.SH,600750,江中药业,20010801,15.88,16.2,15.62,16.09,15.5,0.59,3.81,3491.91,5558.193,555.8193,5.558193,0.05558193
600750.SH,600750,江中药业,20010802,16.18,16.18,15.46,15.78,16.09,-0.31,-1.93,4758.95,7440.153,744.0153,7.440153,0.07440153
600750.SH,600750,江中药业,20010803,15.78,16.08,15.55,15.91,15.78,0.13,0.82,1512.4,2392.153,239.2153,2.392153,0.02392153
600750.SH,600750,江中药业,20010806,16.0,16.18,15.25,15.32,15.91,-0.59,-3.71,7409.57,11419.708,1141.9708,11.419708,0.11419708
600750.SH,600750,江中药业,20010807,15.78,15.78,15.15,15.5,15.32,0.18,1.17,3870.54,5979.681,597.9680999999999,5.979680999999999,0.0597968099999999
600750.SH,600750,江中药业,20010808,15.6,15.85,15.4,15.7,15.5,0.2,1.29,4702.1,7346.12,734.612,7.34612,0.0734612
600750.SH,600750,江中药业,20010809,15.9,16.1,15.7,15.96,15.7,0.26,1.66,3234.88,5159.766,515.9766,5.159765999999999,0.05159766
600750.SH,600750,江中药业,20010810,16.4,16.83,16.1,16.5,15.96,0.54,3.38,20663.33,34193.839,3419.3839,34.193839,0.34193839
600750.SH,600750,江中药业,20010813,16.25,16.6,16.23,16.6,16.5,0.1,0.61,22786.14,37427.716,3742.7716,37.427716,0.37427716
600750.SH,600750,江中药业,20010814,16.3,16.66,16.3,16.66,16.6,0.06,0.36,8644.33,14202.304,1420.2304,14.202304,0.14202304
600750.SH,600750,江中药业,20010815,16.72,16.85,16.4,16.68,16.66,0.02,0.12,4048.31,6707.093,670.7093,6.707093,0.06707093
600750.SH,600750,江中药业,20010816,16.38,16.55,16.38,16.55,16.68,-0.13,-0.78,3409.89,5608.818,560.8818,5.608818,0.05608818
600750.SH,600750,江中药业,20010817,16.6,16.65,16.3,16.6,16.55,0.05,0.3,7864.24,12992.708,1299.2708,12.992708,0.12992708
600750.SH,600750,江中药业,20010820,16.45,16.88,16.45,16.8,16.6,0.2,1.2,13143.59,21932.737,2193.2737,21.932737000000003,0.21932737
600750.SH,600750,江中药业,20010821,16.9,17.05,16.72,16.83,16.8,0.03,0.18,3640.21,6141.141,614.1141,6.141141,0.06141141
600750.SH,600750,江中药业,20010822,16.7,16.98,16.6,16.74,16.83,-0.09,-0.53,25904.38,43532.191,4353.2191,43.532191000000005,0.43532191
600750.SH,600750,江中药业,20010823,16.85,16.85,16.31,16.41,16.74,-0.33,-1.97,5429.08,8960.803,896.0803,8.960803,0.08960803
600750.SH,600750,江中药业,20010824,16.5,16.5,16.3,16.47,16.41,0.06,0.37,1869.5,3063.274,306.3274,3.0632740000000003,0.03063274
600750.SH,600750,江中药业,20010827,15.5,16.38,15.5,15.8,16.47,-0.67,-4.07,2798.87,4447.078,444.7078,4.447078,0.04447078
600750.SH,600750,江中药业,20010828,15.81,15.88,15.3,15.78,15.8,-0.02,-0.13,2376.68,3703.161,370.3161,3.703161,0.03703161
600750.SH,600750,江中药业,20010829,15.99,16.0,15.7,15.75,15.78,-0.03,-0.19,1140.0,1809.742,180.9742,1.809742,0.01809742
600750.SH,600750,江中药业,20010830,15.65,15.9,15.56,15.61,15.75,-0.14,-0.89,1100.7,1722.373,172.2373,1.7223730000000002,0.01722373
600750.SH,600750,江中药业,20010831,15.6,15.84,15.6,15.75,15.61,0.14,0.9,2556.0,4001.468,400.1468,4.001468,0.04001468
600750.SH,600750,江中药业,20010903,15.99,15.99,15.5,15.82,15.75,0.07,0.44,366.5,576.973,57.6973,0.576973,0.00576973
600750.SH,600750,江中药业,20010904,15.8,16.1,15.8,16.08,15.82,0.26,1.64,2547.99,4064.733,406.4733,4.064733,0.04064733
600750.SH,600750,江中药业,20010905,16.1,16.25,15.91,16.0,16.08,-0.08,-0.5,1114.5,1794.747,179.4747,1.794747,0.01794747
600750.SH,600750,江中药业,20010906,16.0,16.3,15.61,15.91,16.0,-0.09,-0.56,816.6,1300.888,130.0888,1.3008879999999998,0.0130088799999999
600750.SH,600750,江中药业,20010907,15.8,15.91,15.61,15.69,15.91,-0.22,-1.38,3993.6,6265.663,626.5663,6.265663,0.06265663
600750.SH,600750,江中药业,20010910,15.45,16.18,15.35,16.18,15.69,0.49,3.12,3555.0,5661.296,566.1296,5.661296,0.05661296
600750.SH,600750,江中药业,20010911,16.2,16.37,15.9,16.35,16.18,0.17,1.05,4871.7,7890.694,789.0694000000001,7.890694000000001,0.07890694
600750.SH,600750,江中药业,20010912,16.02,16.11,15.7,16.0,16.35,-0.35,-2.14,2861.8,4559.181,455.9181,4.559181,0.0455918099999999
600750.SH,600750,江中药业,20010913,16.02,16.2,15.91,15.94,16.0,-0.06,-0.38,597.97,957.168,95.7168,0.957168,0.00957168
600750.SH,600750,江中药业,20010914,15.88,16.11,15.8,15.83,15.94,-0.11,-0.69,861.74,1364.777,136.4777,1.364777,0.0136477699999999
600750.SH,600750,江中药业,20010917,15.75,15.76,15.4,15.42,15.83,-0.41,-2.59,2312.0,3587.941,358.7941,3.5879409999999994,0.0358794099999999
600750.SH,600750,江中药业,20010918,15.41,15.85,15.25,15.5,15.42,0.08,0.52,1125.96,1739.501,173.9501,1.739501,0.01739501
600750.SH,600750,江中药业,20010919,15.5,15.65,15.25,15.65,15.5,0.15,0.97,1037.1,1595.44,159.544,1.5954400000000002,0.0159544
600750.SH,600750,江中药业,20010920,15.71,15.71,15.41,15.45,15.65,-0.2,-1.28,821.1,1277.526,127.7526,1.277526,0.01277526
600750.SH,600750,江中药业,20010921,15.49,15.49,15.13,15.15,15.45,-0.3,-1.94,2030.0,3096.026,309.6026,3.096026,0.03096026
600750.SH,600750,江中药业,20010924,15.0,15.03,13.64,13.64,15.15,-1.51,-9.97,16630.1,23109.937,2310.9937,23.109937,0.23109937
600750.SH,600750,江中药业,20010925,13.18,13.6,13.16,13.25,13.64,-0.39,-2.86,5582.98,7408.207,740.8207,7.408207,0.07408207
600750.SH,600750,江中药业,20010926,13.25,13.42,13.2,13.28,13.25,0.03,0.23,1471.08,1953.296,195.3296,1.953296,0.01953296
600750.SH,600750,江中药业,20010927,13.27,13.5,13.18,13.45,13.28,0.17,1.28,1538.92,2051.156,205.1156,2.051156,0.02051156
600750.SH,600750,江中药业,20010928,13.5,13.6,13.18,13.6,13.45,0.15,1.12,1477.41,1983.238,198.3238,1.983238,0.01983238
600750.SH,600750,江中药业,20011008,13.6,13.6,13.22,13.27,13.6,-0.33,-2.43,616.8,821.968,82.1968,0.8219679999999999,0.00821968
600750.SH,600750,江中药业,20011009,12.68,13.28,12.68,13.0,13.27,-0.27,-2.03,1407.5,1826.02,182.602,1.82602,0.0182602
600750.SH,600750,江中药业,20011010,13.0,13.0,12.3,12.3,13.0,-0.7,-5.38,1873.0,2346.136,234.6136,2.346136,0.02346136
600750.SH,600750,江中药业,20011011,12.35,12.5,11.88,12.0,12.3,-0.3,-2.44,2263.3,2733.468,273.3468,2.733468,0.0273346799999999
600750.SH,600750,江中药业,20011012,12.18,12.7,11.8,12.7,12.0,0.7,5.83,3534.82,4362.914,436.2914,4.362914,0.04362914
600750.SH,600750,江中药业,20011015,12.7,12.94,12.45,12.65,12.7,-0.05,-0.39,1763.0,2235.253,223.5253,2.235253,0.02235253
600750.SH,600750,江中药业,20011016,12.68,12.75,12.3,12.38,12.65,-0.27,-2.13,693.0,863.037,86.3037,0.863037,0.00863037
600750.SH,600750,江中药业,20011017,12.38,12.48,12.11,12.15,12.38,-0.23,-1.86,899.95,1101.186,110.1186,1.1011859999999998,0.0110118599999999
600750.SH,600750,江中药业,20011018,12.15,12.22,11.76,11.89,12.15,-0.26,-2.14,1293.8,1548.046,154.8046,1.548046,0.01548046
600750.SH,600750,江中药业,20011019,11.55,11.85,11.2,11.32,11.89,-0.57,-4.79,2415.15,2748.57,274.857,2.7485700000000004,0.0274857
600750.SH,600750,江中药业,20011022,11.03,11.26,10.8,10.8,11.32,-0.52,-4.59,2130.0,2349.961,234.9961,2.349961,0.02349961
600750.SH,600750,江中药业,20011023,11.88,11.88,11.6,11.88,10.8,1.08,10.0,3850.1,4561.085,456.1085,4.561085,0.04561085
600750.SH,600750,江中药业,20011024,12.68,12.98,12.36,12.67,11.88,0.79,6.65,9542.46,12057.265,1205.7265,12.057265,0.1205726499999999
600750.SH,600750,江中药业,20011025,12.6,12.67,12.21,12.22,12.67,-0.45,-3.55,3249.2,4040.691,404.0691,4.040691,0.04040691
600750.SH,600750,江中药业,20011026,12.03,12.25,11.9,12.1,12.22,-0.12,-0.98,2093.17,2525.774,252.5774,2.525774,0.0252577399999999
600750.SH,600750,江中药业,20011029,12.15,12.37,12.1,12.35,12.1,0.25,2.07,814.69,997.493,99.7493,0.997493,0.00997493
600750.SH,600750,江中药业,20011030,12.35,12.35,12.01,12.2,12.35,-0.15,-1.21,828.47,1007.921,100.7921,1.007921,0.01007921
600750.SH,600750,江中药业,20011031,12.15,12.2,12.0,12.2,12.2,0.0,0.0,636.7,768.397,76.83970000000001,0.7683970000000001,0.00768397
600750.SH,600750,江中药业,20011101,12.48,12.68,12.23,12.6,12.2,0.4,3.28,1996.74,2489.357,248.9357,2.489357,0.02489357
600750.SH,600750,江中药业,20011102,12.5,12.68,12.36,12.55,12.6,-0.05,-0.4,878.7,1095.339,109.5339,1.0953389999999998,0.0109533899999999
600750.SH,600750,江中药业,20011105,12.4,12.4,12.2,12.28,12.55,-0.27,-2.15,746.68,916.282,91.6282,0.916282,0.00916282
600750.SH,600750,江中药业,20011106,12.18,12.26,12.1,12.15,12.28,-0.13,-1.06,460.5,561.792,56.1792,0.5617920000000001,0.00561792
600750.SH,600750,江中药业,20011107,12.1,12.1,11.3,11.31,12.15,-0.84,-6.91,2313.0,2685.937,268.5937,2.685937,0.02685937
600750.SH,600750,江中药业,20011108,11.18,11.5,10.88,11.3,11.31,-0.01,-0.09,1937.97,2164.019,216.4019,2.164019,0.0216401899999999
600750.SH,600750,江中药业,20011109,11.3,11.59,11.02,11.54,11.3,0.24,2.12,976.76,1115.999,111.5999,1.115999,0.01115999
600750.SH,600750,江中药业,20011112,11.15,11.5,11.12,11.38,11.54,-0.16,-1.39,1277.2,1445.429,144.5429,1.445429,0.01445429
600750.SH,600750,江中药业,20011113,11.1,11.39,11.08,11.3,11.38,-0.08,-0.7,315.05,355.178,35.5178,0.355178,0.00355178
600750.SH,600750,江中药业,20011114,11.47,11.5,11.38,11.43,11.3,0.13,1.15,363.4,415.698,41.5698,0.415698,0.00415698
600750.SH,600750,江中药业,20011115,11.45,11.6,11.39,11.41,11.43,-0.02,-0.18,523.5,598.37,59.837,0.5983700000000001,0.0059837
600750.SH,600750,江中药业,20011116,12.38,12.54,11.68,11.68,11.41,0.27,2.37,3921.4,4678.382,467.8382,4.678382,0.04678382
600750.SH,600750,江中药业,20011119,11.81,12.0,11.69,11.99,11.68,0.31,2.65,919.2,1088.592,108.85920000000002,1.0885920000000002,0.01088592
600750.SH,600750,江中药业,20011120,12.05,12.55,12.01,12.55,11.99,0.56,4.67,3503.7,4307.033,430.7033,4.3070330000000006,0.04307033
600750.SH,600750,江中药业,20011121,12.48,12.55,12.36,12.48,12.55,-0.07,-0.56,1384.17,1722.4,172.24,1.7224000000000002,0.017224
600750.SH,600750,江中药业,20011122,12.5,13.08,12.48,13.01,12.48,0.53,4.25,27436.18,35533.428,3553.3428,35.533428,0.35533428
600750.SH,600750,江中药业,20011123,12.98,13.2,12.82,13.15,13.01,0.14,1.08,19702.29,25759.513,2575.9513,25.759513,0.25759513
600750.SH,600750,江中药业,20011126,13.15,13.31,13.0,13.3,13.15,0.15,1.14,13061.58,17282.793,1728.2793,17.282793,0.17282793
600750.SH,600750,江中药业,20011127,13.35,13.48,13.0,13.25,13.3,-0.05,-0.38,11111.7,14732.959,1473.2959,14.732959,0.14732959
600750.SH,600750,江中药业,20011128,13.28,13.45,13.2,13.32,13.25,0.07,0.53,11395.72,15198.729,1519.8728999999998,15.198728999999998,0.15198729
600750.SH,600750,江中药业,20011129,13.3,13.66,13.1,13.57,13.32,0.25,1.88,19439.1,26226.562,2622.6562000000004,26.226562000000005,0.26226562
600750.SH,600750,江中药业,20011130,13.55,13.98,13.55,13.98,13.57,0.41,3.02,14733.68,20293.475,2029.3475,20.293475,0.2029347499999999
600750.SH,600750,江中药业,20011203,14.06,14.3,13.83,14.07,13.98,0.09,0.64,11411.35,15995.68,1599.568,15.99568,0.1599568
600750.SH,600750,江中药业,20011204,14.08,14.38,14.06,14.35,14.07,0.28,1.99,12731.9,18122.697,1812.2697,18.122697,0.18122697
600750.SH,600750,江中药业,20011205,14.38,14.38,13.79,13.79,14.35,-0.56,-3.9,7054.55,9907.506,990.7506,9.907506,0.0990750599999999
600750.SH,600750,江中药业,20011206,13.67,14.0,13.65,13.84,13.79,0.05,0.36,4240.33,5881.869,588.1868999999999,5.881868999999999,0.0588186899999999
600750.SH,600750,江中药业,20011207,13.8,14.18,13.5,14.08,13.84,0.24,1.73,9737.64,13547.209,1354.7209,13.547209,0.13547209
600750.SH,600750,江中药业,20011210,14.05,14.2,13.91,14.01,14.08,-0.07,-0.5,4044.2,5682.78,568.278,5.68278,0.0568278
600750.SH,600750,江中药业,20011211,14.0,14.28,13.8,13.86,14.01,-0.15,-1.07,6662.73,9378.513,937.8513,9.378513,0.09378513
600750.SH,600750,江中药业,20011212,13.63,14.0,13.45,13.66,13.86,-0.2,-1.44,3768.02,5160.384,516.0384,5.1603840000000005,0.05160384
600750.SH,600750,江中药业,20011213,13.6,13.7,13.15,13.21,13.66,-0.45,-3.29,3894.06,5212.914,521.2914,5.212914,0.05212914
600750.SH,600750,江中药业,20011214,13.03,13.5,13.03,13.29,13.21,0.08,0.61,3201.02,4253.537,425.3537,4.253537,0.0425353699999999
600750.SH,600750,江中药业,20011217,13.15,13.4,13.1,13.38,13.29,0.09,0.68,928.0,1230.875,123.0875,1.2308750000000002,0.01230875
600750.SH,600750,江中药业,20011218,13.28,13.8,13.28,13.7,13.38,0.32,2.39,6598.82,8979.018,897.9018,8.979018,0.08979018
600750.SH,600750,江中药业,20011219,13.7,14.0,13.5,13.79,13.7,0.09,0.66,9778.06,13533.737,1353.3737,13.533737,0.1353373699999999
600750.SH,600750,江中药业,20011220,13.75,13.75,13.3,13.48,13.79,-0.31,-2.25,4289.5,5779.429,577.9429,5.779429,0.05779429
600750.SH,600750,江中药业,20011221,13.4,13.88,13.4,13.88,13.48,0.4,2.97,7442.42,10201.69,1020.169,10.20169,0.1020169
600750.SH,600750,江中药业,20011224,13.98,14.0,13.7,13.85,13.88,-0.03,-0.22,6678.4,9261.658,926.1658,9.261658,0.09261658
600750.SH,600750,江中药业,20011225,13.8,13.98,13.8,13.88,13.85,0.03,0.22,2312.07,3210.385,321.0385,3.210385,0.03210385
600750.SH,600750,江中药业,20011226,13.85,14.25,13.85,14.22,13.88,0.34,2.45,10194.18,14432.714,1443.2714,14.432714,0.14432714
600750.SH,600750,江中药业,20011227,14.25,14.3,14.02,14.22,14.22,0.0,0.0,9509.75,13455.66,1345.566,13.45566,0.1345566
600750.SH,600750,江中药业,20011228,14.19,14.3,14.06,14.23,14.22,0.01,0.07,6838.9,9711.893,971.1893,9.711893,0.0971189299999999
600750.SH,600750,江中药业,20011231,14.3,14.7,14.28,14.58,14.23,0.35,2.46,11328.84,16400.092,1640.0092,16.400092,0.16400092
600750.SH,600750,江中药业,20020104,14.53,14.6,14.0,14.24,14.58,-0.34,-2.33,3445.39,4886.999,488.6999,4.886998999999999,0.0488699899999999
600750.SH,600750,江中药业,20020107,14.25,14.3,13.76,13.81,14.24,-0.43,-3.02,2800.2,3889.83,388.983,3.88983,0.0388983
600750.SH,600750,江中药业,20020108,13.6,13.75,13.15,13.23,13.81,-0.58,-4.2,5243.54,7061.053,706.1052999999999,7.061052999999999,0.0706105299999999
600750.SH,600750,江中药业,20020109,13.2,13.41,13.1,13.23,13.23,0.0,0.0,4062.49,5390.184,539.0184,5.3901840000000005,0.05390184
600750.SH,600750,江中药业,20020110,13.2,13.5,13.0,13.38,13.23,0.15,1.13,4340.0,5707.828,570.7828000000001,5.707828000000001,0.05707828
600750.SH,600750,江中药业,20020111,13.35,13.48,13.28,13.31,13.38,-0.07,-0.52,2443.18,3269.001,326.9001,3.2690010000000003,0.03269001
600750.SH,600750,江中药业,20020115,12.8,12.99,12.0,12.23,13.31,-1.08,-8.11,5234.8,6604.934,660.4934000000001,6.604934000000001,0.06604934
600750.SH,600750,江中药业,20020116,12.12,12.9,12.0,12.87,12.23,0.64,5.23,7119.09,8881.053,888.1052999999999,8.881053,0.08881053
600750.SH,600750,江中药业,20020117,12.98,13.3,12.5,12.54,12.87,-0.33,-2.56,2856.8,3625.384,362.5384,3.625384,0.03625384
600750.SH,600750,江中药业,20020118,12.4,12.9,12.0,12.63,12.54,0.09,0.72,6273.04,7849.835,784.9835,7.849835000000001,0.07849835
600750.SH,600750,江中药业,20020121,12.65,12.98,11.9,12.04,12.63,-0.59,-4.67,4855.02,5966.239,596.6238999999999,5.966238999999999,0.0596623899999999
600750.SH,600750,江中药业,20020122,12.0,12.46,12.0,12.19,12.04,0.15,1.25,5478.53,6677.64,667.764,6.67764,0.0667764
600750.SH,600750,江中药业,20020123,12.25,12.92,12.01,12.91,12.19,0.72,5.91,8356.7,10406.055,1040.6055,10.406055000000002,0.10406055
600750.SH,600750,江中药业,20020124,12.9,13.28,12.5,13.17,12.91,0.26,2.01,9975.79,12892.895,1289.2895,12.892895,0.12892895
600750.SH,600750,江中药业,20020125,13.28,13.31,12.9,13.14,13.17,-0.03,-0.23,10766.28,14073.328,1407.3328,14.073327999999998,0.14073328
600750.SH,600750,江中药业,20020128,13.05,13.05,12.01,12.18,13.14,-0.96,-7.31,5745.54,7180.791,718.0791,7.180791,0.07180791
600750.SH,600750,江中药业,20020129,12.0,12.65,12.0,12.51,12.18,0.33,2.71,6011.72,7429.95,742.995,7.42995,0.0742995
600750.SH,600750,江中药业,20020130,12.53,12.65,12.26,12.61,12.51,0.1,0.8,3573.3,4464.674,446.4674,4.464674,0.04464674
600750.SH,600750,江中药业,20020131,12.65,13.65,12.6,13.58,12.61,0.97,7.69,15337.43,20303.511,2030.3511,20.303511,0.20303511
600750.SH,600750,江中药业,20020201,13.48,13.68,13.0,13.52,13.58,-0.06,-0.44,12005.76,15997.979,1599.7979,15.997979,0.15997979
600750.SH,600750,江中药业,20020204,13.25,13.8,13.25,13.8,13.52,0.28,2.07,7889.3,10731.717,1073.1717,10.731717000000002,0.10731717
600750.SH,600750,江中药业,20020205,13.77,14.0,13.55,13.85,13.8,0.05,0.36,6238.7,8597.499,859.7499,8.597499000000001,0.08597499
600750.SH,600750,江中药业,20020206,13.8,13.85,13.38,13.51,13.85,-0.34,-2.45,5057.8,6849.468,684.9467999999999,6.849467999999999,0.0684946799999999
600750.SH,600750,江中药业,20020207,13.46,13.79,13.45,13.69,13.51,0.18,1.33,5472.44,7476.759,747.6759,7.476758999999999,0.07476759
600750.SH,600750,江中药业,20020208,13.7,14.0,13.55,13.75,13.69,0.06,0.44,4940.3,6792.984,679.2984,6.792984000000001,0.06792984
600750.SH,600750,江中药业,20020226,13.98,14.33,13.5,13.84,13.75,0.09,0.65,7773.0,10770.862,1077.0862,10.770862,0.1077086199999999
600750.SH,600750,江中药业,20020227,13.75,13.98,13.71,13.79,13.84,-0.05,-0.36,3313.1,4599.352,459.9352,4.599352,0.0459935199999999
600750.SH,600750,江中药业,20020228,13.78,13.99,13.3,13.39,13.79,-0.4,-2.9,5133.63,6925.078,692.5078000000001,6.925078000000001,0.06925078
600750.SH,600750,江中药业,20020301,13.41,13.6,13.23,13.55,13.39,0.16,1.19,6032.66,8099.925,809.9925000000001,8.099925,0.08099925
600750.SH,600750,江中药业,20020304,13.55,13.88,13.4,13.87,13.55,0.32,2.36,6050.98,8273.104,827.3104,8.273104,0.08273104
600750.SH,600750,江中药业,20020305,13.9,14.18,13.8,14.15,13.87,0.28,2.02,8718.14,12237.064,1223.7064,12.237064,0.12237064
600750.SH,600750,江中药业,20020306,14.25,14.37,13.83,13.98,14.15,-0.17,-1.2,10335.51,14538.279,1453.8279,14.538279,0.1453827899999999
600750.SH,600750,江中药业,20020307,14.0,14.28,13.9,14.28,13.98,0.3,2.15,7933.13,11234.334,1123.4334,11.234334,0.11234334
600750.SH,600750,江中药业,20020308,14.38,14.61,14.0,14.27,14.28,-0.01,-0.07,10406.87,14852.963,1485.2963,14.852963,0.14852963
600750.SH,600750,江中药业,20020311,14.35,14.75,14.2,14.74,14.27,0.47,3.29,13499.82,19633.812,1963.3812000000005,19.633812,0.19633812
600750.SH,600750,江中药业,20020312,14.75,14.98,14.45,14.79,14.74,0.05,0.34,17693.44,25918.716,2591.8716,25.918716,0.2591871599999999
600750.SH,600750,江中药业,20020313,14.8,15.0,14.46,14.58,14.79,-0.21,-1.42,8387.46,12325.618,1232.5618,12.325618,0.1232561799999999
600750.SH,600750,江中药业,20020314,14.55,14.96,14.35,14.93,14.58,0.35,2.4,9567.0,14004.504,1400.4504000000002,14.004504000000004,0.14004504
600750.SH,600750,江中药业,20020315,14.9,15.05,14.43,14.63,14.93,-0.3,-2.01,7631.56,11292.094,1129.2094,11.292094,0.1129209399999999
600750.SH,600750,江中药业,20020318,14.7,14.8,14.44,14.52,14.63,-0.11,-0.75,2518.7,3668.485,366.8485,3.668485,0.03668485
600750.SH,600750,江中药业,20020319,14.46,14.65,14.35,14.55,14.52,0.03,0.21,5277.13,7649.701,764.9701,7.649701,0.07649701
600750.SH,600750,江中药业,20020320,14.58,15.06,14.58,14.91,14.55,0.36,2.47,14038.39,20931.024,2093.1024,20.931024,0.20931024
600750.SH,600750,江中药业,20020321,15.08,15.23,14.68,14.76,14.91,-0.15,-1.01,5820.13,8688.659,868.8659,8.688659,0.08688659
600750.SH,600750,江中药业,20020322,14.75,14.75,14.41,14.56,14.76,-0.2,-1.36,2244.39,3271.391,327.1391,3.271391,0.03271391
600750.SH,600750,江中药业,20020325,14.47,14.6,14.46,14.58,14.56,0.02,0.14,1370.58,1995.346,199.5346,1.995346,0.01995346
600750.SH,600750,江中药业,20020326,14.63,14.68,14.25,14.42,14.58,-0.16,-1.1,4618.37,6642.765,664.2765,6.642765000000001,0.06642765
600750.SH,600750,江中药业,20020327,14.4,14.65,14.3,14.63,14.42,0.21,1.46,3974.2,5763.128,576.3127999999999,5.763127999999999,0.0576312799999999
600750.SH,600750,江中药业,20020328,14.63,14.88,14.32,14.55,14.63,-0.08,-0.55,3680.0,5376.482,537.6482,5.376481999999999,0.0537648199999999
600750.SH,600750,江中药业,20020329,14.35,14.49,14.02,14.27,14.55,-0.28,-1.92,2931.99,4167.025,416.7025,4.167025,0.04167025
600750.SH,600750,江中药业,20020401,14.2,14.25,14.0,14.09,14.27,-0.18,-1.26,2198.88,3096.503,309.6503,3.096503,0.03096503
600750.SH,600750,江中药业,20020402,14.02,14.2,13.8,13.91,14.09,-0.18,-1.28,1972.1,2747.918,274.7918,2.7479180000000003,0.02747918
600750.SH,600750,江中药业,20020403,13.91,13.98,13.66,13.83,13.91,-0.08,-0.58,1451.0,2009.828,200.9828,2.009828,0.02009828
600750.SH,600750,江中药业,20020404,13.71,14.28,13.7,14.2,13.83,0.37,2.68,4772.72,6696.304,669.6304,6.6963040000000005,0.06696304
600750.SH,600750,江中药业,20020405,14.2,14.5,14.0,14.08,14.2,-0.12,-0.85,4689.0,6683.155,668.3154999999999,6.683154999999999,0.0668315499999999
600750.SH,600750,江中药业,20020408,13.98,14.28,13.98,14.12,14.08,0.04,0.28,1007.08,1416.414,141.6414,1.416414,0.01416414
600750.SH,600750,江中药业,20020409,14.08,14.33,14.01,14.3,14.12,0.18,1.27,2587.83,3681.381,368.1381,3.681381,0.03681381
600750.SH,600750,江中药业,20020410,14.35,14.49,14.0,14.39,14.3,0.09,0.63,4516.15,6439.0,643.9,6.439,0.06439
600750.SH,600750,江中药业,20020411,14.43,14.43,14.03,14.05,14.39,-0.34,-2.36,2643.3,3764.308,376.4308,3.764308,0.0376430799999999
600750.SH,600750,江中药业,20020412,14.05,14.2,14.05,14.13,14.05,0.08,0.57,839.0,1184.516,118.4516,1.184516,0.01184516
600750.SH,600750,江中药业,20020415,14.15,14.15,13.81,14.05,14.13,-0.08,-0.57,1500.39,2099.683,209.9683,2.099683,0.02099683
600750.SH,600750,江中药业,20020416,13.85,14.0,13.8,13.89,14.05,-0.16,-1.14,1003.12,1392.846,139.2846,1.392846,0.01392846
600750.SH,600750,江中药业,20020417,13.9,14.05,13.8,14.03,13.89,0.14,1.01,1383.6,1927.115,192.7115,1.927115,0.01927115
600750.SH,600750,江中药业,20020418,14.03,14.03,13.83,13.92,14.03,-0.11,-0.78,511.9,712.792,71.2792,0.712792,0.0071279199999999
600750.SH,600750,江中药业,20020419,13.92,14.1,13.69,14.0,13.92,0.08,0.57,1396.82,1933.779,193.3779,1.933779,0.01933779
600750.SH,600750,江中药业,20020422,13.75,14.05,13.7,14.01,14.0,0.01,0.07,2361.8,3284.156,328.4156,3.284156,0.03284156
600750.SH,600750,江中药业,20020423,14.05,14.25,13.9,13.94,14.01,-0.07,-0.5,2572.5,3626.59,362.659,3.62659,0.0362659
600750.SH,600750,江中药业,20020424,13.85,14.0,13.85,13.9,13.94,-0.04,-0.29,538.5,747.532,74.7532,0.7475320000000001,0.00747532
600750.SH,600750,江中药业,20020426,13.85,14.1,13.85,14.04,13.9,0.14,1.01,798.0,1120.655,112.0655,1.120655,0.01120655
600750.SH,600750,江中药业,20020429,14.08,14.22,14.01,14.2,14.04,0.16,1.14,2915.79,4125.396,412.5396,4.125395999999999,0.0412539599999999
600750.SH,600750,江中药业,20020430,14.5,14.5,14.2,14.23,14.2,0.03,0.21,2091.2,2993.661,299.3661,2.9936610000000003,0.02993661
600750.SH,600750,江中药业,20020508,14.23,14.23,14.0,14.03,14.23,-0.2,-1.41,1100.58,1549.833,154.9833,1.5498330000000002,0.01549833
600750.SH,600750,江中药业,20020509,13.97,14.05,13.91,13.91,14.03,-0.12,-0.86,973.5,1360.712,136.0712,1.360712,0.01360712
600750.SH,600750,江中药业,20020510,14.0,14.0,13.76,13.77,13.91,-0.14,-1.01,925.0,1284.719,128.4719,1.284719,0.01284719
600750.SH,600750,江中药业,20020513,13.84,13.87,13.65,13.8,13.77,0.03,0.22,783.0,1075.468,107.5468,1.075468,0.01075468
600750.SH,600750,江中药业,20020514,13.8,13.81,13.58,13.6,13.8,-0.2,-1.45,1562.01,2134.985,213.4985,2.134985,0.02134985
600750.SH,600750,江中药业,20020515,13.61,13.78,13.32,13.59,13.6,-0.01,-0.07,2108.0,2863.526,286.3526,2.863526,0.02863526
600750.SH,600750,江中药业,20020516,13.5,13.5,13.0,13.09,13.59,-0.5,-3.68,3014.2,3973.953,397.3953,3.973953,0.03973953
600750.SH,600750,江中药业,20020517,13.15,13.45,12.98,13.41,13.09,0.32,2.44,4967.98,6551.879,655.1879,6.5518790000000005,0.06551879
600750.SH,600750,江中药业,20020520,13.45,13.66,13.0,13.18,13.41,-0.23,-1.72,5520.01,7311.329,731.1329,7.311329,0.07311329
600750.SH,600750,江中药业,20020521,13.42,13.67,13.34,13.51,13.18,0.33,2.5,3765.1,5089.485,508.9485,5.089485,0.05089485
600750.SH,600750,江中药业,20020522,13.41,13.5,13.3,13.33,13.51,-0.18,-1.33,1649.03,2206.94,220.694,2.2069400000000003,0.0220694
600750.SH,600750,江中药业,20020523,13.53,13.8,13.3,13.56,13.33,0.23,1.73,3035.84,4087.202,408.7202,4.087202,0.04087202
600750.SH,600750,江中药业,20020524,13.34,13.75,13.26,13.5,13.46,0.04,0.3,2547.0,3453.672,345.3672,3.453672,0.03453672
600750.SH,600750,江中药业,20020527,13.5,13.5,13.08,13.34,13.5,-0.16,-1.19,564.68,747.002,74.7002,0.7470019999999999,0.0074700199999999
600750.SH,600750,江中药业,20020528,13.34,13.4,13.14,13.21,13.34,-0.13,-0.97,566.0,751.376,75.13759999999999,0.7513759999999999,0.0075137599999999
600750.SH,600750,江中药业,20020529,13.18,13.19,12.91,12.95,13.21,-0.26,-1.97,972.0,1267.774,126.7774,1.267774,0.01267774
600750.SH,600750,江中药业,20020530,12.9,13.08,12.8,12.88,12.95,-0.07,-0.54,1322.0,1700.228,170.02280000000002,1.700228,0.01700228
600750.SH,600750,江中药业,20020531,12.86,12.96,12.61,12.64,12.88,-0.24,-1.86,2875.5,3651.232,365.1232,3.651232,0.03651232
600750.SH,600750,江中药业,20020603,12.5,12.64,12.45,12.5,12.64,-0.14,-1.11,1013.73,1266.953,126.6953,1.266953,0.01266953
600750.SH,600750,江中药业,20020604,12.88,12.88,12.5,12.71,12.5,0.21,1.68,722.5,915.068,91.5068,0.915068,0.00915068
600750.SH,600750,江中药业,20020605,12.68,12.68,12.31,12.32,12.71,-0.39,-3.07,1278.0,1593.557,159.3557,1.593557,0.01593557
600750.SH,600750,江中药业,20020606,12.2,12.88,12.16,12.87,12.32,0.55,4.46,3045.75,3847.947,384.7947,3.847947000000001,0.03847947
600750.SH,600750,江中药业,20020607,12.8,12.94,12.64,12.79,12.87,-0.08,-0.62,1798.72,2303.13,230.313,2.3031300000000003,0.0230313
600750.SH,600750,江中药业,20020610,12.58,12.85,12.58,12.78,12.79,-0.01,-0.08,755.01,964.665,96.4665,0.964665,0.00964665
600750.SH,600750,江中药业,20020611,12.83,13.18,12.82,13.17,12.78,0.39,3.05,4269.38,5564.354,556.4354000000001,5.564354000000001,0.05564354
600750.SH,600750,江中药业,20020612,13.2,13.2,12.96,13.06,13.17,-0.11,-0.84,1937.0,2537.258,253.7258,2.537258,0.02537258
600750.SH,600750,江中药业,20020613,12.96,13.1,12.8,12.81,13.06,-0.25,-1.91,537.5,697.143,69.71430000000001,0.6971430000000001,0.00697143
600750.SH,600750,江中药业,20020614,12.72,12.85,12.59,12.75,12.81,-0.06,-0.47,334.0,426.726,42.6726,0.426726,0.00426726
600750.SH,600750,江中药业,20020617,12.72,13.1,12.57,13.0,12.75,0.25,1.96,3973.69,5118.373,511.8373,5.118373,0.05118373
600750.SH,600750,江中药业,20020618,13.05,13.45,13.05,13.38,13.0,0.38,2.92,7199.98,9563.433,956.3433,9.563433000000002,0.09563433
600750.SH,600750,江中药业,20020619,13.45,13.65,13.13,13.24,13.38,-0.14,-1.05,5331.4,7136.55,713.655,7.13655,0.0713655
600750.SH,600750,江中药业,20020620,13.2,13.48,13.18,13.4,13.24,0.16,1.21,4060.5,5408.828,540.8828000000001,5.408828000000001,0.05408828
600750.SH,600750,江中药业,20020621,13.45,13.6,13.34,13.59,13.4,0.19,1.42,5516.54,7449.071,744.9071,7.449071,0.07449071
600750.SH,600750,江中药业,20020625,14.95,14.95,14.3,14.79,13.59,1.2,8.83,45923.99,68228.194,6822.8194,68.228194,0.68228194
600750.SH,600750,江中药业,20020626,14.7,15.0,14.3,14.73,14.79,-0.06,-0.41,13023.47,19172.796,1917.2796,19.172796,0.1917279599999999
600750.SH,600750,江中药业,20020627,14.65,14.65,14.32,14.52,14.73,-0.21,-1.43,2786.69,4027.383,402.7383,4.027383,0.04027383
600750.SH,600750,江中药业,20020628,14.52,15.1,14.25,14.99,14.52,0.47,3.24,13412.38,19688.637,1968.8637,19.688637,0.19688637
600750.SH,600750,江中药业,20020701,14.99,15.2,14.65,14.66,14.99,-0.33,-2.2,7356.0,10988.903,1098.8903,10.988903,0.10988903
600750.SH,600750,江中药业,20020702,14.55,14.7,14.53,14.6,14.66,-0.06,-0.41,969.0,1414.574,141.4574,1.414574,0.01414574
600750.SH,600750,江中药业,20020703,14.7,14.85,14.51,14.84,14.6,0.24,1.64,1532.5,2253.297,225.3297,2.253297,0.02253297
600750.SH,600750,江中药业,20020704,14.74,15.03,14.55,14.63,14.84,-0.21,-1.42,2488.0,3670.093,367.0093,3.670093,0.03670093
600750.SH,600750,江中药业,20020705,14.6,14.6,14.45,14.6,14.63,-0.03,-0.21,851.0,1234.74,123.474,1.23474,0.0123474
600750.SH,600750,江中药业,20020708,14.5,14.75,14.5,14.56,14.6,-0.04,-0.27,1015.24,1474.455,147.44549999999998,1.4744549999999998,0.0147445499999999
600750.SH,600750,江中药业,20020709,14.5,14.5,14.3,14.42,14.56,-0.14,-0.96,1657.7,2382.347,238.23470000000003,2.382347,0.02382347
600750.SH,600750,江中药业,20020710,14.36,14.36,14.01,14.22,14.42,-0.2,-1.39,1052.65,1497.333,149.7333,1.4973330000000002,0.01497333
600750.SH,600750,江中药业,20020711,14.2,14.39,13.92,14.06,14.22,-0.16,-1.13,1397.0,1978.255,197.8255,1.978255,0.01978255
600750.SH,600750,江中药业,20020712,14.1,14.1,14.02,14.09,14.06,0.03,0.21,506.27,711.991,71.1991,0.711991,0.00711991
600750.SH,600750,江中药业,20020715,14.1,14.3,13.98,14.17,14.09,0.08,0.57,1446.5,2037.461,203.7461,2.037461,0.02037461
600750.SH,600750,江中药业,20020716,14.1,14.4,14.05,14.22,14.17,0.05,0.35,2635.47,3754.815,375.4815,3.754815,0.0375481499999999
600750.SH,600750,江中药业,20020717,14.2,14.2,14.0,14.2,14.22,-0.02,-0.14,539.5,758.388,75.8388,0.7583880000000001,0.00758388
600750.SH,600750,江中药业,20020718,14.1,14.15,13.98,14.12,14.2,-0.08,-0.56,1488.2,2088.062,208.8062,2.088062,0.02088062
600750.SH,600750,江中药业,20020719,14.18,14.25,14.0,14.22,14.12,0.1,0.71,1660.5,2349.93,234.993,2.34993,0.0234993
600750.SH,600750,江中药业,20020722,14.16,14.5,13.89,13.99,14.22,-0.23,-1.62,3088.98,4381.183,438.1183,4.381183,0.04381183
600750.SH,600750,江中药业,20020723,14.0,14.0,13.66,13.7,13.99,-0.29,-2.07,1683.5,2318.752,231.8752,2.318752,0.02318752
600750.SH,600750,江中药业,20020724,13.7,13.79,13.56,13.72,13.7,0.02,0.15,971.0,1327.161,132.7161,1.327161,0.01327161
600750.SH,600750,江中药业,20020725,13.86,13.86,13.6,13.85,13.72,0.13,0.95,1090.0,1494.052,149.40519999999998,1.4940519999999995,0.0149405199999999
600750.SH,600750,江中药业,20020726,13.7,14.15,13.7,13.84,13.85,-0.01,-0.07,3523.0,4916.443,491.6443,4.916443,0.04916443
600750.SH,600750,江中药业,20020729,13.7,13.9,13.68,13.77,13.84,-0.07,-0.51,209.5,287.294,28.7294,0.287294,0.00287294
600750.SH,600750,江中药业,20020730,13.75,13.8,13.75,13.8,13.77,0.03,0.22,233.2,321.495,32.1495,0.321495,0.00321495
600750.SH,600750,江中药业,20020731,13.76,13.8,13.72,13.74,13.8,-0.06,-0.43,326.5,449.076,44.9076,0.449076,0.00449076
600750.SH,600750,江中药业,20020801,13.71,13.85,13.68,13.81,13.74,0.07,0.51,455.0,625.62,62.562,0.62562,0.0062562
600750.SH,600750,江中药业,20020802,13.8,13.9,13.62,13.88,13.81,0.07,0.51,1169.98,1610.139,161.01389999999998,1.6101389999999998,0.0161013899999999
600750.SH,600750,江中药业,20020805,13.8,14.05,13.8,13.95,13.88,0.07,0.5,1372.83,1914.455,191.4455,1.914455,0.0191445499999999
600750.SH,600750,江中药业,20020806,14.0,14.16,13.98,14.14,13.95,0.19,1.36,806.5,1137.194,113.7194,1.137194,0.01137194
600750.SH,600750,江中药业,20020807,14.28,14.3,14.0,14.13,14.14,-0.01,-0.07,1746.5,2473.058,247.3058,2.473058,0.02473058
600750.SH,600750,江中药业,20020808,14.1,14.1,13.8,13.88,14.13,-0.25,-1.77,1095.86,1524.623,152.4623,1.524623,0.01524623
600750.SH,600750,江中药业,20020809,13.85,14.2,13.8,14.01,13.88,0.13,0.94,3061.2,4291.206,429.1206,4.291206,0.04291206
600750.SH,600750,江中药业,20020812,14.1,14.1,13.85,14.0,14.01,-0.01,-0.07,280.5,391.19,39.119,0.39119,0.0039118999999999
600750.SH,600750,江中药业,20020813,13.85,14.18,13.8,14.17,14.0,0.17,1.21,3944.3,5538.857,553.8857,5.538857,0.05538857
600750.SH,600750,江中药业,20020814,14.18,14.25,14.05,14.17,14.17,0.0,0.0,3089.0,4375.087,437.5087,4.375087000000001,0.04375087
600750.SH,600750,江中药业,20020815,14.15,14.35,14.1,14.19,14.17,0.02,0.14,6029.51,8584.619,858.4619,8.584619,0.08584619
600750.SH,600750,江中药业,20020816,14.11,14.28,13.95,14.27,14.19,0.08,0.56,4139.5,5865.869,586.5869,5.865869,0.05865869
600750.SH,600750,江中药业,20020819,14.29,14.55,14.08,14.38,14.27,0.11,0.77,5434.65,7825.117,782.5117,7.825117,0.07825117
600750.SH,600750,江中药业,20020820,14.33,14.45,14.21,14.32,14.38,-0.06,-0.42,1648.2,2365.629,236.5629,2.365629,0.0236562899999999
600750.SH,600750,江中药业,20020821,14.3,14.4,14.16,14.37,14.32,0.05,0.35,2792.53,3987.378,398.7378,3.987378,0.03987378
600750.SH,600750,江中药业,20020822,14.38,14.58,14.26,14.44,14.37,0.07,0.49,4504.0,6489.91,648.991,6.48991,0.0648991
600750.SH,600750,江中药业,20020823,14.44,14.44,14.25,14.3,14.44,-0.14,-0.97,1061.9,1519.543,151.9543,1.519543,0.01519543
600750.SH,600750,江中药业,20020826,14.3,14.3,14.12,14.15,14.3,-0.15,-1.05,722.0,1023.731,102.3731,1.023731,0.01023731
600750.SH,600750,江中药业,20020827,14.12,14.45,14.05,14.39,14.15,0.24,1.7,5860.82,8369.098,836.9098,8.369098000000001,0.08369098
600750.SH,600750,江中药业,20020828,14.4,14.65,14.33,14.42,14.39,0.03,0.21,5813.5,8445.553,844.5553,8.445553,0.08445553
600750.SH,600750,江中药业,20020829,14.45,14.45,14.21,14.25,14.42,-0.17,-1.18,639.5,915.912,91.5912,0.915912,0.00915912
600750.SH,600750,江中药业,20020830,14.2,14.38,14.1,14.35,14.25,0.1,0.7,2686.7,3823.165,382.3165,3.823165,0.03823165
600750.SH,600750,江中药业,20020902,14.33,14.5,14.3,14.49,14.35,0.14,0.98,2298.09,3316.347,331.6347,3.316347,0.03316347
600750.SH,600750,江中药业,20020903,14.49,14.68,14.45,14.61,14.49,0.12,0.83,5367.01,7819.121,781.9121,7.819121,0.07819121
600750.SH,600750,江中药业,20020904,14.73,14.73,14.36,14.43,14.61,-0.18,-1.23,2154.0,3129.416,312.9416,3.129416,0.03129416
600750.SH,600750,江中药业,20020905,14.32,14.38,14.16,14.22,14.43,-0.21,-1.46,1714.2,2440.099,244.0099,2.440099,0.02440099
600750.SH,600750,江中药业,20020906,14.18,14.25,14.13,14.23,14.22,0.01,0.07,895.2,1269.674,126.9674,1.269674,0.01269674
600750.SH,600750,江中药业,20020909,14.0,14.17,13.85,13.97,14.23,-0.26,-1.83,1118.0,1562.994,156.2994,1.562994,0.01562994
600750.SH,600750,江中药业,20020911,14.0,14.0,13.85,13.9,13.97,-0.07,-0.5,833.32,1158.385,115.8385,1.158385,0.01158385
600750.SH,600750,江中药业,20020912,13.85,14.08,13.7,14.06,13.9,0.16,1.15,3381.61,4706.707,470.6707,4.706707,0.0470670699999999
600750.SH,600750,江中药业,20020913,14.18,14.18,13.88,14.06,14.06,0.0,0.0,2366.8,3319.075,331.9075,3.319075,0.03319075
600750.SH,600750,江中药业,20020916,13.98,14.25,13.9,14.05,14.06,-0.01,-0.07,1727.0,2428.213,242.8213,2.428213,0.02428213
600750.SH,600750,江中药业,20020917,14.1,14.1,13.68,13.9,14.05,-0.15,-1.07,1734.1,2403.789,240.3789,2.403789,0.02403789
600750.SH,600750,江中药业,20020918,13.88,14.15,13.88,13.99,13.9,0.09,0.65,1365.74,1914.432,191.4432,1.914432,0.01914432
600750.SH,600750,江中药业,20020919,13.95,14.03,13.86,13.98,13.99,-0.01,-0.07,1492.1,2082.355,208.2355,2.082355,0.02082355
600750.SH,600750,江中药业,20020920,13.88,14.15,13.83,14.02,13.98,0.04,0.29,2562.5,3582.062,358.2062,3.582062,0.03582062
600750.SH,600750,江中药业,20020923,13.95,14.18,13.95,14.09,14.02,0.07,0.5,5016.7,7095.845,709.5845,7.095845000000001,0.07095845
600750.SH,600750,江中药业,20020924,14.06,14.22,14.05,14.2,14.09,0.11,0.78,5273.97,7470.929,747.0929,7.470929,0.07470929
600750.SH,600750,江中药业,20020925,14.26,14.26,14.08,14.15,14.2,-0.05,-0.35,1521.12,2152.119,215.2119,2.1521190000000003,0.02152119
600750.SH,600750,江中药业,20020926,14.1,14.2,14.0,14.16,14.15,0.01,0.07,2096.0,2954.314,295.4314,2.954314,0.02954314
600750.SH,600750,江中药业,20020927,14.15,14.35,14.12,14.29,14.16,0.13,0.92,4689.82,6679.532,667.9532,6.679532,0.06679532
600750.SH,600750,江中药业,20021008,14.2,14.27,14.0,14.16,14.29,-0.13,-0.91,1159.34,1630.824,163.0824,1.630824,0.01630824
600750.SH,600750,江中药业,20021009,14.03,14.1,13.6,13.84,14.16,-0.32,-2.26,1812.09,2524.159,252.4159,2.524159,0.02524159
600750.SH,600750,江中药业,20021010,13.8,13.8,13.6,13.68,13.84,-0.16,-1.16,827.0,1132.593,113.2593,1.1325930000000002,0.01132593
600750.SH,600750,江中药业,20021011,13.62,13.85,13.44,13.5,13.68,-0.18,-1.32,1516.2,2064.598,206.4598,2.064598,0.02064598
600750.SH,600750,江中药业,20021014,13.15,13.39,13.15,13.33,13.5,-0.17,-1.26,970.99,1286.996,128.6996,1.286996,0.01286996
600750.SH,600750,江中药业,20021015,13.25,13.35,13.17,13.34,13.33,0.01,0.08,2289.0,3034.226,303.4226,3.034226,0.03034226
600750.SH,600750,江中药业,20021016,13.4,13.5,13.26,13.34,13.34,0.0,0.0,2118.0,2831.725,283.1725,2.831725,0.02831725
600750.SH,600750,江中药业,20021017,13.21,13.21,13.0,13.02,13.34,-0.32,-2.4,1692.09,2207.167,220.7167,2.207167,0.02207167
600750.SH,600750,江中药业,20021018,13.0,13.15,12.9,13.07,13.02,0.05,0.38,4463.2,5803.315,580.3315,5.803315,0.05803315
600750.SH,600750,江中药业,20021021,13.19,13.35,12.9,13.02,13.07,-0.05,-0.38,3423.3,4474.33,447.433,4.47433,0.0447433
600750.SH,600750,江中药业,20021022,13.0,13.15,12.95,13.09,13.02,0.07,0.54,4782.28,6231.77,623.177,6.23177,0.0623177
600750.SH,600750,江中药业,20021023,13.02,13.3,13.0,13.27,13.09,0.18,1.38,2691.0,3526.341,352.6341,3.526341,0.03526341
600750.SH,600750,江中药业,20021024,13.06,13.12,13.01,13.05,13.27,-0.22,-1.66,630.0,822.584,82.2584,0.822584,0.00822584
600750.SH,600750,江中药业,20021025,13.34,13.34,12.9,12.98,13.05,-0.07,-0.54,1250.0,1624.956,162.4956,1.624956,0.01624956
600750.SH,600750,江中药业,20021028,12.9,12.9,12.51,12.65,12.98,-0.33,-2.54,871.0,1107.486,110.7486,1.1074860000000002,0.01107486
600750.SH,600750,江中药业,20021029,12.58,12.75,12.3,12.71,12.65,0.06,0.47,662.43,830.667,83.0667,0.8306669999999999,0.0083066699999999
600750.SH,600750,江中药业,20021030,12.7,12.7,12.5,12.58,12.71,-0.13,-1.02,307.0,386.284,38.6284,0.386284,0.00386284
600750.SH,600750,江中药业,20021031,12.78,12.78,12.5,12.6,12.58,0.02,0.16,851.0,1068.505,106.8505,1.068505,0.01068505
600750.SH,600750,江中药业,20021101,12.55,12.85,12.51,12.65,12.6,0.05,0.4,1367.43,1733.07,173.307,1.73307,0.0173306999999999
600750.SH,600750,江中药业,20021104,12.78,12.78,12.6,12.68,12.65,0.03,0.24,1138.38,1440.139,144.01389999999998,1.4401389999999998,0.0144013899999999
600750.SH,600750,江中药业,20021105,12.6,12.93,12.58,12.89,12.68,0.21,1.66,3719.2,4755.203,475.5203,4.755203,0.0475520299999999
600750.SH,600750,江中药业,20021106,12.85,13.08,12.81,13.03,12.89,0.14,1.09,2579.4,3342.224,334.2224,3.342224,0.03342224
600750.SH,600750,江中药业,20021107,13.0,13.33,12.9,13.14,13.03,0.11,0.84,3503.0,4600.468,460.0468,4.600467999999999,0.0460046799999999
600750.SH,600750,江中药业,20021108,13.35,13.38,12.62,12.77,13.14,-0.37,-2.82,1999.0,2592.843,259.2843,2.592843,0.02592843
600750.SH,600750,江中药业,20021111,12.65,12.75,12.65,12.66,12.77,-0.11,-0.86,497.0,630.108,63.0108,0.630108,0.00630108
600750.SH,600750,江中药业,20021112,12.6,12.65,12.3,12.35,12.66,-0.31,-2.45,752.88,936.49,93.649,0.93649,0.0093649
600750.SH,600750,江中药业,20021113,12.2,12.6,11.95,12.6,12.35,0.25,2.02,1580.54,1951.585,195.1585,1.951585,0.01951585
600750.SH,600750,江中药业,20021114,12.39,12.39,12.09,12.1,12.6,-0.5,-3.97,694.7,852.567,85.2567,0.852567,0.0085256699999999
600750.SH,600750,江中药业,20021115,12.0,12.36,12.0,12.27,12.1,0.17,1.41,606.5,743.545,74.3545,0.743545,0.00743545
600750.SH,600750,江中药业,20021118,11.75,12.4,11.75,12.1,12.27,-0.17,-1.39,408.0,496.207,49.6207,0.496207,0.00496207
600750.SH,600750,江中药业,20021119,12.18,12.2,12.0,12.15,12.1,0.05,0.41,913.0,1102.046,110.2046,1.102046,0.01102046
600750.SH,600750,江中药业,20021120,12.1,12.1,11.8,11.9,12.15,-0.25,-2.06,881.5,1048.344,104.8344,1.048344,0.01048344
600750.SH,600750,江中药业,20021121,11.8,11.93,11.52,11.62,11.9,-0.28,-2.35,918.0,1072.377,107.2377,1.072377,0.0107237699999999
600750.SH,600750,江中药业,20021122,11.58,11.74,11.52,11.6,11.62,-0.02,-0.17,944.0,1100.744,110.0744,1.100744,0.01100744
600750.SH,600750,江中药业,20021126,11.6,11.78,11.25,11.25,11.6,-0.35,-3.02,513.0,587.49,58.749,0.5874900000000001,0.0058749
600750.SH,600750,江中药业,20021127,11.2,11.3,11.06,11.29,11.25,0.04,0.36,419.0,470.161,47.0161,0.470161,0.00470161
600750.SH,600750,江中药业,20021128,11.3,11.55,11.15,11.54,11.29,0.25,2.21,892.5,1013.414,101.3414,1.013414,0.01013414
600750.SH,600750,江中药业,20021129,11.58,11.8,11.45,11.78,11.54,0.24,2.08,6360.34,7398.265,739.8265,7.398265,0.07398265
600750.SH,600750,江中药业,20021202,11.8,11.9,11.55,11.65,11.78,-0.13,-1.1,3098.79,3626.81,362.681,3.62681,0.0362681
600750.SH,600750,江中药业,20021203,11.56,11.82,11.56,11.65,11.65,0.0,0.0,1442.0,1684.338,168.4338,1.684338,0.0168433799999999
600750.SH,600750,江中药业,20021204,11.65,11.8,11.57,11.77,11.65,0.12,1.03,2751.3,3209.945,320.9945,3.2099450000000003,0.03209945
600750.SH,600750,江中药业,20021205,11.8,12.06,11.6,11.78,11.77,0.01,0.09,5267.5,6241.882,624.1881999999999,6.241882,0.0624188199999999
600750.SH,600750,江中药业,20021206,11.61,11.83,11.53,11.79,11.78,0.01,0.08,1525.0,1782.588,178.2588,1.782588,0.01782588
600750.SH,600750,江中药业,20021209,11.65,11.7,11.55,11.63,11.79,-0.16,-1.36,689.5,800.128,80.0128,0.800128,0.00800128
600750.SH,600750,江中药业,20021210,11.55,11.6,11.28,11.36,11.63,-0.27,-2.32,567.0,647.636,64.7636,0.647636,0.00647636
600750.SH,600750,江中药业,20021211,11.12,11.35,11.12,11.32,11.36,-0.04,-0.35,643.0,720.661,72.06609999999999,0.7206609999999999,0.0072066099999999
600750.SH,600750,江中药业,20021212,11.25,11.43,11.15,11.42,11.32,0.1,0.88,2235.29,2527.175,252.71750000000003,2.527175,0.02527175
600750.SH,600750,江中药业,20021213,11.5,11.62,11.3,11.6,11.42,0.18,1.58,3380.93,3885.254,388.5254,3.885254,0.03885254
600750.SH,600750,江中药业,20021216,11.68,11.85,11.5,11.66,11.6,0.06,0.52,2860.0,3329.476,332.9476,3.329476,0.03329476
600750.SH,600750,江中药业,20021217,11.6,12.05,11.55,11.9,11.66,0.24,2.06,4819.09,5700.924,570.0924,5.700924,0.0570092399999999
600750.SH,600750,江中药业,20021218,11.98,12.0,11.7,11.79,11.9,-0.11,-0.92,2931.0,3457.081,345.7081,3.457081,0.03457081
600750.SH,600750,江中药业,20021219,11.75,11.88,11.63,11.84,11.79,0.05,0.42,2287.9,2689.119,268.9119,2.689119,0.02689119
600750.SH,600750,江中药业,20021220,11.88,12.1,11.85,12.05,11.84,0.21,1.77,5222.6,6266.691,626.6691,6.266691,0.0626669099999999
600750.SH,600750,江中药业,20021223,11.92,12.05,11.83,11.93,12.05,-0.12,-1.0,2381.5,2841.871,284.1871,2.841871,0.02841871
600750.SH,600750,江中药业,20021224,11.93,11.95,11.84,11.95,11.93,0.02,0.17,1064.5,1267.445,126.7445,1.267445,0.0126744499999999
600750.SH,600750,江中药业,20021225,11.93,12.05,11.9,11.95,11.95,0.0,0.0,3829.3,4588.838,458.8838,4.588837999999999,0.0458883799999999
600750.SH,600750,江中药业,20021226,11.97,12.05,11.6,11.71,11.95,-0.24,-2.01,1698.0,1996.779,199.6779,1.996779,0.01996779
600750.SH,600750,江中药业,20021227,11.7,11.8,11.5,11.71,11.71,0.0,0.0,1511.5,1758.496,175.8496,1.758496,0.01758496
600750.SH,600750,江中药业,20021230,11.74,11.78,11.4,11.73,11.71,0.02,0.17,1547.5,1798.346,179.8346,1.798346,0.01798346
600750.SH,600750,江中药业,20021231,11.68,12.27,11.45,12.01,11.73,0.28,2.39,9992.94,11971.777,1197.1777,11.971777,0.11971777
600750.SH,600750,江中药业,20030102,11.78,11.78,11.46,11.51,12.01,-0.5,-4.16,1698.0,1985.505,198.5505,1.985505,0.01985505
600750.SH,600750,江中药业,20030103,11.35,11.65,11.35,11.43,11.51,-0.08,-0.7,539.0,615.538,61.5538,0.615538,0.00615538
600750.SH,600750,江中药业,20030106,11.2,11.5,11.2,11.42,11.43,-0.01,-0.09,242.0,276.318,27.6318,0.276318,0.00276318
600750.SH,600750,江中药业,20030107,11.4,11.5,11.35,11.44,11.42,0.02,0.18,704.0,804.057,80.4057,0.8040569999999999,0.0080405699999999
600750.SH,600750,江中药业,20030108,11.38,11.7,11.38,11.69,11.44,0.25,2.19,1761.03,2034.087,203.4087,2.034087,0.02034087
600750.SH,600750,江中药业,20030109,11.69,11.88,11.62,11.87,11.69,0.18,1.54,2811.4,3309.133,330.9133,3.309133,0.03309133
600750.SH,600750,江中药业,20030110,11.9,11.94,11.7,11.83,11.87,-0.04,-0.34,1964.5,2330.102,233.0102,2.330102,0.02330102
600750.SH,600750,江中药业,20030113,11.8,11.91,11.77,11.91,11.83,0.08,0.68,2215.3,2624.51,262.451,2.6245100000000003,0.0262451
600750.SH,600750,江中药业,20030114,11.78,12.7,11.77,12.49,11.91,0.58,4.87,15206.65,18649.936,1864.9936,18.649936000000004,0.18649936
600750.SH,600750,江中药业,20030115,12.5,12.68,12.15,12.19,12.49,-0.3,-2.4,2665.0,3291.719,329.1719,3.291719,0.03291719
600750.SH,600750,江中药业,20030116,12.2,12.49,12.18,12.33,12.19,0.14,1.15,3900.2,4803.245,480.3245,4.803245,0.04803245
600750.SH,600750,江中药业,20030117,12.4,12.55,12.28,12.39,12.33,0.06,0.49,3240.49,4018.496,401.8496,4.018496,0.04018496
600750.SH,600750,江中药业,20030120,12.35,12.4,12.2,12.33,12.39,-0.06,-0.48,2193.12,2695.677,269.5677,2.695677,0.0269567699999999
600750.SH,600750,江中药业,20030121,12.33,12.4,12.1,12.15,12.33,-0.18,-1.46,2686.38,3295.481,329.54810000000003,3.2954810000000005,0.03295481
600750.SH,600750,江中药业,20030122,12.1,12.2,11.96,12.08,12.15,-0.07,-0.58,1060.9,1278.58,127.858,1.2785799999999998,0.0127857999999999
600750.SH,600750,江中药业,20030123,12.08,12.22,11.95,12.11,12.08,0.03,0.25,1288.4,1559.194,155.9194,1.559194,0.01559194
600750.SH,600750,江中药业,20030124,12.08,12.2,12.06,12.2,12.11,0.09,0.74,938.2,1138.63,113.863,1.13863,0.0113863
600750.SH,600750,江中药业,20030127,12.2,12.31,12.18,12.23,12.2,0.03,0.25,1013.85,1242.283,124.2283,1.2422829999999998,0.0124228299999999
600750.SH,600750,江中药业,20030128,12.3,12.3,12.2,12.27,12.23,0.04,0.33,619.0,758.505,75.8505,0.758505,0.0075850499999999
600750.SH,600750,江中药业,20030129,12.25,12.38,12.21,12.28,12.27,0.01,0.08,1050.39,1289.903,128.9903,1.2899029999999998,0.0128990299999999
600750.SH,600750,江中药业,20030210,12.45,12.45,12.08,12.09,12.28,-0.19,-1.55,610.55,741.682,74.1682,0.741682,0.0074168199999999
600750.SH,600750,江中药业,20030211,12.2,12.3,12.16,12.24,12.09,0.15,1.24,1239.0,1515.416,151.5416,1.515416,0.0151541599999999
600750.SH,600750,江中药业,20030212,12.24,12.28,12.07,12.23,12.24,-0.01,-0.08,1774.5,2170.092,217.0092,2.1700920000000004,0.02170092
600750.SH,600750,江中药业,20030213,12.25,12.33,12.02,12.28,12.23,0.05,0.41,3433.28,4190.651,419.0651,4.190651,0.04190651
600750.SH,600750,江中药业,20030214,12.25,12.35,12.15,12.34,12.28,0.06,0.49,1499.98,1842.588,184.2588,1.842588,0.01842588
600750.SH,600750,江中药业,20030217,12.36,12.5,12.25,12.35,12.34,0.01,0.08,2075.0,2560.865,256.0865,2.560865,0.02560865
600750.SH,600750,江中药业,20030218,12.28,12.43,12.28,12.41,12.35,0.06,0.49,1830.0,2263.974,226.3974,2.263974,0.02263974
600750.SH,600750,江中药业,20030219,12.42,12.42,12.25,12.37,12.41,-0.04,-0.32,1606.89,1979.131,197.9131,1.979131,0.01979131
600750.SH,600750,江中药业,20030220,12.31,12.55,12.3,12.49,12.37,0.12,0.97,3265.0,4063.974,406.3974,4.063974,0.04063974
600750.SH,600750,江中药业,20030221,12.49,12.54,12.22,12.3,12.49,-0.19,-1.52,1748.5,2155.769,215.5769,2.155769,0.0215576899999999
600750.SH,600750,江中药业,20030224,12.3,12.6,12.29,12.36,12.3,0.06,0.49,2020.2,2504.135,250.41350000000003,2.504135,0.02504135
600750.SH,600750,江中药业,20030225,12.26,12.48,12.22,12.46,12.36,0.1,0.81,2145.2,2655.668,265.5668,2.655668,0.02655668
600750.SH,600750,江中药业,20030226,12.46,12.7,12.3,12.69,12.46,0.23,1.85,6881.49,8671.397,867.1397000000001,8.671397,0.08671397
600750.SH,600750,江中药业,20030227,12.75,12.88,12.61,12.66,12.69,-0.03,-0.24,4154.0,5295.306,529.5305999999999,5.295305999999999,0.0529530599999999
600750.SH,600750,江中药业,20030228,12.74,12.98,12.68,12.84,12.66,0.18,1.42,9020.33,11570.021,1157.0021000000002,11.570021000000002,0.11570021
600750.SH,600750,江中药业,20030303,12.84,12.84,12.68,12.74,12.84,-0.1,-0.78,3353.09,4269.66,426.966,4.26966,0.0426966
600750.SH,600750,江中药业,20030304,12.77,12.8,12.61,12.67,12.74,-0.07,-0.55,2006.66,2545.607,254.5607,2.545607,0.02545607
600750.SH,600750,江中药业,20030305,12.6,12.85,12.45,12.83,12.67,0.16,1.26,4284.13,5395.597,539.5597,5.395597,0.05395597
600750.SH,600750,江中药业,20030306,12.8,12.8,12.46,12.68,12.83,-0.15,-1.17,2988.46,3759.14,375.914,3.75914,0.0375914
600750.SH,600750,江中药业,20030307,12.63,12.9,12.55,12.72,12.68,0.04,0.32,2274.5,2886.164,288.6164,2.886164,0.02886164
600750.SH,600750,江中药业,20030310,12.8,12.88,12.51,12.66,12.72,-0.06,-0.47,1960.1,2470.696,247.0696,2.470696,0.0247069599999999
600750.SH,600750,江中药业,20030311,12.6,12.7,12.5,12.6,12.66,-0.06,-0.47,1916.92,2410.191,241.0191,2.410191,0.0241019099999999
600750.SH,600750,江中药业,20030312,12.5,12.64,12.28,12.5,12.6,-0.1,-0.79,2816.42,3507.449,350.74490000000003,3.5074490000000003,0.03507449
600750.SH,600750,江中药业,20030313,12.28,12.46,12.28,12.4,12.5,-0.1,-0.8,1034.0,1277.847,127.7847,1.277847,0.01277847
600750.SH,600750,江中药业,20030314,12.25,12.55,12.25,12.42,12.4,0.02,0.16,1595.0,1974.844,197.4844,1.974844,0.01974844
600750.SH,600750,江中药业,20030317,12.25,12.49,12.25,12.39,12.42,-0.03,-0.24,5014.9,6233.438,623.3438,6.233438,0.0623343799999999
600750.SH,600750,江中药业,20030318,12.48,12.69,12.31,12.39,12.39,0.0,0.0,1435.0,1790.32,179.03199999999998,1.79032,0.0179031999999999
600750.SH,600750,江中药业,20030319,12.33,12.58,12.33,12.41,12.39,0.02,0.16,1163.0,1448.053,144.80530000000002,1.4480530000000005,0.01448053
600750.SH,600750,江中药业,20030320,12.5,12.59,12.4,12.42,12.41,0.01,0.08,1560.5,1948.424,194.8424,1.948424,0.01948424
600750.SH,600750,江中药业,20030321,12.54,12.81,12.45,12.57,12.42,0.15,1.21,8945.6,11275.258,1127.5258,11.275258,0.1127525799999999
600750.SH,600750,江中药业,20030324,12.57,12.57,12.31,12.47,12.57,-0.1,-0.8,1185.6,1474.715,147.4715,1.474715,0.01474715
600750.SH,600750,江中药业,20030325,12.45,12.56,12.0,12.16,12.47,-0.31,-2.49,3203.4,3917.389,391.7389,3.917389,0.03917389
600750.SH,600750,江中药业,20030326,12.16,12.29,12.03,12.28,12.16,0.12,0.99,2403.9,2922.992,292.29920000000004,2.9229920000000003,0.02922992
600750.SH,600750,江中药业,20030327,12.15,12.58,12.03,12.53,12.28,0.25,2.04,2681.01,3319.094,331.9094,3.319094,0.03319094
600750.SH,600750,江中药业,20030328,12.55,12.68,12.3,12.36,12.53,-0.17,-1.36,2714.78,3373.788,337.3788,3.373788,0.03373788
600750.SH,600750,江中药业,20030331,12.35,12.6,12.33,12.4,12.36,0.04,0.32,3206.55,3982.458,398.2458,3.982458,0.03982458
600750.SH,600750,江中药业,20030401,12.45,12.5,12.31,12.39,12.4,-0.01,-0.08,1070.0,1324.386,132.4386,1.324386,0.01324386
600750.SH,600750,江中药业,20030402,12.37,12.65,12.3,12.56,12.39,0.17,1.37,2914.6,3615.398,361.5398,3.615398,0.03615398
600750.SH,600750,江中药业,20030403,12.6,12.6,12.37,12.45,12.56,-0.11,-0.88,2203.5,2732.551,273.2551,2.7325509999999995,0.0273255099999999
600750.SH,600750,江中药业,20030404,12.31,12.55,12.16,12.4,12.45,-0.05,-0.4,3644.0,4507.232,450.7232,4.507232,0.04507232
600750.SH,600750,江中药业,20030407,12.43,12.5,12.29,12.3,12.4,-0.1,-0.81,1535.0,1890.755,189.0755,1.890755,0.01890755
600750.SH,600750,江中药业,20030408,12.25,12.25,12.03,12.03,12.3,-0.27,-2.2,1865.0,2262.595,226.2595,2.262595,0.0226259499999999
600750.SH,600750,江中药业,20030409,12.0,12.02,11.73,11.88,12.03,-0.15,-1.25,4873.7,5759.16,575.9159999999999,5.75916,0.0575915999999999
600750.SH,600750,江中药业,20030410,11.9,12.4,11.64,12.21,11.88,0.33,2.78,7322.33,8783.536,878.3536,8.783536,0.08783536
600750.SH,600750,江中药业,20030411,12.19,12.3,11.9,12.1,12.21,-0.11,-0.9,2809.5,3384.084,338.4084,3.384084,0.03384084
600750.SH,600750,江中药业,20030414,12.08,12.3,12.07,12.25,12.1,0.15,1.24,8624.63,10531.954,1053.1954,10.531954,0.10531954
600750.SH,600750,江中药业,20030415,12.25,12.5,12.2,12.49,12.25,0.24,1.96,4661.98,5768.391,576.8390999999999,5.768390999999999,0.0576839099999999
600750.SH,600750,江中药业,20030416,12.55,12.68,12.08,12.16,12.49,-0.33,-2.64,6626.52,8200.782,820.0781999999999,8.200781999999998,0.0820078199999999
600750.SH,600750,江中药业,20030417,12.16,12.47,12.08,12.4,12.16,0.24,1.97,4818.8,5896.932,589.6931999999999,5.896932,0.05896932
600750.SH,600750,江中药业,20030421,12.55,12.95,12.5,12.69,12.4,0.29,2.34,29628.6,37952.322,3795.2322,37.952322,0.37952322
600750.SH,600750,江中药业,20030422,12.68,12.9,12.45,12.49,12.69,-0.2,-1.58,5030.5,6330.477,633.0477,6.330476999999999,0.06330477
600750.SH,600750,江中药业,20030423,12.45,12.5,12.02,12.2,12.49,-0.29,-2.32,4905.51,5987.655,598.7655,5.987655,0.05987655
600750.SH,600750,江中药业,20030424,12.15,12.32,11.91,11.97,12.2,-0.23,-1.89,5649.7,6840.602,684.0602,6.8406020000000005,0.06840602
600750.SH,600750,江中药业,20030425,11.98,12.25,11.7,12.02,11.97,0.05,0.42,7397.2,8833.067,883.3066999999999,8.833066999999998,0.0883306699999999
600750.SH,600750,江中药业,20030428,12.0,12.7,11.9,12.6,12.02,0.58,4.83,23026.23,28469.976,2846.9976,28.469976,0.2846997599999999
600750.SH,600750,江中药业,20030429,12.28,12.54,11.9,11.94,12.6,-0.66,-5.24,10284.0,12446.809,1244.6808999999998,12.446808999999998,0.1244680899999999
600750.SH,600750,江中药业,20030430,11.95,12.28,11.88,12.08,11.94,0.14,1.17,8282.19,9978.188,997.8188,9.978188,0.0997818799999999
600750.SH,600750,江中药业,20030512,12.08,12.4,11.91,12.13,12.08,0.05,0.41,10590.05,12844.873,1284.4873,12.844873,0.12844873
600750.SH,600750,江中药业,20030513,12.25,12.25,11.45,11.71,12.13,-0.42,-3.46,6858.18,8037.4,803.74,8.0374,0.080374
600750.SH,600750,江中药业,20030514,11.51,12.0,11.49,11.6,11.71,-0.11,-0.94,7566.81,8861.037,886.1037,8.861037,0.08861037
600750.SH,600750,江中药业,20030515,11.72,11.72,11.31,11.57,11.6,-0.03,-0.26,5030.79,5758.664,575.8664,5.758664,0.0575866399999999
600750.SH,600750,江中药业,20030516,11.57,11.74,11.32,11.72,11.57,0.15,1.3,10514.19,12132.387,1213.2387,12.132387,0.12132387
600750.SH,600750,江中药业,20030519,11.98,11.99,11.51,11.8,11.72,0.08,0.68,8260.74,9663.708,966.3708,9.663708,0.09663708
600750.SH,600750,江中药业,20030520,11.7,11.7,11.51,11.57,11.8,-0.23,-1.95,2841.5,3283.569,328.3569,3.283569,0.03283569
600750.SH,600750,江中药业,20030521,11.52,11.53,11.4,11.41,11.57,-0.16,-1.38,1862.0,2129.505,212.9505,2.129505,0.02129505
600750.SH,600750,江中药业,20030522,11.35,11.47,11.35,11.37,11.41,-0.04,-0.35,1413.9,1610.785,161.07850000000002,1.610785,0.01610785
600750.SH,600750,江中药业,20030523,11.47,11.47,11.2,11.26,11.37,-0.11,-0.97,5807.81,6565.024,656.5024000000001,6.565024000000001,0.06565024
600750.SH,600750,江中药业,20030526,11.28,11.4,11.08,11.09,11.26,-0.17,-1.51,6392.09,7138.329,713.8329,7.138329,0.07138329
600750.SH,600750,江中药业,20030527,11.1,11.26,11.06,11.26,11.09,0.17,1.53,8881.63,9881.913,988.1913,9.881913,0.09881913
600750.SH,600750,江中药业,20030528,11.29,11.65,11.29,11.59,11.26,0.33,2.93,15388.6,17713.37,1771.337,17.71337,0.1771337
600750.SH,600750,江中药业,20030529,11.64,11.65,11.31,11.47,11.59,-0.12,-1.04,8898.02,10190.119,1019.0119,10.190119,0.10190119
600750.SH,600750,江中药业,20030530,11.46,11.56,11.29,11.53,11.47,0.06,0.52,9045.12,10335.861,1033.5861,10.335861,0.1033586099999999
600750.SH,600750,江中药业,20030602,11.53,11.6,11.37,11.5,11.53,-0.03,-0.26,3767.0,4328.637,432.8637,4.328637,0.04328637
600750.SH,600750,江中药业,20030603,11.5,11.78,11.43,11.62,11.5,0.12,1.04,9346.32,10850.223,1085.0223,10.850223000000002,0.10850223
600750.SH,600750,江中药业,20030604,11.7,11.7,11.4,11.45,11.62,-0.17,-1.46,2694.5,3092.51,309.25100000000003,3.0925100000000003,0.0309251
600750.SH,600750,江中药业,20030605,11.38,11.38,11.18,11.23,11.35,-0.12,-1.06,1501.0,1687.788,168.7788,1.6877879999999998,0.0168778799999999
600750.SH,600750,江中药业,20030606,11.3,11.42,11.07,11.32,11.23,0.09,0.8,6987.65,7862.283,786.2283,7.862283,0.0786228299999999
600750.SH,600750,江中药业,20030609,11.32,11.43,11.2,11.35,11.32,0.03,0.27,2855.24,3220.28,322.028,3.2202800000000003,0.0322028
600750.SH,600750,江中药业,20030610,11.3,11.49,11.22,11.36,11.35,0.01,0.09,5978.95,6808.16,680.816,6.80816,0.0680816
600750.SH,600750,江中药业,20030611,11.3,11.55,11.25,11.43,11.36,0.07,0.62,11152.91,12711.716,1271.1716,12.711716,0.12711716
600750.SH,600750,江中药业,20030612,11.35,11.6,11.3,11.47,11.43,0.04,0.35,7283.55,8356.265,835.6265,8.356265,0.08356265
600750.SH,600750,江中药业,20030613,11.36,11.66,11.35,11.66,11.47,0.19,1.66,14002.11,16121.291,1612.1291,16.121291,0.16121291
600750.SH,600750,江中药业,20030616,11.64,11.72,11.52,11.6,11.66,-0.06,-0.51,5028.09,5834.927,583.4927,5.834927,0.05834927
600750.SH,600750,江中药业,20030617,11.54,11.75,11.52,11.72,11.6,0.12,1.03,9908.08,11518.453,1151.8453,11.518453,0.11518453
600750.SH,600750,江中药业,20030618,11.63,11.83,11.55,11.78,11.72,0.06,0.51,12762.6,14900.784,1490.0784,14.900783999999998,0.1490078399999999
600750.SH,600750,江中药业,20030619,11.75,11.8,11.58,11.68,11.78,-0.1,-0.85,4775.09,5570.663,557.0663,5.570663,0.05570663
600750.SH,600750,江中药业,20030620,11.88,12.03,11.7,11.87,11.68,0.19,1.63,18696.91,22215.073,2221.5073,22.215073000000004,0.22215073
600750.SH,600750,江中药业,20030623,11.78,11.97,11.65,11.69,11.87,-0.18,-1.52,5450.19,6418.986,641.8986,6.418986,0.06418986
600750.SH,600750,江中药业,20030624,11.7,11.79,11.52,11.69,11.69,0.0,0.0,4437.43,5158.298,515.8298,5.158297999999999,0.0515829799999999
600750.SH,600750,江中药业,20030625,11.79,11.95,11.68,11.82,11.69,0.13,1.11,7946.5,9384.625,938.4625,9.384625,0.0938462499999999
600750.SH,600750,江中药业,20030626,11.85,11.88,11.54,11.6,11.82,-0.22,-1.86,4492.69,5242.146,524.2146,5.242146,0.05242146
600750.SH,600750,江中药业,20030627,11.6,11.95,11.55,11.83,11.6,0.23,1.98,8461.0,9967.686,996.7686,9.967686,0.09967686
600750.SH,600750,江中药业,20030630,11.92,11.92,11.7,11.84,11.83,0.01,0.08,3203.3,3792.986,379.2986,3.792986,0.0379298599999999
600750.SH,600750,江中药业,20030701,11.72,11.82,11.58,11.58,11.84,-0.26,-2.2,1524.98,1778.662,177.8662,1.778662,0.01778662
600750.SH,600750,江中药业,20030702,11.6,11.6,11.32,11.35,11.58,-0.23,-1.99,2203.49,2509.012,250.9012,2.509012,0.02509012
600750.SH,600750,江中药业,20030703,11.4,11.47,11.33,11.35,11.35,0.0,0.0,950.6,1080.399,108.0399,1.080399,0.01080399
600750.SH,600750,江中药业,20030704,11.4,11.41,11.21,11.32,11.35,-0.03,-0.26,831.3,942.817,94.2817,0.942817,0.00942817
600750.SH,600750,江中药业,20030707,11.23,11.46,11.23,11.38,11.32,0.06,0.53,3770.0,4282.152,428.2152,4.282152,0.04282152
600750.SH,600750,江中药业,20030708,11.34,11.45,11.34,11.37,11.38,-0.01,-0.09,564.9,643.264,64.3264,0.6432640000000001,0.00643264
600750.SH,600750,江中药业,20030709,11.37,11.39,11.32,11.38,11.37,0.01,0.09,733.0,831.835,83.18350000000001,0.8318350000000001,0.00831835
600750.SH,600750,江中药业,20030710,11.38,11.48,11.34,11.4,11.38,0.02,0.18,2378.29,2712.053,271.2053,2.712053,0.0271205299999999
600750.SH,600750,江中药业,20030711,11.42,12.0,11.42,11.9,11.4,0.5,4.39,4864.61,5709.028,570.9028000000001,5.709028000000001,0.05709028
600750.SH,600750,江中药业,20030714,11.82,11.88,11.7,11.78,11.9,-0.12,-1.01,2854.72,3372.617,337.2617,3.372617,0.03372617
600750.SH,600750,江中药业,20030715,11.8,11.8,10.7,11.73,11.78,-0.05,-0.42,3567.2,4068.812,406.8812,4.068811999999999,0.0406881199999999
600750.SH,600750,江中药业,20030716,11.66,11.85,11.66,11.76,11.73,0.03,0.26,2429.0,2861.994,286.1994,2.861994,0.02861994
600750.SH,600750,江中药业,20030717,11.76,11.88,11.63,11.69,11.76,-0.07,-0.6,2745.5,3223.331,322.3331,3.223331,0.03223331
600750.SH,600750,江中药业,20030718,11.66,11.73,11.5,11.59,11.69,-0.1,-0.86,2503.8,2906.472,290.6472,2.906472,0.02906472
600750.SH,600750,江中药业,20030721,11.5,11.65,11.3,11.6,11.59,0.01,0.09,3735.1,4286.071,428.6071,4.286071,0.0428607099999999
600750.SH,600750,江中药业,20030722,11.55,11.71,11.48,11.62,11.6,0.02,0.17,1612.5,1871.322,187.1322,1.871322,0.01871322
600750.SH,600750,江中药业,20030723,11.6,11.83,11.6,11.72,11.62,0.1,0.86,3978.69,4668.909,466.8909,4.668909,0.04668909
600750.SH,600750,江中药业,20030724,11.75,11.85,11.63,11.68,11.72,-0.04,-0.34,2274.78,2667.817,266.7817,2.667817,0.0266781699999999
600750.SH,600750,江中药业,20030725,11.69,11.75,11.5,11.57,11.68,-0.11,-0.94,2071.0,2406.037,240.6037,2.4060369999999995,0.0240603699999999
600750.SH,600750,江中药业,20030728,11.5,11.61,11.5,11.55,11.57,-0.02,-0.17,2201.2,2541.313,254.1313,2.541313,0.02541313
600750.SH,600750,江中药业,20030729,11.53,11.75,11.5,11.62,11.55,0.07,0.61,3811.5,4414.889,441.4889,4.414889,0.0441488899999999
600750.SH,600750,江中药业,20030730,11.65,11.65,11.41,11.48,11.62,-0.14,-1.2,2591.5,2982.151,298.2151,2.982151,0.02982151
600750.SH,600750,江中药业,20030731,11.48,11.74,11.38,11.6,11.48,0.12,1.05,4450.07,5140.359,514.0359000000001,5.140359000000001,0.05140359
600750.SH,600750,江中药业,20030801,11.53,11.62,11.42,11.55,11.6,-0.05,-0.43,1635.0,1885.456,188.5456,1.885456,0.01885456
600750.SH,600750,江中药业,20030804,11.45,11.6,11.41,11.49,11.55,-0.06,-0.52,1895.55,2181.951,218.1951,2.181951,0.0218195099999999
600750.SH,600750,江中药业,20030805,11.47,11.55,11.37,11.39,11.49,-0.1,-0.87,1739.2,1993.627,199.3627,1.993627,0.01993627
600750.SH,600750,江中药业,20030806,11.37,11.48,11.32,11.34,11.39,-0.05,-0.44,1086.0,1236.77,123.677,1.23677,0.0123676999999999
600750.SH,600750,江中药业,20030807,11.3,11.44,11.25,11.32,11.34,-0.02,-0.18,2096.0,2377.596,237.7596,2.377596,0.02377596
600750.SH,600750,江中药业,20030808,11.25,11.3,11.18,11.23,11.32,-0.09,-0.8,1663.89,1870.327,187.0327,1.870327,0.01870327
600750.SH,600750,江中药业,20030811,11.2,11.25,11.2,11.23,11.23,0.0,0.0,1124.0,1261.973,126.1973,1.261973,0.01261973
600750.SH,600750,江中药业,20030812,11.2,11.3,11.2,11.26,11.23,0.03,0.27,2215.7,2492.518,249.2518,2.492518,0.02492518
600750.SH,600750,江中药业,20030813,11.21,11.33,11.2,11.29,11.26,0.03,0.27,2212.8,2490.898,249.08980000000005,2.490898,0.02490898
600750.SH,600750,江中药业,20030814,11.25,11.39,11.22,11.27,11.29,-0.02,-0.18,2953.8,3339.86,333.986,3.33986,0.0333986
600750.SH,600750,江中药业,20030815,11.26,11.3,11.11,11.28,11.27,0.01,0.09,3483.6,3917.153,391.7153,3.917153,0.0391715299999999
600750.SH,600750,江中药业,20030818,11.2,11.33,11.2,11.28,11.28,0.0,0.0,1535.0,1730.031,173.0031,1.730031,0.01730031
600750.SH,600750,江中药业,20030819,11.28,11.35,11.24,11.26,11.28,-0.02,-0.18,1079.0,1218.044,121.80440000000002,1.218044,0.01218044
600750.SH,600750,江中药业,20030820,11.27,11.27,11.1,11.16,11.26,-0.1,-0.89,970.5,1087.824,108.7824,1.087824,0.01087824
600750.SH,600750,江中药业,20030821,11.16,11.28,11.08,11.13,11.16,-0.03,-0.27,1429.1,1599.604,159.9604,1.599604,0.01599604
600750.SH,600750,江中药业,20030822,11.1,11.15,11.07,11.1,11.13,-0.03,-0.27,2308.0,2563.867,256.3867,2.563867,0.02563867
600750.SH,600750,江中药业,20030825,11.1,11.12,10.75,10.86,11.1,-0.24,-2.16,2743.0,3009.164,300.9164,3.009164,0.03009164
600750.SH,600750,江中药业,20030826,10.76,10.83,10.68,10.8,10.86,-0.06,-0.55,3275.7,3523.94,352.394,3.52394,0.0352394
600750.SH,600750,江中药业,20030827,10.76,10.88,10.71,10.88,10.8,0.08,0.74,5020.0,5428.951,542.8951,5.428951,0.05428951
600750.SH,600750,江中药业,20030828,10.85,10.94,10.8,10.88,10.88,0.0,0.0,6128.5,6657.464,665.7464,6.657464,0.06657464
600750.SH,600750,江中药业,20030829,10.9,11.0,10.83,11.0,10.88,0.12,1.1,8472.3,9258.682,925.8682,9.258682,0.09258682
600750.SH,600750,江中药业,20030901,11.0,11.19,10.95,11.11,11.0,0.11,1.0,11036.1,12200.939,1220.0939,12.200939,0.12200939
600750.SH,600750,江中药业,20030902,11.12,11.27,11.02,11.2,11.11,0.09,0.81,11421.48,12727.008,1272.7008,12.727008,0.12727008
600750.SH,600750,江中药业,20030903,11.22,11.4,11.1,11.28,11.2,0.08,0.71,12783.51,14406.584,1440.6584,14.406584,0.14406584
600750.SH,600750,江中药业,20030904,11.31,11.49,11.26,11.48,11.28,0.2,1.77,17222.4,19609.763,1960.9763,19.609763,0.1960976299999999
600750.SH,600750,江中药业,20030905,11.5,11.5,11.28,11.43,11.48,-0.05,-0.44,10427.99,11879.133,1187.9133,11.879133,0.11879133
600750.SH,600750,江中药业,20030908,11.42,11.47,11.21,11.29,11.43,-0.14,-1.22,7002.0,7928.598,792.8598,7.928597999999999,0.0792859799999999
600750.SH,600750,江中药业,20030909,11.29,11.48,11.19,11.46,11.29,0.17,1.51,12082.7,13726.018,1372.6018,13.726018,0.13726018
600750.SH,600750,江中药业,20030910,11.5,11.63,11.32,11.37,11.46,-0.09,-0.79,11180.9,12843.38,1284.338,12.84338,0.1284338
600750.SH,600750,江中药业,20030911,11.37,11.38,11.15,11.2,11.37,-0.17,-1.5,6831.9,7707.973,770.7973,7.707972999999999,0.0770797299999999
600750.SH,600750,江中药业,20030912,11.25,11.26,10.85,10.99,11.2,-0.21,-1.88,5136.0,5656.429,565.6429,5.656429,0.05656429
600750.SH,600750,江中药业,20030915,10.85,10.98,10.81,10.95,10.99,-0.04,-0.36,2800.0,3053.974,305.3974,3.053974,0.03053974
600750.SH,600750,江中药业,20030916,10.96,11.0,10.85,10.92,10.95,-0.03,-0.27,2483.5,2713.449,271.3449,2.713449,0.0271344899999999
600750.SH,600750,江中药业,20030917,10.9,11.3,10.88,11.18,10.92,0.26,2.38,12081.0,13470.548,1347.0548,13.470548,0.13470548
600750.SH,600750,江中药业,20030918,11.2,11.22,11.0,11.08,11.18,-0.1,-0.89,6339.5,7035.458,703.5458,7.035458,0.07035458
600750.SH,600750,江中药业,20030919,11.05,11.12,10.92,11.01,11.08,-0.07,-0.63,4191.5,4611.066,461.1066,4.611065999999999,0.0461106599999999
600750.SH,600750,江中药业,20030922,10.95,11.02,10.9,10.98,11.01,-0.03,-0.27,2514.0,2756.358,275.6358,2.756358,0.02756358
600750.SH,600750,江中药业,20030923,11.0,11.0,10.9,10.96,10.98,-0.02,-0.18,1808.87,1978.28,197.828,1.97828,0.0197828
600750.SH,600750,江中药业,20030924,10.74,10.8,9.86,9.86,10.96,-1.1,-10.04,6749.7,6752.935,675.2935,6.752935,0.06752935
600750.SH,600750,江中药业,20030925,9.53,9.74,9.24,9.68,9.86,-0.18,-1.83,8635.61,8153.292,815.3292,8.153292,0.08153292
600750.SH,600750,江中药业,20030926,9.6,9.7,9.38,9.41,9.68,-0.27,-2.79,9033.5,8611.975,861.1975,8.611975,0.08611975
600750.SH,600750,江中药业,20030929,9.3,9.9,9.25,9.81,9.41,0.4,4.25,15124.18,14382.202,1438.2202,14.382202,0.14382202
600750.SH,600750,江中药业,20030930,9.68,9.75,9.39,9.64,9.81,-0.17,-1.73,9823.99,9317.711,931.7711,9.317711,0.09317711
600750.SH,600750,江中药业,20031008,9.4,9.5,9.26,9.44,9.64,-0.2,-2.07,6367.0,5979.235,597.9235,5.979235,0.05979235
600750.SH,600750,江中药业,20031009,9.26,9.45,9.25,9.38,9.44,-0.06,-0.64,3663.49,3422.66,342.266,3.42266,0.0342265999999999
600750.SH,600750,江中药业,20031010,9.34,9.49,9.27,9.43,9.38,0.05,0.53,5728.45,5374.68,537.4680000000001,5.374680000000001,0.0537468
600750.SH,600750,江中药业,20031013,9.35,9.54,9.3,9.43,9.43,0.0,0.0,5193.89,4880.405,488.0405,4.880405,0.0488040499999999
600750.SH,600750,江中药业,20031014,9.45,9.48,9.32,9.38,9.43,-0.05,-0.53,3172.0,2974.423,297.4423,2.974423,0.0297442299999999
600750.SH,600750,江中药业,20031015,9.39,9.39,9.29,9.34,9.38,-0.04,-0.43,1886.5,1761.065,176.1065,1.761065,0.01761065
600750.SH,600750,江中药业,20031016,9.34,9.35,8.78,8.86,9.34,-0.48,-5.14,5312.93,4735.993,473.5993,4.735993000000001,0.04735993
600750.SH,600750,江中药业,20031017,8.86,8.96,8.73,8.89,8.86,0.03,0.34,1573.8,1393.206,139.32059999999998,1.393206,0.01393206
600750.SH,600750,江中药业,20031020,8.89,8.89,8.6,8.65,8.89,-0.24,-2.7,1464.0,1276.403,127.6403,1.276403,0.0127640299999999
600750.SH,600750,江中药业,20031021,8.75,8.9,8.71,8.88,8.65,0.23,2.66,1597.4,1407.391,140.7391,1.407391,0.01407391
600750.SH,600750,江中药业,20031022,8.96,9.14,8.85,9.13,8.88,0.25,2.82,2974.29,2691.361,269.1361,2.691361,0.02691361
600750.SH,600750,江中药业,20031023,9.1,9.2,8.93,8.99,9.13,-0.14,-1.53,2609.0,2369.535,236.9535,2.369535,0.02369535
600750.SH,600750,江中药业,20031024,8.95,9.01,8.86,8.89,8.99,-0.1,-1.11,1221.2,1090.18,109.018,1.09018,0.0109018
600750.SH,600750,江中药业,20031028,8.7,8.98,8.7,8.95,8.89,0.06,0.67,2723.52,2401.947,240.1947,2.4019470000000003,0.02401947
600750.SH,600750,江中药业,20031029,8.95,9.08,8.8,8.89,8.95,-0.06,-0.67,1775.0,1578.114,157.8114,1.578114,0.01578114
600750.SH,600750,江中药业,20031030,8.88,9.19,8.85,9.07,8.89,0.18,2.02,7917.6,7158.264,715.8264,7.158264,0.07158264
600750.SH,600750,江中药业,20031031,9.1,9.28,9.0,9.1,9.07,0.03,0.33,4292.95,3931.382,393.1382,3.931382,0.03931382
600750.SH,600750,江中药业,20031103,9.12,9.25,9.05,9.12,9.1,0.02,0.22,2489.0,2276.76,227.676,2.2767600000000003,0.0227676
600750.SH,600750,江中药业,20031104,9.21,9.35,9.11,9.27,9.12,0.15,1.64,8633.0,7966.881,796.6881000000001,7.966881000000001,0.07966881
600750.SH,600750,江中药业,20031105,9.33,9.4,8.99,9.14,9.27,-0.13,-1.4,5048.0,4618.757,461.8757,4.618757,0.04618757
600750.SH,600750,江中药业,20031106,9.1,9.16,8.65,9.05,9.14,-0.09,-0.98,8770.98,7755.814,775.5814,7.755814,0.07755814
600750.SH,600750,江中药业,20031107,8.8,8.97,8.71,8.93,9.05,-0.12,-1.33,8789.95,7770.475,777.0475,7.770475,0.07770475
600750.SH,600750,江中药业,20031110,8.89,8.97,8.74,8.88,8.93,-0.05,-0.56,9806.8,8684.139,868.4138999999999,8.684138999999998,0.0868413899999999
600750.SH,600750,江中药业,20031111,8.81,8.99,8.73,8.98,8.88,0.1,1.13,10728.7,9482.682,948.2682,9.482682,0.09482682
600750.SH,600750,江中药业,20031112,8.92,8.97,8.81,8.89,8.98,-0.09,-1.0,4551.0,4046.645,404.6645,4.046645,0.04046645
600750.SH,600750,江中药业,20031113,8.81,9.07,8.81,8.99,8.89,0.1,1.12,14138.5,12544.876,1254.4876,12.544876,0.12544876
600750.SH,600750,江中药业,20031114,8.9,9.1,8.9,9.04,8.99,0.05,0.56,4550.0,4109.46,410.946,4.10946,0.0410946
600750.SH,600750,江中药业,20031117,9.01,9.13,9.0,9.09,9.04,0.05,0.55,6375.0,5790.399,579.0399,5.790399,0.0579039899999999
600750.SH,600750,江中药业,20031118,9.05,9.19,8.96,9.07,9.09,-0.02,-0.22,4566.0,4152.863,415.2863,4.152863,0.04152863
600750.SH,600750,江中药业,20031119,9.16,9.18,8.95,9.12,9.07,0.05,0.55,4944.0,4488.377,448.8377,4.488377000000001,0.04488377
600750.SH,600750,江中药业,20031120,9.08,9.44,9.06,9.36,9.12,0.24,2.63,11125.41,10279.369,1027.9369000000002,10.279369,0.10279369
600750.SH,600750,江中药业,20031121,9.36,9.43,9.01,9.06,9.36,-0.3,-3.21,5261.0,4861.465,486.1465,4.861465,0.04861465
600750.SH,600750,江中药业,20031124,9.08,9.55,9.06,9.53,9.06,0.47,5.19,19064.9,17832.68,1783.268,17.83268,0.1783268
600750.SH,600750,江中药业,20031125,9.5,9.68,9.32,9.4,9.53,-0.13,-1.36,14334.99,13549.742,1354.9742,13.549742000000002,0.13549742
600750.SH,600750,江中药业,20031126,9.4,9.47,9.33,9.36,9.4,-0.04,-0.43,8041.2,7559.774,755.9774,7.559774,0.07559774
600750.SH,600750,江中药业,20031127,9.36,9.59,9.28,9.52,9.36,0.16,1.71,14823.76,13987.552,1398.7552,13.987552,0.13987552
600750.SH,600750,江中药业,20031128,9.53,9.71,9.52,9.68,9.52,0.16,1.68,11666.0,11240.322,1124.0322,11.240322,0.11240322
600750.SH,600750,江中药业,20031201,9.7,9.94,9.6,9.9,9.68,0.22,2.27,15527.42,15182.975,1518.2975,15.182975,0.15182975
600750.SH,600750,江中药业,20031202,9.92,10.13,9.7,9.84,9.9,-0.06,-0.61,10555.8,10381.593,1038.1593,10.381593,0.10381593
600750.SH,600750,江中药业,20031203,9.84,10.04,9.68,10.01,9.84,0.17,1.73,13893.89,13720.181,1372.0181,13.720181,0.13720181
600750.SH,600750,江中药业,20031204,9.92,10.14,9.9,10.1,10.01,0.09,0.9,18714.93,18754.891,1875.4891,18.754891,0.18754891
600750.SH,600750,江中药业,20031205,10.18,10.18,9.8,9.95,10.1,-0.15,-1.49,5789.0,5767.211,576.7211,5.767211,0.05767211
600750.SH,600750,江中药业,20031208,9.97,9.98,9.69,9.78,9.95,-0.17,-1.71,4303.98,4214.311,421.4311,4.214311,0.04214311
600750.SH,600750,江中药业,20031209,9.8,9.8,9.62,9.8,9.78,0.02,0.2,6033.2,5862.15,586.2149999999999,5.862149999999999,0.0586214999999999
600750.SH,600750,江中药业,20031210,9.71,9.85,9.66,9.8,9.8,0.0,0.0,7260.52,7079.886,707.9886,7.079886,0.07079886
600750.SH,600750,江中药业,20031211,9.8,10.1,9.8,9.9,9.8,0.1,1.02,8163.0,8051.629,805.1629,8.051629,0.08051629
600750.SH,600750,江中药业,20031212,9.9,10.05,9.82,9.94,9.9,0.04,0.4,9083.7,8988.095,898.8095,8.988095,0.08988095
600750.SH,600750,江中药业,20031215,9.99,10.05,9.9,9.96,9.94,0.02,0.2,5248.0,5227.675,522.7675,5.2276750000000005,0.05227675
600750.SH,600750,江中药业,20031216,10.04,10.04,9.68,9.82,9.96,-0.14,-1.41,4190.0,4109.197,410.9197,4.109197,0.04109197
600750.SH,600750,江中药业,20031217,9.82,10.0,9.62,9.88,9.82,0.06,0.61,8559.8,8418.594,841.8593999999999,8.418593999999999,0.0841859399999999
600750.SH,600750,江中药业,20031218,9.7,9.91,9.65,9.72,9.88,-0.16,-1.62,3461.0,3373.378,337.3378,3.373378,0.03373378
600750.SH,600750,江中药业,20031219,9.72,9.8,9.26,9.52,9.72,-0.2,-2.06,6309.5,6009.004,600.9004,6.009004,0.06009004
600750.SH,600750,江中药业,20031222,9.3,9.7,9.3,9.68,9.52,0.16,1.68,8360.99,7943.657,794.3657000000001,7.943657000000001,0.07943657
600750.SH,600750,江中药业,20031223,9.66,9.66,9.33,9.6,9.68,-0.08,-0.83,9849.87,9354.154,935.4154,9.354154,0.09354154
600750.SH,600750,江中药业,20031224,9.55,9.69,9.42,9.62,9.6,0.02,0.21,6432.5,6146.269,614.6269,6.146269,0.06146269
600750.SH,600750,江中药业,20031225,9.62,10.38,9.5,10.03,9.62,0.41,4.26,32571.3,32397.059,3239.7059,32.397059,0.32397059
600750.SH,600750,江中药业,20031226,10.0,10.2,9.7,9.93,10.03,-0.1,-1.0,15336.46,15255.324,1525.5324,15.255324,0.15255324
600750.SH,600750,江中药业,20031230,10.0,10.06,9.7,9.76,9.93,-0.17,-1.71,10843.0,10731.043,1073.1043,10.731043,0.10731043
600750.SH,600750,江中药业,20031231,9.71,9.85,9.21,9.27,9.76,-0.49,-5.02,12311.9,11857.462,1185.7462,11.857462,0.11857462
600750.SH,600750,江中药业,20040102,9.27,9.49,8.75,8.89,9.27,-0.38,-4.1,18595.1,16833.368,1683.3367999999998,16.833367999999997,0.1683336799999999
600750.SH,600750,江中药业,20040105,8.88,9.0,8.65,8.82,8.89,-0.07,-0.79,9729.06,8552.632,855.2632,8.552632,0.0855263199999999
600750.SH,600750,江中药业,20040106,8.7,8.98,8.65,8.77,8.82,-0.05,-0.57,9917.92,8672.24,867.2239999999999,8.672239999999999,0.0867223999999999
600750.SH,600750,江中药业,20040107,8.8,9.27,8.65,8.9,8.77,0.13,1.48,29573.7,26583.927,2658.3927,26.583927,0.26583927
600750.SH,600750,江中药业,20040108,8.88,9.22,8.83,9.08,8.9,0.18,2.02,21526.31,19490.926,1949.0926,19.490926,0.1949092599999999
600750.SH,600750,江中药业,20040109,9.05,9.3,9.02,9.14,9.08,0.06,0.66,12350.12,11334.483,1133.4483,11.334483,0.11334483
600750.SH,600750,江中药业,20040112,9.12,9.31,9.03,9.11,9.14,-0.03,-0.33,5034.5,4622.031,462.2031,4.622031,0.04622031
600750.SH,600750,江中药业,20040113,9.18,9.28,9.05,9.26,9.11,0.15,1.65,6985.89,6395.682,639.5681999999999,6.395681999999999,0.0639568199999999
600750.SH,600750,江中药业,20040114,9.26,9.29,9.14,9.26,9.26,0.0,0.0,4321.15,3977.111,397.7111,3.977111,0.03977111
600750.SH,600750,江中药业,20040115,9.29,9.55,9.13,9.44,9.26,0.18,1.94,32142.36,30063.473,3006.3473000000004,30.063473,0.30063473
600750.SH,600750,江中药业,20040116,9.49,9.64,9.4,9.55,9.44,0.11,1.17,29010.0,27614.074,2761.4074,27.614074,0.27614074
600750.SH,600750,江中药业,20040129,9.5,9.78,9.5,9.74,9.55,0.19,1.99,10643.3,10293.805,1029.3805,10.293805,0.1029380499999999
600750.SH,600750,江中药业,20040130,9.75,9.75,9.42,9.45,9.74,-0.29,-2.98,7397.45,7095.699,709.5699,7.095699,0.07095699
600750.SH,600750,江中药业,20040202,9.5,9.9,9.46,9.57,9.45,0.12,1.27,9519.82,9141.049,914.1049,9.141049,0.09141049
600750.SH,600750,江中药业,20040203,9.5,9.88,9.5,9.85,9.57,0.28,2.93,12361.31,12023.958,1202.3958,12.023958,0.12023958
600750.SH,600750,江中药业,20040204,9.85,10.18,9.81,10.14,9.85,0.29,2.94,20362.09,20291.75,2029.175,20.29175,0.2029175
600750.SH,600750,江中药业,20040205,10.05,10.28,10.01,10.25,10.14,0.11,1.08,15747.36,16006.6,1600.66,16.006600000000002,0.160066
600750.SH,600750,江中药业,20040206,10.15,10.45,10.0,10.18,10.25,-0.07,-0.68,19648.59,20052.245,2005.2245,20.052245,0.20052245
600750.SH,600750,江中药业,20040209,10.2,10.42,10.2,10.29,10.18,0.11,1.08,15374.2,15859.804,1585.9804,15.859804,0.15859804
600750.SH,600750,江中药业,20040210,10.35,10.35,9.93,9.98,10.29,-0.31,-3.01,18938.4,19089.337,1908.9337,19.089337,0.19089337
600750.SH,600750,江中药业,20040211,9.98,10.17,9.96,10.04,9.98,0.06,0.6,11188.7,11235.204,1123.5204,11.235204,0.11235204
600750.SH,600750,江中药业,20040212,10.08,10.24,10.04,10.2,10.04,0.16,1.59,16398.84,16658.205,1665.8205000000005,16.658205000000002,0.16658205
600750.SH,600750,江中药业,20040213,10.29,10.3,9.95,9.96,10.2,-0.24,-2.35,8002.49,8095.985,809.5985,8.095984999999999,0.0809598499999999
600750.SH,600750,江中药业,20040216,9.99,10.23,9.94,10.19,9.96,0.23,2.31,9520.29,9593.415,959.3415,9.593415,0.09593415
600750.SH,600750,江中药业,20040217,10.27,10.55,10.22,10.51,10.19,0.32,3.14,22877.35,23849.281,2384.9281,23.849281,0.23849281
600750.SH,600750,江中药业,20040218,10.55,10.64,10.38,10.5,10.51,-0.01,-0.1,14867.78,15620.223,1562.0223,15.620223,0.15620223
600750.SH,600750,江中药业,20040219,10.55,10.58,10.38,10.48,10.5,-0.02,-0.19,10205.56,10654.639,1065.4639,10.654639,0.1065463899999999
600750.SH,600750,江中药业,20040220,10.5,10.5,10.22,10.31,10.48,-0.17,-1.62,11291.27,11630.04,1163.004,11.63004,0.1163004
600750.SH,600750,江中药业,20040223,10.39,10.49,10.21,10.25,10.31,-0.06,-0.58,9988.35,10344.065,1034.4065,10.344065,0.10344065
600750.SH,600750,江中药业,20040224,10.25,10.26,9.82,10.01,10.25,-0.24,-2.34,7807.77,7797.655,779.7655,7.797655,0.0779765499999999
600750.SH,600750,江中药业,20040225,10.05,10.2,9.86,9.87,10.01,-0.14,-1.4,7018.0,7032.519,703.2519,7.032519,0.07032519
600750.SH,600750,江中药业,20040226,9.8,9.98,9.75,9.89,9.87,0.02,0.2,9317.21,9174.546,917.4546,9.174546,0.09174546
600750.SH,600750,江中药业,20040227,9.81,10.02,9.81,9.99,9.89,0.1,1.01,4026.5,3999.091,399.9091,3.999091,0.03999091
600750.SH,600750,江中药业,20040301,10.08,10.15,9.97,10.1,9.99,0.11,1.1,5631.64,5682.165,568.2165,5.682165,0.05682165
600750.SH,600750,江中药业,20040302,10.1,10.2,10.0,10.03,10.1,-0.07,-0.69,4656.17,4682.108,468.2108,4.682108,0.04682108
600750.SH,600750,江中药业,20040303,10.04,10.2,9.88,9.91,10.03,-0.12,-1.2,5654.95,5693.412,569.3412000000001,5.693412,0.05693412
600750.SH,600750,江中药业,20040304,9.88,10.1,9.75,10.09,9.91,0.18,1.82,8123.77,8062.052,806.2052,8.062052,0.08062052
600750.SH,600750,江中药业,20040305,10.02,10.2,9.97,9.98,10.09,-0.11,-1.09,4241.02,4271.191,427.1191,4.271191,0.04271191
600750.SH,600750,江中药业,20040308,9.98,10.08,9.62,9.67,9.98,-0.31,-3.11,5068.6,4972.642,497.2642,4.972642,0.0497264199999999
600750.SH,600750,江中药业,20040309,9.64,9.75,9.49,9.7,9.67,0.03,0.31,4232.96,4069.624,406.9624,4.069624,0.04069624
600750.SH,600750,江中药业,20040310,9.65,9.78,9.6,9.76,9.7,0.06,0.62,1914.0,1852.402,185.2402,1.852402,0.01852402
600750.SH,600750,江中药业,20040311,9.7,10.05,9.63,9.94,9.76,0.18,1.84,11004.49,10879.45,1087.9450000000002,10.879450000000002,0.1087945
600750.SH,600750,江中药业,20040312,9.8,10.13,9.8,9.97,9.94,0.03,0.3,5874.0,5865.656,586.5656,5.865656,0.05865656
600750.SH,600750,江中药业,20040315,10.05,10.18,9.91,10.1,9.97,0.13,1.3,15123.4,15236.117,1523.6117,15.236117,0.15236117
600750.SH,600750,江中药业,20040316,10.1,10.17,10.0,10.04,10.1,-0.06,-0.59,9340.04,9395.398,939.5398,9.395397999999998,0.0939539799999999
600750.SH,600750,江中药业,20040317,10.07,10.1,9.87,10.01,10.04,-0.03,-0.3,10414.4,10366.164,1036.6164,10.366164,0.10366164
600750.SH,600750,江中药业,20040318,9.95,10.3,9.95,10.09,10.01,0.08,0.8,23474.19,23703.504,2370.3504000000003,23.703504,0.23703504
600750.SH,600750,江中药业,20040319,10.07,10.21,10.0,10.2,10.09,0.11,1.09,19474.0,19720.766,1972.0766,19.720766,0.1972076599999999
600750.SH,600750,江中药业,20040322,10.18,10.27,10.1,10.17,10.2,-0.03,-0.29,11888.15,12105.254,1210.5254,12.105254,0.12105254
600750.SH,600750,江中药业,20040323,10.15,10.33,10.15,10.29,10.17,0.12,1.18,19142.22,19627.013,1962.7013,19.627013,0.19627013
600750.SH,600750,江中药业,20040324,10.29,10.31,10.15,10.22,10.29,-0.07,-0.68,13927.56,14237.535,1423.7535,14.237535,0.14237535
600750.SH,600750,江中药业,20040325,10.25,10.37,10.15,10.25,10.22,0.03,0.29,14915.67,15323.895,1532.3895,15.323895,0.15323895
600750.SH,600750,江中药业,20040329,10.25,10.25,9.93,9.95,10.25,-0.3,-2.93,9616.7,9671.626,967.1626,9.671626,0.09671626
600750.SH,600750,江中药业,20040330,9.92,10.0,9.74,9.85,9.95,-0.1,-1.01,9297.0,9172.276,917.2276,9.172276,0.09172276
600750.SH,600750,江中药业,20040331,9.83,10.04,9.83,10.03,9.85,0.18,1.83,11341.3,11271.3,1127.13,11.271299999999998,0.1127129999999999
600750.SH,600750,江中药业,20040401,9.98,10.15,9.97,10.09,10.03,0.06,0.6,13247.4,13297.58,1329.758,13.29758,0.1329758
600750.SH,600750,江中药业,20040402,10.05,10.15,9.98,10.05,10.09,-0.04,-0.4,16290.07,16402.173,1640.2172999999998,16.402172999999998,0.1640217299999999
600750.SH,600750,江中药业,20040405,10.05,10.1,9.86,9.92,10.05,-0.13,-1.29,13176.41,13112.906,1311.2906,13.112906,0.13112906
600750.SH,600750,江中药业,20040406,9.93,10.47,9.87,10.4,9.92,0.48,4.84,41410.78,42468.702,4246.870199999999,42.46870199999999,0.4246870199999999
600750.SH,600750,江中药业,20040407,10.37,10.45,10.3,10.36,10.4,-0.04,-0.38,22117.2,22975.598,2297.5598,22.975598,0.22975598
600750.SH,600750,江中药业,20040408,10.36,10.94,10.34,10.83,10.36,0.47,4.54,70558.09,75438.438,7543.8438,75.43843799999999,0.7543843799999999
600750.SH,600750,江中药业,20040409,10.78,10.81,10.42,10.52,10.83,-0.31,-2.86,34095.09,36239.094,3623.9094,36.239094,0.3623909399999999
600750.SH,600750,江中药业,20040412,10.49,10.9,10.45,10.82,10.52,0.3,2.85,35535.52,38025.521,3802.5521,38.025521,0.3802552099999999
600750.SH,600750,江中药业,20040413,10.8,11.1,10.6,10.72,10.82,-0.1,-0.92,41909.1,45648.465,4564.8465,45.648465,0.4564846499999999
600750.SH,600750,江中药业,20040414,10.71,10.85,10.24,10.41,10.72,-0.31,-2.89,19990.5,20987.836,2098.7836,20.987836,0.2098783599999999
600750.SH,600750,江中药业,20040415,10.41,10.75,10.1,10.7,10.41,0.29,2.79,29031.19,30260.827,3026.0827,30.260827,0.30260827
600750.SH,600750,江中药业,20040416,10.52,10.6,10.19,10.54,10.7,-0.16,-1.5,17307.27,18061.887,1806.1887,18.061887,0.18061887
600750.SH,600750,江中药业,20040419,10.5,10.75,10.36,10.5,10.54,-0.04,-0.38,17845.1,18875.639,1887.5639,18.875639,0.18875639
600750.SH,600750,江中药业,20040420,10.57,10.58,10.3,10.4,10.5,-0.1,-0.95,9975.01,10385.398,1038.5398,10.385398,0.10385398
600750.SH,600750,江中药业,20040421,10.4,10.44,10.25,10.35,10.4,-0.05,-0.48,7805.96,8059.571,805.9571,8.059571,0.08059571
600750.SH,600750,江中药业,20040422,10.33,10.48,10.26,10.41,10.35,0.06,0.58,16619.8,17229.431,1722.9431,17.229430999999998,0.1722943099999999
600750.SH,600750,江中药业,20040423,10.37,10.6,10.13,10.25,10.41,-0.16,-1.54,24873.0,25929.925,2592.9925,25.929925,0.25929925
600750.SH,600750,江中药业,20040426,10.26,10.26,9.25,9.41,10.25,-0.84,-8.2,24425.28,23398.611,2339.8611,23.398611,0.23398611
600750.SH,600750,江中药业,20040427,9.27,9.4,8.81,9.01,9.41,-0.4,-4.25,11424.91,10337.625,1033.7625,10.337625,0.10337625
600750.SH,600750,江中药业,20040428,9.0,9.15,8.9,9.11,9.01,0.1,1.11,12037.0,10941.068,1094.1068,10.941068,0.10941068
600750.SH,600750,江中药业,20040429,9.06,9.15,8.85,8.95,9.11,-0.16,-1.76,9349.32,8401.291,840.1290999999999,8.401290999999999,0.0840129099999999
600750.SH,600750,江中药业,20040430,8.94,9.05,8.81,8.86,8.95,-0.09,-1.01,6573.9,5852.565,585.2565,5.852564999999999,0.0585256499999999
600750.SH,600750,江中药业,20040510,8.86,9.0,8.84,8.94,8.86,0.08,0.9,3698.89,3295.337,329.5337,3.295337,0.03295337
600750.SH,600750,江中药业,20040511,8.9,9.06,8.89,9.06,8.94,0.12,1.34,3998.72,3599.59,359.959,3.59959,0.0359959
600750.SH,600750,江中药业,20040512,9.0,9.27,9.0,9.26,9.06,0.2,2.21,6544.01,6007.806,600.7805999999999,6.007806,0.0600780599999999
600750.SH,600750,江中药业,20040513,9.2,9.27,9.17,9.19,9.26,-0.07,-0.76,5235.0,4823.86,482.386,4.82386,0.0482386
600750.SH,600750,江中药业,20040514,9.19,9.25,9.02,9.08,9.19,-0.11,-1.2,5550.0,5065.017,506.5017,5.065017,0.05065017
600750.SH,600750,江中药业,20040517,9.05,9.15,9.01,9.12,9.08,0.04,0.44,5656.99,5141.452,514.1452,5.141452,0.05141452
600750.SH,600750,江中药业,20040518,9.1,9.22,9.08,9.22,9.12,0.1,1.1,4670.0,4271.603,427.1603,4.271603,0.0427160299999999
600750.SH,600750,江中药业,20040519,9.28,9.3,9.17,9.21,9.22,-0.01,-0.11,5595.0,5167.069,516.7069,5.167069000000001,0.05167069
600750.SH,600750,江中药业,20040520,9.21,9.26,9.02,9.08,9.21,-0.13,-1.41,6698.0,6125.286,612.5286,6.125286,0.06125286
600750.SH,600750,江中药业,20040521,9.06,9.26,9.06,9.17,9.08,0.09,0.99,7823.59,7171.909,717.1908999999999,7.171908999999999,0.07171909
600750.SH,600750,江中药业,20040524,9.12,9.21,8.83,8.99,9.17,-0.18,-1.96,7713.1,6979.891,697.9891,6.979891,0.06979891
600750.SH,600750,江中药业,20040525,8.95,9.03,8.6,8.69,8.99,-0.3,-3.34,15042.99,13070.307,1307.0307,13.070307,0.13070307
600750.SH,600750,江中药业,20040526,8.69,8.81,8.61,8.74,8.69,0.05,0.58,7457.0,6495.103,649.5103,6.495103,0.06495103
600750.SH,600750,江中药业,20040527,8.74,8.87,8.67,8.84,8.74,0.1,1.14,10894.99,9559.593,955.9593,9.559593,0.09559593
600750.SH,600750,江中药业,20040531,8.84,9.12,8.82,8.94,8.84,0.1,1.13,8459.95,7590.571,759.0571,7.590571,0.07590571
600750.SH,600750,江中药业,20040601,8.94,9.06,8.84,8.93,8.94,-0.01,-0.11,8309.0,7420.079,742.0079,7.420078999999999,0.0742007899999999
600750.SH,600750,江中药业,20040602,8.85,8.91,8.65,8.73,8.83,-0.1,-1.13,6342.6,5578.314,557.8314,5.578314000000001,0.05578314
600750.SH,600750,江中药业,20040603,8.73,8.86,8.62,8.74,8.73,0.01,0.11,11596.0,10131.902,1013.1902,10.131902,0.10131902
600750.SH,600750,江中药业,20040604,8.74,8.92,8.63,8.75,8.74,0.01,0.11,9972.0,8765.987,876.5986999999999,8.765986999999999,0.0876598699999999
600750.SH,600750,江中药业,20040607,8.75,8.88,8.65,8.77,8.75,0.02,0.23,12656.71,11102.341,1110.2341,11.102341,0.11102341
600750.SH,600750,江中药业,20040608,8.76,8.84,8.21,8.26,8.77,-0.51,-5.82,13797.2,11785.667,1178.5667,11.785666999999998,0.1178566699999999
600750.SH,600750,江中药业,20040609,8.2,8.26,7.78,7.94,8.26,-0.32,-3.87,10834.0,8659.239,865.9239,8.659239,0.0865923899999999
600750.SH,600750,江中药业,20040610,7.9,7.96,7.78,7.92,7.94,-0.02,-0.25,5616.5,4408.468,440.8468,4.408468,0.04408468
600750.SH,600750,江中药业,20040611,7.91,8.05,7.85,7.92,7.92,0.0,0.0,8013.5,6385.885,638.5885000000001,6.385885000000001,0.06385885
600750.SH,600750,江中药业,20040614,7.92,7.95,7.38,7.48,7.92,-0.44,-5.56,5991.66,4562.446,456.2446,4.562446,0.04562446
600750.SH,600750,江中药业,20040615,7.46,7.6,7.3,7.57,7.48,0.09,1.2,5223.5,3885.312,388.5312,3.885312,0.03885312
600750.SH,600750,江中药业,20040616,7.5,7.67,7.4,7.59,7.57,0.02,0.26,6876.0,5185.45,518.545,5.18545,0.0518545
600750.SH,600750,江中药业,20040617,7.57,7.59,7.29,7.37,7.59,-0.22,-2.9,4520.7,3352.516,335.2516,3.352516,0.03352516
600750.SH,600750,江中药业,20040618,7.37,7.42,7.11,7.25,7.37,-0.12,-1.63,5783.9,4175.181,417.5181,4.175180999999999,0.0417518099999999
600750.SH,600750,江中药业,20040622,7.25,7.98,7.25,7.75,7.25,0.5,6.9,22148.5,17224.944,1722.4944,17.224944,0.17224944
600750.SH,600750,江中药业,20040623,7.68,7.69,7.5,7.63,7.75,-0.12,-1.55,7121.9,5389.856,538.9856,5.389856,0.05389856
600750.SH,600750,江中药业,20040624,7.56,7.8,7.54,7.71,7.63,0.08,1.05,10558.0,8135.45,813.545,8.135449999999999,0.0813544999999999
600750.SH,600750,江中药业,20040625,7.71,7.72,7.17,7.23,7.71,-0.48,-6.23,6941.0,5133.988,513.3988,5.133988,0.05133988
600750.SH,600750,江中药业,20040628,7.21,7.22,6.77,6.87,7.23,-0.36,-4.98,7878.66,5429.607,542.9607,5.429607,0.05429607
600750.SH,600750,江中药业,20040629,6.85,7.05,6.81,7.01,6.87,0.14,2.04,2729.58,1892.185,189.2185,1.892185,0.01892185
600750.SH,600750,江中药业,20040630,7.01,7.08,6.87,7.0,7.01,-0.01,-0.14,4856.0,3382.114,338.2114,3.382114,0.03382114
600750.SH,600750,江中药业,20040701,6.92,7.27,6.9,7.23,7.0,0.23,3.29,10057.49,7142.08,714.208,7.14208,0.0714208
600750.SH,600750,江中药业,20040702,7.23,7.3,7.07,7.22,7.23,-0.01,-0.14,5040.7,3609.249,360.9249,3.609249,0.03609249
600750.SH,600750,江中药业,20040705,7.2,7.25,7.08,7.17,7.22,-0.05,-0.69,3663.0,2619.151,261.9151,2.619151,0.02619151
600750.SH,600750,江中药业,20040706,7.17,7.31,7.14,7.22,7.17,0.05,0.7,6544.0,4728.379,472.8379,4.728379,0.04728379
600750.SH,600750,江中药业,20040707,7.2,7.25,7.05,7.13,7.22,-0.09,-1.25,2701.0,1922.535,192.2535,1.922535,0.01922535
600750.SH,600750,江中药业,20040708,7.1,7.19,6.9,7.1,7.13,-0.03,-0.42,3814.0,2704.954,270.4954,2.7049540000000003,0.02704954
600750.SH,600750,江中药业,20040709,7.08,7.17,7.03,7.12,7.1,0.02,0.28,4453.0,3161.706,316.17060000000004,3.161706000000001,0.03161706
600750.SH,600750,江中药业,20040712,7.08,7.17,6.76,6.88,7.12,-0.24,-3.37,6487.99,4480.529,448.0529,4.480529000000001,0.04480529
600750.SH,600750,江中药业,20040713,6.85,6.91,6.7,6.73,6.88,-0.15,-2.18,5636.9,3846.057,384.6057,3.846057,0.03846057
600750.SH,600750,江中药业,20040714,6.8,6.8,6.31,6.51,6.73,-0.22,-3.27,6479.3,4193.445,419.3445,4.193445,0.04193445
600750.SH,600750,江中药业,20040715,6.51,6.65,6.4,6.57,6.51,0.06,0.92,5796.5,3775.806,377.5806,3.775806,0.03775806
600750.SH,600750,江中药业,20040716,6.55,7.06,6.5,6.99,6.57,0.42,6.39,15639.1,10669.146,1066.9146,10.669146,0.10669146
600750.SH,600750,江中药业,20040719,6.9,7.25,6.88,7.11,6.99,0.12,1.72,13997.65,9926.984,992.6984,9.926984,0.09926984
600750.SH,600750,江中药业,20040720,7.13,7.43,7.13,7.38,7.11,0.27,3.8,20853.96,15259.214,1525.9214,15.259214,0.15259214
600750.SH,600750,江中药业,20040721,7.39,7.5,7.29,7.34,7.38,-0.04,-0.54,15264.29,11220.691,1122.0691000000002,11.220691000000002,0.11220691
600750.SH,600750,江中药业,20040722,7.34,7.39,7.01,7.11,7.34,-0.23,-3.13,9416.63,6778.702,677.8702000000001,6.778702000000001,0.06778702
600750.SH,600750,江中药业,20040723,7.1,7.21,6.95,7.16,7.11,0.05,0.7,7939.57,5632.622,563.2622,5.6326220000000005,0.05632622
600750.SH,600750,江中药业,20040726,7.15,7.21,6.97,7.08,7.16,-0.08,-1.12,7899.79,5575.292,557.5292000000001,5.575292000000001,0.05575292
600750.SH,600750,江中药业,20040727,7.05,7.13,6.95,7.06,7.08,-0.02,-0.28,7115.0,5007.088,500.7088,5.007088,0.05007088
600750.SH,600750,江中药业,20040728,7.03,7.38,7.02,7.37,7.06,0.31,4.39,22204.64,16072.624,1607.2624,16.072624,0.16072624
600750.SH,600750,江中药业,20040729,7.37,7.47,7.31,7.46,7.37,0.09,1.22,13607.43,10060.092,1006.0092,10.060092,0.10060092
600750.SH,600750,江中药业,20040730,7.49,7.5,7.29,7.33,7.46,-0.13,-1.74,9108.0,6691.649,669.1649,6.691649,0.06691649
600750.SH,600750,江中药业,20040802,7.3,7.3,7.04,7.06,7.33,-0.27,-3.68,8340.5,5949.687,594.9687,5.949687,0.05949687
600750.SH,600750,江中药业,20040803,7.0,7.18,7.0,7.1,7.06,0.04,0.57,4801.0,3405.783,340.5783,3.405783,0.03405783
600750.SH,600750,江中药业,20040804,7.1,7.47,7.05,7.4,7.1,0.3,4.23,14807.59,10833.185,1083.3185,10.833185,0.1083318499999999
600750.SH,600750,江中药业,20040805,7.38,7.44,7.2,7.3,7.4,-0.1,-1.35,7643.99,5593.749,559.3749,5.593749,0.05593749
600750.SH,600750,江中药业,20040806,7.24,7.4,7.18,7.28,7.3,-0.02,-0.27,6584.99,4784.523,478.4523,4.784523,0.04784523
600750.SH,600750,江中药业,20040809,7.28,7.4,7.2,7.37,7.28,0.09,1.24,8376.5,6131.76,613.176,6.131760000000001,0.0613176
600750.SH,600750,江中药业,20040810,7.37,7.44,7.29,7.37,7.37,0.0,0.0,4801.0,3539.945,353.9945,3.5399450000000003,0.03539945
600750.SH,600750,江中药业,20040811,7.37,7.43,7.18,7.29,7.37,-0.08,-1.09,8480.0,6202.896,620.2896,6.202895999999999,0.0620289599999999
600750.SH,600750,江中药业,20040812,7.25,7.28,7.06,7.14,7.29,-0.15,-2.06,6447.5,4611.035,461.1035,4.611035,0.04611035
600750.SH,600750,江中药业,20040813,7.1,7.23,7.08,7.17,7.14,0.03,0.42,4560.0,3259.273,325.9273,3.259273,0.03259273
600750.SH,600750,江中药业,20040817,7.1,7.1,6.45,6.79,7.17,-0.38,-5.3,19493.49,13121.259,1312.1259,13.121259,0.13121259
600750.SH,600750,江中药业,20040818,6.8,6.96,6.5,6.81,6.79,0.02,0.29,11846.51,8044.009,804.4009,8.044008999999999,0.0804400899999999
600750.SH,600750,江中药业,20040819,6.75,6.79,6.58,6.67,6.81,-0.14,-2.06,4667.49,3114.795,311.47950000000003,3.1147950000000004,0.03114795
600750.SH,600750,江中药业,20040820,6.67,6.87,6.57,6.86,6.67,0.19,2.85,12171.4,8182.051,818.2051,8.182051,0.08182051
600750.SH,600750,江中药业,20040823,6.79,6.91,6.71,6.83,6.86,-0.03,-0.44,6258.5,4267.125,426.7125,4.267125,0.04267125
600750.SH,600750,江中药业,20040824,6.86,7.02,6.76,6.99,6.83,0.16,2.34,11187.0,7725.554,772.5554,7.725554,0.07725554
600750.SH,600750,江中药业,20040825,6.93,7.03,6.83,6.98,6.99,-0.01,-0.14,6688.67,4622.132,462.2132,4.622132,0.0462213199999999
600750.SH,600750,江中药业,20040826,7.0,7.0,6.81,6.82,6.98,-0.16,-2.29,3644.0,2509.436,250.9436,2.509436,0.02509436
600750.SH,600750,江中药业,20040827,6.8,7.02,6.8,6.91,6.82,0.09,1.32,11091.89,7657.105,765.7104999999999,7.657104999999999,0.0765710499999999
600750.SH,600750,江中药业,20040830,6.95,7.06,6.83,7.01,6.91,0.1,1.45,13509.1,9405.597,940.5597,9.405597,0.09405597
600750.SH,600750,江中药业,20040831,7.01,7.3,7.01,7.24,7.01,0.23,3.28,18481.69,13251.967,1325.1967,13.251967,0.13251967
600750.SH,600750,江中药业,20040901,7.2,7.28,7.14,7.16,7.24,-0.08,-1.11,10827.0,7782.877,778.2877000000001,7.782877000000001,0.07782877
600750.SH,600750,江中药业,20040902,7.17,7.3,7.11,7.27,7.16,0.11,1.54,12884.36,9277.85,927.785,9.27785,0.0927785
600750.SH,600750,江中药业,20040903,7.3,7.35,7.19,7.2,7.27,-0.07,-0.96,9684.3,7035.164,703.5164,7.035164,0.07035164
600750.SH,600750,江中药业,20040906,7.24,7.3,7.12,7.19,7.2,-0.01,-0.14,5713.0,4104.439,410.4439,4.104439,0.04104439
600750.SH,600750,江中药业,20040907,7.11,7.28,7.1,7.25,7.19,0.06,0.83,6898.5,4961.502,496.1502,4.961502,0.04961502
600750.SH,600750,江中药业,20040908,7.23,7.3,7.13,7.19,7.25,-0.06,-0.83,7679.8,5538.944,553.8944,5.538944,0.05538944
600750.SH,600750,江中药业,20040909,7.17,7.32,6.82,6.89,7.19,-0.3,-4.17,12358.7,8854.991,885.4991,8.854991,0.08854991
600750.SH,600750,江中药业,20040910,6.83,7.05,6.7,6.99,6.89,0.1,1.45,8310.0,5705.103,570.5103,5.705103,0.05705103
600750.SH,600750,江中药业,20040913,6.9,7.01,6.72,6.9,6.99,-0.09,-1.29,8252.77,5690.311,569.0310999999999,5.690311,0.0569031099999999
600750.SH,600750,江中药业,20040914,6.9,7.1,6.81,7.06,6.9,0.16,2.32,11036.24,7717.661,771.7661,7.717661,0.07717661
600750.SH,600750,江中药业,20040915,7.05,7.5,7.0,7.41,7.06,0.35,4.96,19917.03,14612.436,1461.2436,14.612436,0.14612436
600750.SH,600750,江中药业,20040916,7.42,7.53,7.34,7.52,7.41,0.11,1.48,17837.16,13278.958,1327.8958,13.278958,0.13278958
600750.SH,600750,江中药业,20040917,7.52,7.85,7.52,7.84,7.52,0.32,4.26,36877.48,28423.656,2842.3656,28.423656,0.28423656
600750.SH,600750,江中药业,20040920,7.86,8.18,7.67,8.17,7.84,0.33,4.21,36783.33,28998.068,2899.8068,28.998068,0.28998068
600750.SH,600750,江中药业,20040921,8.1,8.16,7.76,8.02,8.17,-0.15,-1.84,26646.83,21182.574,2118.2574,21.182574,0.2118257399999999
600750.SH,600750,江中药业,20040922,8.0,8.1,7.75,7.78,8.02,-0.24,-2.99,22487.66,17743.176,1774.3176,17.743176,0.17743176
600750.SH,600750,江中药业,20040923,7.72,7.94,7.61,7.93,7.78,0.15,1.93,9928.08,7695.106,769.5106,7.695105999999999,0.0769510599999999
600750.SH,600750,江中药业,20040924,7.95,8.03,7.6,7.65,7.93,-0.28,-3.53,20425.0,16124.328,1612.4328,16.124328000000002,0.16124328
600750.SH,600750,江中药业,20040927,7.6,7.81,7.45,7.53,7.65,-0.12,-1.57,7598.1,5789.744,578.9744,5.789744,0.0578974399999999
600750.SH,600750,江中药业,20040928,7.55,7.7,7.5,7.69,7.53,0.16,2.12,5287.0,4020.666,402.0666,4.020666,0.04020666
600750.SH,600750,江中药业,20040929,7.76,7.85,7.65,7.69,7.69,0.0,0.0,8866.0,6891.68,689.168,6.89168,0.0689168
600750.SH,600750,江中药业,20040930,7.65,7.75,7.55,7.62,7.69,-0.07,-0.91,3958.09,3028.382,302.83820000000003,3.028382,0.03028382
600750.SH,600750,江中药业,20041008,7.6,7.9,7.55,7.89,7.62,0.27,3.54,6293.88,4890.176,489.0176,4.890176,0.04890176
600750.SH,600750,江中药业,20041011,7.91,8.08,7.81,7.93,7.89,0.04,0.51,15452.79,12317.61,1231.761,12.31761,0.1231761
600750.SH,600750,江中药业,20041012,7.9,7.95,7.69,7.74,7.93,-0.19,-2.4,6024.8,4693.177,469.3177,4.693177,0.04693177
600750.SH,600750,江中药业,20041013,7.71,7.85,7.6,7.73,7.74,-0.01,-0.13,5510.17,4232.005,423.2005,4.232005,0.04232005
600750.SH,600750,江中药业,20041014,7.62,7.67,7.1,7.15,7.73,-0.58,-7.5,7264.01,5356.075,535.6075,5.356075,0.05356075
600750.SH,600750,江中药业,20041015,7.08,7.2,7.0,7.14,7.15,-0.01,-0.14,6024.21,4269.815,426.9815,4.269815,0.04269815
600750.SH,600750,江中药业,20041018,7.2,7.25,7.0,7.09,7.14,-0.05,-0.7,2551.07,1804.867,180.4867,1.804867,0.01804867
600750.SH,600750,江中药业,20041019,7.15,7.25,7.01,7.03,7.09,-0.06,-0.85,3030.0,2161.257,216.1257,2.161257,0.02161257
600750.SH,600750,江中药业,20041020,7.0,7.15,6.81,7.14,7.03,0.11,1.56,5291.49,3675.421,367.5421,3.675421,0.03675421
600750.SH,600750,江中药业,20041021,7.14,7.18,6.91,6.97,7.14,-0.17,-2.38,3129.0,2194.123,219.4123,2.1941230000000003,0.02194123
600750.SH,600750,江中药业,20041025,7.1,7.18,6.95,6.98,6.97,0.01,0.14,3924.66,2781.227,278.1227,2.781227,0.02781227
600750.SH,600750,江中药业,20041026,6.95,7.08,6.75,7.0,6.98,0.02,0.29,6070.54,4159.148,415.9148,4.159148,0.04159148
600750.SH,600750,江中药业,20041027,7.0,7.14,6.9,7.11,7.0,0.11,1.57,5669.26,3972.477,397.2477,3.972477,0.03972477
600750.SH,600750,江中药业,20041028,7.15,7.25,7.09,7.1,7.11,-0.01,-0.14,8799.27,6314.128,631.4128,6.314127999999999,0.06314128
600750.SH,600750,江中药业,20041029,6.8,7.03,6.8,6.94,7.1,-0.16,-2.25,5648.61,3907.406,390.7406,3.907406,0.03907406
600750.SH,600750,江中药业,20041101,6.9,6.97,6.68,6.81,6.94,-0.13,-1.87,6497.69,4417.662,441.7662,4.417662,0.04417662
600750.SH,600750,江中药业,20041102,6.78,6.88,6.6,6.81,6.81,0.0,0.0,3126.0,2104.639,210.4639,2.104639,0.02104639
600750.SH,600750,江中药业,20041103,6.85,7.05,6.72,6.96,6.81,0.15,2.2,4204.95,2894.857,289.4857,2.894857,0.02894857
600750.SH,600750,江中药业,20041104,6.96,6.99,6.76,6.77,6.96,-0.19,-2.73,3952.45,2721.496,272.1496,2.721496,0.02721496
600750.SH,600750,江中药业,20041105,6.85,6.88,6.69,6.7,6.77,-0.07,-1.03,2738.0,1847.876,184.7876,1.847876,0.01847876
600750.SH,600750,江中药业,20041108,6.7,6.75,6.67,6.71,6.7,0.01,0.15,1675.33,1125.291,112.5291,1.125291,0.01125291
600750.SH,600750,江中药业,20041109,6.85,6.85,6.7,6.71,6.71,0.0,0.0,1822.2,1228.895,122.8895,1.228895,0.01228895
600750.SH,600750,江中药业,20041110,6.78,7.03,6.7,7.01,6.71,0.3,4.47,6910.05,4777.038,477.7038,4.777037999999999,0.0477703799999999
600750.SH,600750,江中药业,20041111,7.09,7.15,6.9,6.94,7.01,-0.07,-1.0,11582.5,8141.524,814.1524000000001,8.141524,0.08141524
600750.SH,600750,江中药业,20041112,6.91,7.09,6.91,6.98,6.94,0.04,0.58,4445.0,3110.736,311.0736,3.110736,0.03110736
600750.SH,600750,江中药业,20041115,7.05,7.17,7.0,7.15,6.98,0.17,2.44,12982.61,9209.059,920.9059,9.209059,0.09209059
600750.SH,600750,江中药业,20041116,7.19,7.2,7.06,7.13,7.15,-0.02,-0.28,3929.0,2795.318,279.53180000000003,2.7953180000000004,0.02795318
600750.SH,600750,江中药业,20041117,7.11,7.13,6.97,6.98,7.13,-0.15,-2.1,4024.0,2828.17,282.817,2.82817,0.0282817
600750.SH,600750,江中药业,20041118,6.98,7.1,6.96,7.08,6.98,0.1,1.43,2555.0,1795.08,179.50799999999998,1.7950799999999998,0.0179508
600750.SH,600750,江中药业,20041119,7.08,7.15,7.0,7.14,7.08,0.06,0.85,9677.89,6860.31,686.0310000000001,6.860310000000001,0.0686031
600750.SH,600750,江中药业,20041122,7.15,7.21,7.1,7.16,7.14,0.02,0.28,10130.06,7259.605,725.9604999999999,7.259604999999999,0.0725960499999999
600750.SH,600750,江中药业,20041123,7.2,7.29,7.16,7.27,7.16,0.11,1.54,11466.76,8270.932,827.0932,8.270932,0.08270932
600750.SH,600750,江中药业,20041124,7.28,7.29,7.08,7.09,7.27,-0.18,-2.48,5268.0,3780.6,378.06,3.7806,0.037806
600750.SH,600750,江中药业,20041125,7.1,7.13,6.99,7.01,7.09,-0.08,-1.13,4526.95,3185.627,318.5627,3.185627,0.03185627
600750.SH,600750,江中药业,20041126,7.02,7.1,7.0,7.08,7.01,0.07,1.0,1779.94,1255.313,125.53130000000002,1.255313,0.01255313
600750.SH,600750,江中药业,20041129,7.03,7.1,6.98,6.98,7.08,-0.1,-1.41,6478.2,4555.789,455.5789,4.555789,0.04555789
600750.SH,600750,江中药业,20041130,6.98,7.12,6.97,7.07,6.98,0.09,1.29,10719.97,7552.1,755.21,7.5521,0.075521
600750.SH,600750,江中药业,20041201,7.07,7.15,6.99,7.15,7.07,0.08,1.13,17137.71,12132.046,1213.2046,12.132046,0.12132046
600750.SH,600750,江中药业,20041202,7.19,7.25,7.04,7.25,7.15,0.1,1.4,19317.34,13807.988,1380.7988,13.807988,0.13807988
600750.SH,600750,江中药业,20041203,7.25,7.47,7.25,7.4,7.25,0.15,2.07,26851.53,19732.64,1973.264,19.73264,0.1973264
600750.SH,600750,江中药业,20041206,7.47,7.48,7.25,7.34,7.4,-0.06,-0.81,7094.65,5204.212,520.4212,5.204212,0.05204212
600750.SH,600750,江中药业,20041207,7.38,7.38,7.14,7.14,7.34,-0.2,-2.72,6787.0,4899.107,489.9107,4.899107,0.04899107
600750.SH,600750,江中药业,20041208,7.25,7.25,7.15,7.19,7.14,0.05,0.7,3055.3,2193.65,219.365,2.19365,0.0219364999999999
600750.SH,600750,江中药业,20041209,7.19,7.33,7.1,7.23,7.19,0.04,0.56,7113.44,5141.581,514.1581,5.141581,0.0514158099999999
600750.SH,600750,江中药业,20041210,7.24,7.27,7.01,7.01,7.23,-0.22,-3.04,5325.06,3773.787,377.3787,3.773787,0.03773787
600750.SH,600750,江中药业,20041213,6.98,7.0,6.76,6.98,7.01,-0.03,-0.43,5632.22,3866.476,386.6476,3.866476,0.03866476
600750.SH,600750,江中药业,20041214,6.95,7.0,6.82,6.88,6.98,-0.1,-1.43,1542.0,1068.691,106.8691,1.068691,0.01068691
600750.SH,600750,江中药业,20041215,6.87,7.07,6.8,7.02,6.88,0.14,2.03,3766.25,2617.142,261.7142,2.617142,0.0261714199999999
600750.SH,600750,江中药业,20041216,6.98,6.98,6.85,6.86,7.02,-0.16,-2.28,1009.0,697.844,69.7844,0.697844,0.00697844
600750.SH,600750,江中药业,20041217,6.82,6.86,6.7,6.78,6.86,-0.08,-1.17,4731.0,3199.611,319.9611,3.199611,0.03199611
600750.SH,600750,江中药业,20041220,6.7,6.91,6.6,6.8,6.78,0.02,0.3,3442.5,2337.905,233.7905,2.337905,0.02337905
600750.SH,600750,江中药业,20041221,6.78,6.86,6.67,6.7,6.8,-0.1,-1.47,2568.1,1724.438,172.4438,1.724438,0.01724438
600750.SH,600750,江中药业,20041222,6.7,6.88,6.69,6.87,6.7,0.17,2.54,3080.7,2090.358,209.0358,2.090358,0.02090358
600750.SH,600750,江中药业,20041223,6.83,6.89,6.68,6.7,6.87,-0.17,-2.47,2222.6,1500.7,150.07,1.5007,0.015007
600750.SH,600750,江中药业,20041224,6.64,6.76,6.63,6.66,6.7,-0.04,-0.6,1972.0,1314.279,131.4279,1.314279,0.01314279
600750.SH,600750,江中药业,20041227,6.66,6.73,6.6,6.63,6.66,-0.03,-0.45,1724.07,1142.992,114.2992,1.142992,0.01142992
600750.SH,600750,江中药业,20041228,6.6,6.69,6.56,6.57,6.63,-0.06,-0.91,2670.0,1761.256,176.12560000000002,1.7612560000000002,0.01761256
600750.SH,600750,江中药业,20041229,6.57,6.64,6.47,6.52,6.57,-0.05,-0.76,1819.91,1189.323,118.9323,1.189323,0.01189323
600750.SH,600750,江中药业,20041230,6.5,6.55,6.45,6.51,6.52,-0.01,-0.15,1811.93,1174.173,117.4173,1.174173,0.0117417299999999
600750.SH,600750,江中药业,20041231,6.5,6.56,6.21,6.45,6.51,-0.06,-0.92,5058.3,3203.656,320.3656,3.203656,0.03203656
600750.SH,600750,江中药业,20050104,6.34,6.35,6.25,6.31,6.45,-0.14,-2.17,1534.49,965.431,96.5431,0.9654310000000002,0.00965431
600750.SH,600750,江中药业,20050105,6.34,6.45,6.28,6.33,6.31,0.02,0.32,3048.0,1929.429,192.9429,1.929429,0.01929429
600750.SH,600750,江中药业,20050106,6.35,6.35,6.24,6.26,6.33,-0.07,-1.11,1446.26,908.427,90.8427,0.908427,0.00908427
600750.SH,600750,江中药业,20050107,6.28,6.35,6.1,6.11,6.26,-0.15,-2.4,5876.48,3639.511,363.9511,3.639511,0.03639511
600750.SH,600750,江中药业,20050110,6.15,6.25,6.1,6.24,6.11,0.13,2.13,9879.88,6059.92,605.992,6.05992,0.0605992
600750.SH,600750,江中药业,20050111,6.25,6.26,6.18,6.24,6.24,0.0,0.0,3373.98,2100.353,210.0353,2.100353,0.02100353
600750.SH,600750,江中药业,20050112,6.24,6.25,6.16,6.22,6.24,-0.02,-0.32,2737.49,1698.714,169.8714,1.6987139999999998,0.0169871399999999
600750.SH,600750,江中药业,20050113,6.21,6.27,6.18,6.24,6.22,0.02,0.32,11903.23,7407.141,740.7140999999999,7.407140999999999,0.0740714099999999
600750.SH,600750,江中药业,20050114,6.28,6.42,6.21,6.35,6.24,0.11,1.76,21374.11,13506.229,1350.6228999999998,13.506228999999998,0.1350622899999999
600750.SH,600750,江中药业,20050117,6.3,6.45,6.26,6.41,6.35,0.06,0.94,17878.98,11392.209,1139.2209,11.392209,0.11392209
600750.SH,600750,江中药业,20050118,6.41,6.42,6.27,6.39,6.41,-0.02,-0.31,7909.76,5014.791,501.4791,5.014791,0.05014791
600750.SH,600750,江中药业,20050119,6.39,6.39,6.22,6.23,6.39,-0.16,-2.5,4025.0,2529.716,252.9716,2.529716,0.02529716
600750.SH,600750,江中药业,20050120,6.25,6.26,5.82,5.92,6.23,-0.31,-4.98,11266.69,6774.396,677.4395999999999,6.774395999999999,0.0677439599999999
600750.SH,600750,江中药业,20050121,5.86,6.1,5.65,6.02,5.92,0.1,1.69,12899.94,7567.799,756.7799,7.567799,0.07567799
600750.SH,600750,江中药业,20050124,6.22,6.22,6.02,6.05,6.02,0.03,0.5,10738.0,6531.293,653.1293,6.531293,0.0653129299999999
600750.SH,600750,江中药业,20050125,6.05,6.05,5.88,5.95,6.05,-0.1,-1.65,5600.97,3318.428,331.8428,3.318428,0.03318428
600750.SH,600750,江中药业,20050126,5.9,5.95,5.83,5.85,5.95,-0.1,-1.68,4037.0,2381.064,238.1064,2.381064,0.0238106399999999
600750.SH,600750,江中药业,20050127,5.81,5.95,5.77,5.86,5.85,0.01,0.17,3864.26,2272.369,227.2369,2.2723690000000003,0.02272369
600750.SH,600750,江中药业,20050128,5.82,5.87,5.6,5.64,5.86,-0.22,-3.75,7043.86,4004.268,400.4268,4.004268,0.04004268
600750.SH,600750,江中药业,20050131,5.65,5.65,5.49,5.5,5.64,-0.14,-2.48,3738.5,2070.93,207.093,2.07093,0.0207092999999999
600750.SH,600750,江中药业,20050201,5.53,5.63,5.49,5.52,5.5,0.02,0.36,5370.88,2974.157,297.4157,2.974157,0.02974157
600750.SH,600750,江中药业,20050202,5.58,5.89,5.51,5.87,5.52,0.35,6.34,8832.69,5038.872,503.8872,5.0388720000000005,0.05038872
600750.SH,600750,江中药业,20050203,5.85,5.9,5.71,5.72,5.87,-0.15,-2.56,5451.1,3158.889,315.88890000000004,3.1588890000000003,0.03158889
600750.SH,600750,江中药业,20050204,5.72,5.91,5.66,5.89,5.72,0.17,2.97,5919.9,3438.171,343.8171,3.438171,0.0343817099999999
600750.SH,600750,江中药业,20050216,5.86,5.96,5.86,5.87,5.89,-0.02,-0.34,6667.81,3934.224,393.4224,3.934224,0.03934224
600750.SH,600750,江中药业,20050217,5.86,5.86,5.78,5.81,5.87,-0.06,-1.02,6517.81,3779.688,377.9688,3.779688,0.03779688
600750.SH,600750,江中药业,20050218,5.8,5.84,5.75,5.75,5.81,-0.06,-1.03,5087.02,2947.906,294.7906,2.947906,0.0294790599999999
600750.SH,600750,江中药业,20050221,5.75,5.92,5.75,5.91,5.75,0.16,2.78,10539.29,6178.034,617.8034,6.178034,0.06178034
600750.SH,600750,江中药业,20050222,5.91,6.09,5.88,6.07,5.91,0.16,2.71,16093.65,9679.679,967.9679,9.679679,0.09679679
600750.SH,600750,江中药业,20050223,6.1,6.14,6.02,6.1,6.07,0.03,0.49,12695.8,7717.864,771.7864,7.717864,0.0771786399999999
600750.SH,600750,江中药业,20050224,6.12,6.28,6.03,6.27,6.1,0.17,2.79,16443.73,10138.557,1013.8557,10.138557,0.10138557
600750.SH,600750,江中药业,20050225,6.38,6.44,6.15,6.18,6.27,-0.09,-1.44,38289.34,24180.112,2418.0112,24.180112,0.2418011199999999
600750.SH,600750,江中药业,20050228,6.15,6.29,6.11,6.2,6.18,0.02,0.32,12853.32,7973.617,797.3617,7.973617000000001,0.07973617
600750.SH,600750,江中药业,20050301,6.2,6.23,6.15,6.17,6.2,-0.03,-0.48,5128.42,3166.252,316.6252,3.166252,0.03166252
600750.SH,600750,江中药业,20050302,6.18,6.24,6.0,6.02,6.17,-0.15,-2.43,10403.67,6333.459,633.3459,6.333459,0.06333459
600750.SH,600750,江中药业,20050303,6.01,6.11,5.98,6.11,6.02,0.09,1.5,5994.36,3617.34,361.734,3.61734,0.0361734
600750.SH,600750,江中药业,20050304,6.14,6.22,6.13,6.14,6.11,0.03,0.49,8526.65,5258.022,525.8022,5.258022,0.05258022
600750.SH,600750,江中药业,20050307,6.16,6.18,6.08,6.14,6.14,0.0,0.0,4134.7,2529.653,252.9653,2.529653,0.0252965299999999
600750.SH,600750,江中药业,20050308,6.15,6.28,6.11,6.28,6.14,0.14,2.28,13538.47,8416.87,841.6870000000001,8.416870000000001,0.0841687
600750.SH,600750,江中药业,20050309,6.27,6.32,6.24,6.3,6.28,0.02,0.32,9287.58,5832.39,583.239,5.83239,0.0583239
600750.SH,600750,江中药业,20050310,6.3,6.41,6.11,6.18,6.3,-0.12,-1.9,15800.58,9952.93,995.293,9.95293,0.0995293
600750.SH,600750,江中药业,20050311,6.18,6.24,6.1,6.18,6.18,0.0,0.0,9622.45,5927.126,592.7126000000001,5.927126,0.05927126
600750.SH,600750,江中药业,20050314,5.97,5.97,5.56,5.69,6.18,-0.49,-7.93,39616.09,22525.331,2252.5331,22.525331,0.2252533099999999
600750.SH,600750,江中药业,20050315,5.67,5.67,5.5,5.57,5.69,-0.12,-2.11,15118.25,8435.617,843.5617,8.435617,0.08435617
600750.SH,600750,江中药业,20050316,5.57,5.72,5.54,5.71,5.57,0.14,2.51,12337.32,6986.306,698.6306,6.986306,0.06986306
600750.SH,600750,江中药业,20050317,5.7,5.71,5.53,5.58,5.71,-0.13,-2.28,7016.01,3943.587,394.3587,3.943587,0.03943587
600750.SH,600750,江中药业,20050318,5.59,5.6,5.25,5.29,5.58,-0.29,-5.2,13106.81,7048.065,704.8064999999999,7.048064999999999,0.0704806499999999
600750.SH,600750,江中药业,20050321,5.3,5.32,5.12,5.21,5.29,-0.08,-1.51,6449.28,3354.912,335.4912,3.354912,0.03354912
600750.SH,600750,江中药业,20050322,5.22,5.25,5.02,5.05,5.21,-0.16,-3.07,7239.7,3685.408,368.5408,3.685408,0.03685408
600750.SH,600750,江中药业,20050323,5.05,5.2,4.98,5.09,5.05,0.04,0.79,7736.4,3927.873,392.7873,3.927873,0.03927873
600750.SH,600750,江中药业,20050324,5.09,5.16,5.03,5.13,5.09,0.04,0.79,5169.08,2627.434,262.7434,2.627434,0.02627434
600750.SH,600750,江中药业,20050325,5.15,5.15,5.05,5.06,5.13,-0.07,-1.36,5593.0,2842.299,284.2299,2.842299,0.0284229899999999
600750.SH,600750,江中药业,20050328,5.01,5.03,4.85,4.92,5.06,-0.14,-2.77,8136.79,3996.21,399.621,3.99621,0.0399620999999999
600750.SH,600750,江中药业,20050329,4.93,5.05,4.9,4.99,4.92,0.07,1.42,7623.84,3795.2,379.52,3.7952,0.037952
600750.SH,600750,江中药业,20050330,4.96,4.96,4.74,4.75,4.99,-0.24,-4.81,6404.91,3096.97,309.697,3.09697,0.0309697
600750.SH,600750,江中药业,20050331,4.72,4.83,4.71,4.83,4.75,0.08,1.68,4612.74,2202.641,220.2641,2.2026410000000003,0.02202641
600750.SH,600750,江中药业,20050401,4.83,5.05,4.74,5.0,4.83,0.17,3.52,9841.45,4814.664,481.4664,4.814664,0.04814664
600750.SH,600750,江中药业,20050404,4.9,4.93,4.8,4.83,5.0,-0.17,-3.4,7854.28,3815.605,381.5605,3.815605,0.03815605
600750.SH,600750,江中药业,20050405,4.81,4.9,4.78,4.83,4.83,0.0,0.0,4082.0,1976.2,197.62,1.9762,0.019762
600750.SH,600750,江中药业,20050406,4.86,5.09,4.82,5.07,4.83,0.24,4.97,16536.97,8267.295,826.7295,8.267295,0.08267295
600750.SH,600750,江中药业,20050407,5.05,5.32,5.05,5.1,5.07,0.03,0.59,22281.62,11554.217,1155.4217,11.554217,0.11554217
600750.SH,600750,江中药业,20050408,5.11,5.2,5.04,5.18,5.1,0.08,1.57,12021.47,6152.724,615.2724000000001,6.152724000000001,0.06152724
600750.SH,600750,江中药业,20050411,5.18,5.27,5.14,5.22,5.18,0.04,0.77,14776.85,7685.106,768.5106,7.685105999999999,0.07685106
600750.SH,600750,江中药业,20050412,5.25,5.38,5.13,5.16,5.22,-0.06,-1.15,15402.99,8083.244,808.3244,8.083244,0.08083244
600750.SH,600750,江中药业,20050413,5.26,5.3,5.16,5.28,5.16,0.12,2.33,15576.35,8133.128,813.3127999999999,8.133128,0.0813312799999999
600750.SH,600750,江中药业,20050414,5.27,5.28,5.09,5.11,5.28,-0.17,-3.22,8526.4,4397.419,439.7419,4.397419,0.04397419
600750.SH,600750,江中药业,20050415,5.09,5.09,4.83,4.86,5.11,-0.25,-4.89,8974.28,4409.948,440.99480000000005,4.409948000000001,0.04409948
600750.SH,600750,江中药业,20050418,4.87,4.87,4.78,4.8,4.86,-0.06,-1.23,4931.21,2368.908,236.8908,2.368908,0.0236890799999999
600750.SH,600750,江中药业,20050419,4.78,4.87,4.78,4.84,4.8,0.04,0.83,3865.3,1869.841,186.9841,1.869841,0.01869841
600750.SH,600750,江中药业,20050420,4.84,4.86,4.57,4.6,4.84,-0.24,-4.96,6335.48,2986.56,298.656,2.98656,0.0298656
600750.SH,600750,江中药业,20050421,4.6,4.65,4.41,4.45,4.6,-0.15,-3.26,7886.69,3559.778,355.9778,3.559778,0.03559778
600750.SH,600750,江中药业,20050422,4.5,4.8,4.5,4.6,4.45,0.15,3.37,15151.15,7034.835,703.4835,7.034835,0.07034835
600750.SH,600750,江中药业,20050425,4.6,4.69,4.55,4.64,4.6,0.04,0.87,11561.09,5347.696,534.7696,5.347696,0.05347696
600750.SH,600750,江中药业,20050426,4.63,4.78,4.63,4.77,4.64,0.13,2.8,9859.52,4654.511,465.45110000000005,4.654511,0.04654511
600750.SH,600750,江中药业,20050427,4.77,4.78,4.56,4.6,4.77,-0.17,-3.56,9583.84,4477.041,447.7041,4.477041000000001,0.04477041
600750.SH,600750,江中药业,20050428,4.6,5.02,4.53,4.89,4.6,0.29,6.3,23282.83,11282.329,1128.2329,11.282329,0.1128232899999999
600750.SH,600750,江中药业,20050429,4.89,4.89,4.76,4.79,4.89,-0.1,-2.05,10143.04,4883.464,488.3464,4.883464,0.04883464
600750.SH,600750,江中药业,20050509,4.75,4.85,4.6,4.62,4.79,-0.17,-3.55,5670.0,2674.635,267.4635,2.6746350000000003,0.02674635
600750.SH,600750,江中药业,20050510,4.64,4.79,4.54,4.73,4.62,0.11,2.38,6342.33,2931.128,293.1128,2.931128,0.02931128
600750.SH,600750,江中药业,20050511,4.73,4.98,4.66,4.85,4.73,0.12,2.54,14937.5,7266.087,726.6087,7.266087,0.07266087
600750.SH,600750,江中药业,20050512,4.89,5.05,4.83,4.99,4.85,0.14,2.89,15639.46,7734.556,773.4556,7.734556,0.07734556
600750.SH,600750,江中药业,20050513,5.0,5.05,4.87,5.0,4.99,0.01,0.2,14865.62,7382.621,738.2621,7.382621,0.07382621
600750.SH,600750,江中药业,20050516,5.0,5.03,4.9,5.02,5.0,0.02,0.4,9188.8,4563.267,456.3267,4.563267,0.04563267
600750.SH,600750,江中药业,20050517,4.96,5.1,4.96,5.0,5.02,-0.02,-0.4,11410.92,5734.81,573.481,5.73481,0.0573480999999999
600750.SH,600750,江中药业,20050518,4.98,5.06,4.92,5.03,5.0,0.03,0.6,8686.35,4350.438,435.0438,4.3504380000000005,0.04350438
600750.SH,600750,江中药业,20050519,5.07,5.07,4.93,5.02,5.03,-0.01,-0.2,6031.4,3015.944,301.5944,3.015944,0.03015944
600750.SH,600750,江中药业,20050520,5.0,5.02,4.88,4.9,5.02,-0.12,-2.39,6909.24,3418.959,341.8959,3.418959,0.03418959
600750.SH,600750,江中药业,20050523,4.88,4.88,4.7,4.8,4.9,-0.1,-2.04,7873.0,3757.467,375.7467,3.757467,0.03757467
600750.SH,600750,江中药业,20050524,4.82,4.95,4.81,4.93,4.8,0.13,2.71,3512.93,1722.431,172.2431,1.722431,0.01722431
600750.SH,600750,江中药业,20050525,4.93,4.94,4.87,4.89,4.93,-0.04,-0.81,4947.89,2423.53,242.353,2.42353,0.0242353
600750.SH,600750,江中药业,20050526,4.83,4.84,4.74,4.74,4.89,-0.15,-3.07,6487.09,3099.111,309.9111,3.099111,0.03099111
600750.SH,600750,江中药业,20050527,4.7,4.83,4.65,4.67,4.74,-0.07,-1.48,4094.16,1938.629,193.8629,1.938629,0.01938629
600750.SH,600750,江中药业,20050530,4.62,4.76,4.6,4.75,4.67,0.08,1.71,2612.0,1228.696,122.8696,1.228696,0.01228696
600750.SH,600750,江中药业,20050531,4.75,4.8,4.68,4.72,4.75,-0.03,-0.63,3472.0,1644.074,164.4074,1.644074,0.01644074
600750.SH,600750,江中药业,20050601,4.72,4.72,4.59,4.62,4.72,-0.1,-2.12,3390.0,1569.642,156.9642,1.569642,0.01569642
600750.SH,600750,江中药业,20050602,4.59,4.66,4.56,4.63,4.62,0.01,0.22,4185.82,1925.492,192.5492,1.925492,0.01925492
600750.SH,600750,江中药业,20050603,4.6,4.73,4.56,4.71,4.63,0.08,1.73,4003.4,1868.028,186.8028,1.868028,0.0186802799999999
600750.SH,600750,江中药业,20050606,4.69,4.7,4.46,4.69,4.71,-0.02,-0.42,5581.75,2564.363,256.4363,2.564363,0.0256436299999999
600750.SH,600750,江中药业,20050607,4.68,4.76,4.62,4.65,4.69,-0.04,-0.85,5876.8,2761.402,276.1402,2.761402,0.02761402
600750.SH,600750,江中药业,20050608,4.6,4.99,4.6,4.96,4.65,0.31,6.67,21198.0,10342.78,1034.278,10.34278,0.1034278
600750.SH,600750,江中药业,20050609,4.9,5.22,4.85,5.08,4.96,0.12,2.42,29429.35,14829.087,1482.9087,14.829087,0.14829087
600750.SH,600750,江中药业,20050610,5.03,5.08,4.9,4.95,5.08,-0.13,-2.56,8914.73,4434.55,443.455,4.434550000000001,0.0443455
600750.SH,600750,江中药业,20050613,4.95,5.04,4.9,4.99,4.95,0.04,0.81,5381.34,2674.241,267.4241,2.6742410000000003,0.02674241
600750.SH,600750,江中药业,20050614,5.03,5.04,4.84,4.85,4.99,-0.14,-2.81,7253.0,3579.194,357.9194,3.579194,0.0357919399999999
600750.SH,600750,江中药业,20050615,4.81,4.84,4.73,4.74,4.85,-0.11,-2.27,4698.02,2248.16,224.816,2.24816,0.0224816
600750.SH,600750,江中药业,20050616,4.74,4.8,4.69,4.8,4.74,0.06,1.27,4523.3,2143.888,214.3888,2.143888,0.02143888
600750.SH,600750,江中药业,20050617,4.87,4.9,4.78,4.82,4.8,0.02,0.42,5279.0,2557.868,255.7868,2.557868,0.02557868
600750.SH,600750,江中药业,20050620,4.8,4.98,4.75,4.97,4.82,0.15,3.11,5620.34,2751.525,275.15250000000003,2.7515250000000004,0.02751525
600750.SH,600750,江中药业,20050621,4.97,5.0,4.89,4.95,4.97,-0.02,-0.4,5214.22,2575.624,257.5624,2.5756239999999995,0.0257562399999999
600750.SH,600750,江中药业,20050622,4.91,4.99,4.88,4.99,4.95,0.04,0.81,4761.33,2352.355,235.2355,2.352355,0.02352355
600750.SH,600750,江中药业,20050624,4.91,4.97,4.84,4.95,4.99,-0.04,-0.8,3828.0,1884.199,188.4199,1.884199,0.01884199
600750.SH,600750,江中药业,20050627,4.96,5.14,4.96,5.07,4.95,0.12,2.42,13159.19,6676.622,667.6622,6.676622,0.06676622
600750.SH,600750,江中药业,20050628,5.01,5.03,4.87,4.93,5.07,-0.14,-2.76,6767.0,3343.564,334.3564,3.343564,0.03343564
600750.SH,600750,江中药业,20050629,4.9,4.96,4.86,4.9,4.93,-0.03,-0.61,3709.1,1822.959,182.2959,1.822959,0.01822959
600750.SH,600750,江中药业,20050630,4.88,4.93,4.71,4.71,4.9,-0.19,-3.88,6716.0,3220.972,322.09720000000004,3.2209720000000006,0.03220972
600750.SH,600750,江中药业,20050701,4.7,4.74,4.56,4.6,4.71,-0.11,-2.34,4657.92,2171.843,217.1843,2.171843,0.02171843
600750.SH,600750,江中药业,20050704,4.6,4.63,4.42,4.51,4.6,-0.09,-1.96,4506.6,2026.197,202.6197,2.026197,0.0202619699999999
600750.SH,600750,江中药业,20050705,4.51,4.54,4.46,4.53,4.51,0.02,0.44,2089.72,942.398,94.2398,0.942398,0.00942398
600750.SH,600750,江中药业,20050706,4.48,4.61,4.48,4.61,4.53,0.08,1.77,2780.12,1262.951,126.2951,1.2629510000000002,0.01262951
600750.SH,600750,江中药业,20050707,4.59,4.66,4.59,4.64,4.61,0.03,0.65,2640.0,1220.092,122.0092,1.2200920000000002,0.01220092
600750.SH,600750,江中药业,20050708,4.51,4.58,4.28,4.32,4.54,-0.22,-4.85,3624.9,1585.008,158.5008,1.585008,0.01585008
600750.SH,600750,江中药业,20050711,4.32,4.48,4.12,4.18,4.32,-0.14,-3.24,7330.42,3173.873,317.3873,3.173873,0.03173873
600750.SH,600750,江中药业,20050712,4.17,4.3,4.06,4.29,4.18,0.11,2.63,7279.03,3033.633,303.3633,3.033633,0.03033633
600750.SH,600750,江中药业,20050713,4.28,4.28,4.11,4.16,4.29,-0.13,-3.03,4932.0,2063.089,206.3089,2.063089,0.02063089
600750.SH,600750,江中药业,20050714,4.18,4.34,4.18,4.27,4.16,0.11,2.64,3647.69,1551.354,155.1354,1.551354,0.01551354
600750.SH,600750,江中药业,20050715,4.24,4.28,4.1,4.1,4.27,-0.17,-3.98,4437.0,1851.225,185.1225,1.851225,0.01851225
600750.SH,600750,江中药业,20050718,4.06,4.14,3.92,3.98,4.1,-0.12,-2.93,3385.55,1362.417,136.24169999999998,1.3624169999999998,0.0136241699999999
600750.SH,600750,江中药业,20050719,3.98,4.05,3.91,3.99,3.98,0.01,0.25,2282.06,907.774,90.7774,0.907774,0.0090777399999999
600750.SH,600750,江中药业,20050720,3.99,4.09,3.96,4.0,3.99,0.01,0.25,2680.9,1080.113,108.0113,1.080113,0.01080113
600750.SH,600750,江中药业,20050721,4.0,4.05,3.96,4.01,4.0,0.01,0.25,2359.5,943.633,94.3633,0.943633,0.00943633
600750.SH,600750,江中药业,20050722,4.02,4.2,4.02,4.13,4.01,0.12,2.99,5773.67,2380.925,238.09250000000003,2.3809250000000004,0.02380925
600750.SH,600750,江中药业,20050725,4.13,4.16,4.06,4.13,4.13,0.0,0.0,3073.93,1261.796,126.1796,1.261796,0.01261796
600750.SH,600750,江中药业,20050726,4.12,4.25,4.1,4.24,4.13,0.11,2.66,5760.61,2420.266,242.0266,2.420266,0.0242026599999999
600750.SH,600750,江中药业,20050727,4.24,4.28,4.17,4.28,4.24,0.04,0.94,6858.7,2910.816,291.0816,2.910816,0.0291081599999999
600750.SH,600750,江中药业,20050728,4.26,4.38,4.22,4.35,4.28,0.07,1.64,11475.92,4946.081,494.6081,4.946081,0.04946081
600750.SH,600750,江中药业,20050729,4.32,4.32,4.17,4.25,4.35,-0.1,-2.3,8331.45,3521.391,352.1391,3.521391,0.03521391
600750.SH,600750,江中药业,20050801,4.25,4.27,4.19,4.26,4.25,0.01,0.24,4795.26,2028.354,202.8354,2.028354,0.02028354
600750.SH,600750,江中药业,20050802,4.28,4.35,4.23,4.34,4.26,0.08,1.88,7026.18,3011.279,301.1279,3.011279,0.03011279
600750.SH,600750,江中药业,20050803,4.34,4.44,4.31,4.34,4.34,0.0,0.0,11246.33,4934.783,493.4783000000001,4.934783,0.04934783
600750.SH,600750,江中药业,20050804,4.34,4.48,4.28,4.46,4.34,0.12,2.77,14806.13,6541.269,654.1269,6.541269,0.06541269
600750.SH,600750,江中药业,20050805,4.52,4.62,4.51,4.61,4.46,0.15,3.36,29263.3,13402.684,1340.2684,13.402684,0.1340268399999999
600750.SH,600750,江中药业,20050808,4.66,4.77,4.61,4.63,4.61,0.02,0.43,18047.26,8412.39,841.2389999999999,8.412389999999998,0.0841238999999999
600750.SH,600750,江中药业,20050809,4.61,4.7,4.53,4.69,4.63,0.06,1.3,11308.62,5190.106,519.0106,5.190105999999999,0.0519010599999999
600750.SH,600750,江中药业,20050810,4.68,4.71,4.57,4.7,4.69,0.01,0.21,17729.45,8233.15,823.3149999999999,8.23315,0.0823315
600750.SH,600750,江中药业,20050811,4.69,4.75,4.64,4.71,4.7,0.01,0.21,14619.72,6857.501,685.7501,6.857501,0.06857501
600750.SH,600750,江中药业,20050812,4.71,4.72,4.55,4.57,4.71,-0.14,-2.97,16862.79,7827.737,782.7737,7.827737,0.07827737
600750.SH,600750,江中药业,20050815,4.57,4.83,4.51,4.77,4.57,0.2,4.38,15050.97,7071.792,707.1792,7.071792,0.07071792
600750.SH,600750,江中药业,20050816,4.75,4.83,4.66,4.7,4.77,-0.07,-1.47,16365.42,7765.3,776.53,7.7653,0.077653
600750.SH,600750,江中药业,20050817,4.68,4.8,4.58,4.76,4.7,0.06,1.28,13974.3,6535.0,653.5,6.535,0.06535
600750.SH,600750,江中药业,20050818,4.79,5.01,4.63,4.66,4.76,-0.1,-2.1,31911.31,15486.77,1548.677,15.486770000000002,0.1548677
600750.SH,600750,江中药业,20050819,4.61,4.7,4.53,4.61,4.66,-0.05,-1.07,11495.11,5316.079,531.6079,5.316078999999999,0.0531607899999999
600750.SH,600750,江中药业,20050822,4.6,4.75,4.6,4.71,4.61,0.1,2.17,5668.49,2654.935,265.4935,2.654935,0.02654935
600750.SH,600750,江中药业,20050823,4.71,4.71,4.56,4.64,4.71,-0.07,-1.49,4362.0,2017.928,201.7928,2.017928,0.02017928
600750.SH,600750,江中药业,20050824,4.65,4.7,4.62,4.69,4.64,0.05,1.08,6472.0,3018.948,301.8948,3.018948,0.03018948
600750.SH,600750,江中药业,20050825,4.67,4.73,4.65,4.7,4.69,0.01,0.21,5748.98,2693.739,269.3739,2.693739,0.02693739
600750.SH,600750,江中药业,20050826,4.73,4.95,4.71,4.92,4.7,0.22,4.68,22563.13,10988.099,1098.8099,10.988099,0.10988099
600750.SH,600750,江中药业,20050829,4.92,4.98,4.84,4.87,4.92,-0.05,-1.02,12608.42,6143.326,614.3326,6.143325999999999,0.0614332599999999
600750.SH,600750,江中药业,20050830,4.99,4.99,4.8,4.88,4.87,0.01,0.21,9949.5,4840.087,484.0087,4.8400870000000005,0.04840087
600750.SH,600750,江中药业,20050831,4.95,5.17,4.92,5.12,4.88,0.24,4.92,38920.0,19737.88,1973.788,19.73788,0.1973788
600750.SH,600750,江中药业,20050901,5.12,5.25,5.06,5.17,5.12,0.05,0.98,28634.07,14734.704,1473.4704,14.734704,0.1473470399999999
600750.SH,600750,江中药业,20050902,5.17,5.17,5.08,5.13,5.17,-0.04,-0.77,13541.49,6925.929,692.5929,6.925929,0.06925929
600750.SH,600750,江中药业,20050905,5.13,5.22,5.08,5.22,5.13,0.09,1.75,14732.77,7608.344,760.8344,7.608344,0.07608344
600750.SH,600750,江中药业,20050906,5.23,5.26,5.0,5.02,5.22,-0.2,-3.83,19290.38,9881.702,988.1702,9.881702,0.0988170199999999
600750.SH,600750,江中药业,20050907,5.0,5.15,4.96,5.15,5.02,0.13,2.59,12525.08,6319.358,631.9358,6.319357999999999,0.06319358
600750.SH,600750,江中药业,20050908,5.15,5.17,5.05,5.1,5.15,-0.05,-0.97,11700.11,5962.889,596.2889,5.9628890000000006,0.05962889
600750.SH,600750,江中药业,20050909,5.1,5.18,5.07,5.1,5.1,0.0,0.0,12040.49,6182.729,618.2729,6.182729,0.06182729
600750.SH,600750,江中药业,20050912,5.1,5.15,5.07,5.13,5.1,0.03,0.59,6227.99,3182.788,318.2788,3.182788,0.03182788
600750.SH,600750,江中药业,20050913,5.15,5.33,5.13,5.28,5.13,0.15,2.92,18902.71,9919.202,991.9202,9.919202,0.0991920199999999
600750.SH,600750,江中药业,20050914,5.3,5.4,5.21,5.38,5.28,0.1,1.89,22218.86,11788.27,1178.827,11.78827,0.1178827
600750.SH,600750,江中药业,20050915,5.38,5.42,5.33,5.38,5.38,0.0,0.0,8526.93,4581.645,458.1645,4.581645,0.04581645
600750.SH,600750,江中药业,20050916,5.35,5.36,5.25,5.26,5.38,-0.12,-2.23,10958.09,5790.122,579.0122,5.790122,0.05790122
600750.SH,600750,江中药业,20050919,5.28,5.44,5.26,5.4,5.26,0.14,2.66,10139.28,5443.879,544.3879,5.443878999999999,0.0544387899999999
600750.SH,600750,江中药业,20050920,5.4,5.45,5.2,5.25,5.4,-0.15,-2.78,18457.32,9745.036,974.5036,9.745036,0.09745036
600750.SH,600750,江中药业,20050921,5.25,5.29,5.14,5.14,5.25,-0.11,-2.1,11846.03,6141.46,614.146,6.14146,0.0614145999999999
600750.SH,600750,江中药业,20050922,5.1,5.15,4.98,5.04,5.14,-0.1,-1.95,18976.1,9570.668,957.0668,9.570668,0.0957066799999999
600750.SH,600750,江中药业,20050923,5.04,5.08,5.0,5.0,5.04,-0.04,-0.79,5568.0,2805.287,280.5287,2.8052869999999994,0.0280528699999999
600750.SH,600750,江中药业,20050926,5.0,5.12,4.94,5.12,5.0,0.12,2.4,8044.57,4040.107,404.0107,4.040107,0.04040107
600750.SH,600750,江中药业,20050927,5.12,5.12,4.98,5.0,5.12,-0.12,-2.34,9650.0,4854.03,485.403,4.85403,0.0485403
600750.SH,600750,江中药业,20050928,4.99,5.09,4.94,5.0,5.0,0.0,0.0,6765.0,3389.837,338.9837,3.389837,0.03389837
600750.SH,600750,江中药业,20050929,4.97,5.1,4.97,5.07,5.0,0.07,1.4,9154.92,4608.125,460.8125,4.608125,0.04608125
600750.SH,600750,江中药业,20050930,5.08,5.17,5.04,5.09,5.07,0.02,0.39,8773.83,4479.612,447.9612,4.479612,0.04479612
600750.SH,600750,江中药业,20051010,5.08,5.09,4.98,5.05,5.09,-0.04,-0.79,4380.5,2199.653,219.9653,2.199653,0.0219965299999999
600750.SH,600750,江中药业,20051011,5.02,5.13,4.99,5.13,5.05,0.08,1.58,5247.16,2665.338,266.53380000000004,2.665338,0.02665338
600750.SH,600750,江中药业,20051012,5.1,5.23,5.03,5.21,5.13,0.08,1.56,12318.06,6390.455,639.0455,6.390454999999999,0.0639045499999999
600750.SH,600750,江中药业,20051013,5.21,5.27,5.11,5.13,5.21,-0.08,-1.54,6789.5,3532.091,353.2091,3.532091,0.03532091
600750.SH,600750,江中药业,20051014,5.11,5.2,5.08,5.1,5.13,-0.03,-0.58,5147.52,2647.311,264.7311,2.647311,0.02647311
600750.SH,600750,江中药业,20051017,5.09,5.2,5.08,5.14,5.1,0.04,0.78,7207.19,3707.167,370.7167,3.707167,0.03707167
600750.SH,600750,江中药业,20051018,5.18,5.29,5.15,5.27,5.14,0.13,2.53,10627.96,5563.852,556.3851999999999,5.563852,0.05563852
600750.SH,600750,江中药业,20051019,5.3,5.31,5.2,5.2,5.27,-0.07,-1.33,8927.1,4679.302,467.9302,4.679302,0.04679302
600750.SH,600750,江中药业,20051020,5.2,5.2,4.98,5.06,5.2,-0.14,-2.69,9637.89,4862.078,486.2078,4.862078,0.04862078
600750.SH,600750,江中药业,20051021,5.07,5.2,5.07,5.18,5.06,0.12,2.37,6366.33,3273.871,327.38710000000003,3.273871,0.03273871
600750.SH,600750,江中药业,20051024,5.2,5.24,5.12,5.18,5.18,0.0,0.0,6128.11,3173.257,317.3257,3.173257,0.03173257
600750.SH,600750,江中药业,20051025,5.23,5.27,5.16,5.16,5.18,-0.02,-0.39,10911.14,5679.737,567.9737,5.679737,0.05679737
600750.SH,600750,江中药业,20051026,5.21,5.39,5.2,5.22,5.16,0.06,1.16,34817.93,18455.691,1845.5691,18.455691,0.18455691
600750.SH,600750,江中药业,20051027,5.17,5.29,5.06,5.08,5.22,-0.14,-2.68,17252.96,8938.05,893.805,8.938049999999999,0.0893804999999999
600750.SH,600750,江中药业,20051028,5.08,5.1,4.71,4.79,5.08,-0.29,-5.71,21420.76,10443.213,1044.3213,10.443213,0.10443213
600750.SH,600750,江中药业,20051031,4.79,4.95,4.73,4.87,4.79,0.08,1.67,15245.07,7393.832,739.3832,7.393832,0.07393832
600750.SH,600750,江中药业,20051101,4.85,4.93,4.7,4.86,4.87,-0.01,-0.21,7591.06,3638.64,363.864,3.63864,0.0363864
600750.SH,600750,江中药业,20051102,4.89,5.03,4.89,5.01,4.86,0.15,3.09,14344.31,7159.528,715.9528,7.159528,0.07159528
600750.SH,600750,江中药业,20051103,5.0,5.13,5.0,5.05,5.01,0.04,0.8,8939.45,4529.505,452.9505,4.529505,0.04529505
600750.SH,600750,江中药业,20051104,5.04,5.1,5.0,5.07,5.05,0.02,0.4,4709.39,2374.247,237.4247,2.374247,0.0237424699999999
600750.SH,600750,江中药业,20051107,5.07,5.22,5.0,5.17,5.07,0.1,1.97,7649.67,3925.851,392.5851,3.925851,0.03925851
600750.SH,600750,江中药业,20051108,5.17,5.36,5.11,5.29,5.17,0.12,2.32,28179.05,14922.425,1492.2424999999998,14.922425,0.1492242499999999
600750.SH,600750,江中药业,20051109,5.35,5.35,5.22,5.32,5.29,0.03,0.57,11659.52,6182.205,618.2205,6.182205,0.0618220499999999
600750.SH,600750,江中药业,20051110,5.27,5.42,5.27,5.39,5.32,0.07,1.32,25822.12,13859.355,1385.9355,13.859355,0.13859355
600750.SH,600750,江中药业,20051111,5.37,5.42,5.2,5.38,5.39,-0.01,-0.19,15849.31,8470.981,847.0980999999999,8.470981,0.08470981
600750.SH,600750,江中药业,20051114,5.37,5.38,5.24,5.25,5.38,-0.13,-2.42,8183.4,4333.143,433.3143,4.333143,0.04333143
600750.SH,600750,江中药业,20051115,5.25,5.43,5.25,5.33,5.25,0.08,1.52,6990.73,3744.676,374.4676,3.744676,0.03744676
600750.SH,600750,江中药业,20051116,5.26,5.37,5.25,5.35,5.33,0.02,0.38,5555.98,2937.992,293.79920000000004,2.9379920000000004,0.02937992
600750.SH,600750,江中药业,20051117,5.34,5.39,5.27,5.3,5.35,-0.05,-0.93,3568.71,1903.101,190.3101,1.903101,0.01903101
600750.SH,600750,江中药业,20051118,5.3,5.77,5.2,5.71,5.3,0.41,7.74,40998.8,22525.338,2252.5338,22.525338,0.22525338
600750.SH,600750,江中药业,20051121,5.7,6.08,5.62,5.77,5.71,0.06,1.05,54635.49,31625.645,3162.5645,31.625645,0.3162564499999999
600750.SH,600750,江中药业,20051122,5.75,5.98,5.45,5.9,5.77,0.13,2.25,55110.81,30965.53,3096.553,30.96553,0.3096552999999999
600750.SH,600750,江中药业,20051123,5.78,6.07,5.72,6.0,5.9,0.1,1.69,52082.41,30827.825,3082.7825000000003,30.827825000000004,0.30827825
600750.SH,600750,江中药业,20051124,6.0,6.21,5.91,5.99,6.0,-0.01,-0.17,79249.8,48441.709,4844.1709,48.441709,0.48441709
600750.SH,600750,江中药业,20051128,5.95,5.95,5.8,5.83,5.99,-0.16,-2.67,11051.0,6465.42,646.542,6.46542,0.0646542
600750.SH,600750,江中药业,20051129,5.79,5.89,5.74,5.88,5.83,0.05,0.86,7096.28,4105.248,410.5248,4.105248,0.0410524799999999
600750.SH,600750,江中药业,20051130,5.9,5.9,5.8,5.84,5.88,-0.04,-0.68,3133.99,1830.483,183.0483,1.830483,0.0183048299999999
600750.SH,600750,江中药业,20051201,5.86,6.05,5.84,5.93,5.84,0.09,1.54,7093.67,4234.737,423.4737,4.234737,0.04234737
600750.SH,600750,江中药业,20051202,5.9,6.01,5.85,5.87,5.93,-0.06,-1.01,8658.07,5136.421,513.6421,5.136421,0.05136421
600750.SH,600750,江中药业,20051205,5.95,6.01,5.78,5.8,5.87,-0.07,-1.19,8565.0,5069.545,506.9545,5.069545,0.0506954499999999
600750.SH,600750,江中药业,20051206,5.65,5.91,5.65,5.85,5.8,0.05,0.86,5841.94,3384.969,338.4969,3.384969,0.03384969
600750.SH,600750,江中药业,20051207,5.9,6.15,5.9,6.08,5.85,0.23,3.93,26197.4,15809.144,1580.9144,15.809144000000002,0.15809144
600750.SH,600750,江中药业,20051208,6.04,6.1,5.88,6.07,6.08,-0.01,-0.16,9245.32,5529.896,552.9896,5.529896,0.05529896
600750.SH,600750,江中药业,20051209,6.05,6.25,5.93,6.01,6.07,-0.06,-0.99,21516.19,13124.714,1312.4714,13.124714,0.1312471399999999
600750.SH,600750,江中药业,20051212,6.03,6.05,5.89,5.95,6.01,-0.06,-1.0,7888.85,4686.678,468.6678,4.686678,0.04686678
600750.SH,600750,江中药业,20051213,5.93,6.1,5.88,6.04,5.95,0.09,1.51,18550.77,11105.094,1110.5094,11.105094,0.1110509399999999
600750.SH,600750,江中药业,20051214,6.04,6.08,5.95,6.06,6.04,0.02,0.33,2823.95,1698.553,169.8553,1.698553,0.01698553
600750.SH,600750,江中药业,20051215,6.06,6.09,5.93,5.97,6.06,-0.09,-1.49,5812.54,3482.288,348.2288,3.482288,0.0348228799999999
600750.SH,600750,江中药业,20051216,5.97,6.07,5.93,6.05,5.97,0.08,1.34,8499.26,5084.069,508.40690000000006,5.084069,0.05084069
600750.SH,600750,江中药业,20051219,6.0,6.65,5.95,6.29,6.05,0.24,3.97,34349.67,22151.668,2215.1668,22.151668,0.22151668
600750.SH,600750,江中药业,20051220,6.27,6.29,6.16,6.22,6.29,-0.07,-1.11,10399.0,6443.404,644.3404,6.443404,0.06443404
600750.SH,600750,江中药业,20051221,6.21,6.25,6.14,6.19,6.22,-0.03,-0.48,9037.39,5592.321,559.2321,5.592320999999999,0.0559232099999999
600750.SH,600750,江中药业,20051222,6.15,6.23,6.1,6.16,6.19,-0.03,-0.48,7125.57,4388.286,438.8286,4.388286,0.0438828599999999
600750.SH,600750,江中药业,20051223,6.14,6.28,6.14,6.21,6.16,0.05,0.81,9551.69,5919.943,591.9943000000001,5.919943000000001,0.05919943
600750.SH,600750,江中药业,20051226,6.22,6.26,6.16,6.25,6.21,0.04,0.64,16850.0,10453.389,1045.3389,10.453389,0.1045338899999999
600750.SH,600750,江中药业,20051227,6.26,6.27,6.18,6.18,6.25,-0.07,-1.12,4586.0,2846.806,284.6806,2.8468060000000004,0.02846806
600750.SH,600750,江中药业,20051228,6.2,6.2,6.1,6.11,6.18,-0.07,-1.13,5561.0,3412.564,341.2564,3.412564,0.03412564
600750.SH,600750,江中药业,20051229,6.12,6.2,6.08,6.18,6.11,0.07,1.15,8158.99,5005.428,500.5428,5.005428,0.05005428
600750.SH,600750,江中药业,20051230,6.2,6.24,6.04,6.09,6.18,-0.09,-1.46,11539.76,7072.112,707.2112,7.072112,0.07072112
600750.SH,600750,江中药业,20060104,6.09,6.12,5.94,6.01,6.09,-0.08,-1.31,10899.43,6565.723,656.5723,6.565723,0.06565723
600750.SH,600750,江中药业,20060105,6.05,6.25,5.98,6.22,6.01,0.21,3.49,20321.14,12462.035,1246.2035,12.462035,0.12462035
600750.SH,600750,江中药业,20060106,6.22,6.26,6.15,6.2,6.22,-0.02,-0.32,12461.0,7716.403,771.6403,7.716403000000001,0.07716403
600750.SH,600750,江中药业,20060109,6.25,6.45,6.23,6.35,6.2,0.15,2.42,25228.27,15984.763,1598.4763,15.984763,0.15984763
600750.SH,600750,江中药业,20060110,6.35,6.46,6.27,6.44,6.35,0.09,1.42,13473.58,8603.857,860.3857,8.603857,0.08603857
600750.SH,600750,江中药业,20060111,6.4,6.43,6.29,6.35,6.44,-0.09,-1.4,12510.95,7940.904,794.0904,7.940904000000001,0.07940904
600750.SH,600750,江中药业,20060112,6.36,6.58,6.36,6.48,6.35,0.13,2.05,22760.74,14713.266,1471.3266,14.713266,0.14713266
600750.SH,600750,江中药业,20060113,6.49,6.6,6.3,6.32,6.48,-0.16,-2.47,11073.0,7090.242,709.0242000000001,7.090242000000001,0.07090242
600750.SH,600750,江中药业,20060116,6.4,6.4,6.13,6.16,6.32,-0.16,-2.53,14947.0,9280.817,928.0817,9.280817,0.09280817
600750.SH,600750,江中药业,20060117,6.28,6.28,6.04,6.06,6.16,-0.1,-1.62,6232.94,3801.211,380.1211,3.801211,0.0380121099999999
600750.SH,600750,江中药业,20060118,6.07,6.22,6.06,6.18,6.06,0.12,1.98,6204.54,3803.345,380.3345,3.803345,0.0380334499999999
600750.SH,600750,江中药业,20060119,6.17,6.24,6.08,6.2,6.18,0.02,0.32,7728.57,4741.786,474.1786,4.741786,0.04741786
600750.SH,600750,江中药业,20060120,6.22,6.24,6.1,6.13,6.2,-0.07,-1.13,12613.31,7766.536,776.6536,7.766535999999999,0.0776653599999999
600750.SH,600750,江中药业,20060123,6.09,6.13,5.96,6.0,6.13,-0.13,-2.12,15586.0,9389.747,938.9747,9.389747,0.09389747
600750.SH,600750,江中药业,20060124,6.0,6.16,5.92,6.1,6.0,0.1,1.67,17464.99,10606.643,1060.6643,10.606642999999998,0.1060664299999999
600750.SH,600750,江中药业,20060125,6.12,6.43,6.1,6.28,6.1,0.18,2.95,18324.21,11557.166,1155.7166,11.557166,0.11557166
600750.SH,600750,江中药业,20060206,6.3,6.91,6.3,6.8,6.28,0.52,8.28,57273.33,38164.602,3816.4602,38.164602,0.38164602
600750.SH,600750,江中药业,20060207,6.85,7.05,6.73,6.88,6.8,0.08,1.18,43088.6,29682.656,2968.2656,29.682656,0.2968265599999999
600750.SH,600750,江中药业,20060208,6.9,7.34,6.85,7.2,6.88,0.32,4.65,45509.44,32698.354,3269.8354,32.698354,0.32698354
600750.SH,600750,江中药业,20060209,7.21,7.25,6.92,7.06,7.2,-0.14,-1.94,19605.9,13853.587,1385.3587,13.853587,0.13853587
600750.SH,600750,江中药业,20060210,7.09,7.23,7.01,7.09,7.06,0.03,0.42,12800.5,9079.767,907.9767,9.079767,0.0907976699999999
600750.SH,600750,江中药业,20060213,7.12,7.37,7.08,7.3,7.09,0.21,2.96,21759.68,15661.067,1566.1066999999998,15.661066999999996,0.1566106699999999
600750.SH,600750,江中药业,20060214,7.3,7.44,7.2,7.28,7.3,-0.02,-0.27,20962.51,15383.33,1538.333,15.38333,0.1538333
600750.SH,600750,江中药业,20060215,7.27,7.28,7.0,7.03,7.28,-0.25,-3.43,32334.7,23043.998,2304.3998,23.043998,0.23043998
600750.SH,600750,江中药业,20060216,7.01,7.22,7.01,7.06,7.03,0.03,0.43,26123.64,18562.359,1856.2359,18.562359,0.18562359
600750.SH,600750,江中药业,20060217,7.06,7.16,7.04,7.11,7.06,0.05,0.71,11374.59,8084.534,808.4534,8.084534,0.08084534
600750.SH,600750,江中药业,20060220,7.18,7.37,6.96,7.0,7.11,-0.11,-1.55,23001.33,16523.802,1652.3802,16.523802,0.1652380199999999
600750.SH,600750,江中药业,20060221,6.85,6.97,6.65,6.89,7.0,-0.11,-1.57,26566.0,18005.662,1800.5662,18.005662,0.18005662
600750.SH,600750,江中药业,20060222,6.88,6.94,6.75,6.86,6.89,-0.03,-0.44,22094.8,15182.366,1518.2366,15.182366,0.15182366
600750.SH,600750,江中药业,20060223,6.86,6.98,6.8,6.89,6.86,0.03,0.44,17869.26,12306.911,1230.6911,12.306911,0.12306911
600750.SH,600750,江中药业,20060224,6.9,6.91,6.79,6.8,6.89,-0.09,-1.31,17100.27,11670.317,1167.0317,11.670317,0.11670317
600750.SH,600750,江中药业,20060315,6.8,6.88,6.54,6.74,6.8,-0.06,-0.88,22731.31,15178.962,1517.8962,15.178962,0.15178962
600750.SH,600750,江中药业,20060316,6.7,6.81,6.66,6.76,6.74,0.02,0.3,6801.32,4561.851,456.1851,4.561851,0.04561851
600750.SH,600750,江中药业,20060317,6.76,6.76,6.61,6.71,6.76,-0.05,-0.74,3730.01,2490.107,249.0107,2.490107,0.02490107
600750.SH,600750,江中药业,20060320,6.74,6.97,6.74,6.91,6.71,0.2,2.98,13205.13,9098.404,909.8404,9.098404,0.09098404
600750.SH,600750,江中药业,20060321,6.93,7.0,6.85,6.99,6.91,0.08,1.16,10008.15,6928.173,692.8172999999999,6.928172999999999,0.0692817299999999
600750.SH,600750,江中药业,20060322,6.99,7.07,6.9,7.03,6.99,0.04,0.57,12843.51,8965.569,896.5568999999999,8.965568999999999,0.0896556899999999
600750.SH,600750,江中药业,20060323,7.03,7.16,6.88,7.11,7.03,0.08,1.14,20981.56,14815.267,1481.5267,14.815267,0.14815267
600750.SH,600750,江中药业,20060324,7.09,7.3,7.08,7.18,7.11,0.07,0.98,30526.01,21925.634,2192.5634,21.925634,0.21925634
600750.SH,600750,江中药业,20060517,7.6,8.78,7.6,8.15,7.18,0.97,13.51,179712.38,147979.687,14797.9687,147.979687,1.4797968700000002
600750.SH,600750,江中药业,20060518,8.06,8.45,7.65,8.31,8.15,0.16,1.96,69126.66,56400.557,5640.0557,56.400557,0.56400557
600750.SH,600750,江中药业,20060519,8.31,8.53,8.19,8.3,8.31,-0.01,-0.12,50723.72,42230.868,4223.0868,42.230868,0.42230868
600750.SH,600750,江中药业,20060522,8.3,8.71,7.89,8.54,8.3,0.24,2.89,70601.09,58631.709,5863.1709,58.631709,0.58631709
600750.SH,600750,江中药业,20060523,8.48,8.48,8.0,8.0,8.54,-0.54,-6.32,36613.64,30021.463,3002.1463,30.021463,0.30021463
600750.SH,600750,江中药业,20060524,8.0,8.2,7.24,7.6,8.0,-0.4,-5.0,32009.21,24371.713,2437.1713,24.371713,0.24371713
600750.SH,600750,江中药业,20060525,7.6,7.7,7.32,7.49,7.6,-0.11,-1.45,16941.81,12690.084,1269.0084000000002,12.690084000000002,0.12690084
600750.SH,600750,江中药业,20060526,7.58,7.7,7.49,7.65,7.49,0.16,2.14,13448.0,10250.925,1025.0925,10.250925,0.10250925
600750.SH,600750,江中药业,20060529,7.7,8.18,7.65,8.01,7.65,0.36,4.71,31383.09,25074.374,2507.4374,25.074374,0.25074374
600750.SH,600750,江中药业,20060530,8.03,8.06,7.78,7.95,8.01,-0.06,-0.75,18041.86,14345.82,1434.582,14.345819999999998,0.1434581999999999
600750.SH,600750,江中药业,20060531,7.9,7.9,7.51,7.58,7.95,-0.37,-4.65,34669.53,26682.828,2668.2828,26.682828,0.26682828
600750.SH,600750,江中药业,20060601,7.49,7.86,7.49,7.8,7.58,0.22,2.9,38703.69,29760.847,2976.0847000000003,29.760847,0.29760847
600750.SH,600750,江中药业,20060602,7.75,8.58,7.55,8.58,7.8,0.78,10.0,76445.96,61558.857,6155.885700000001,61.55885700000001,0.6155885700000001
600750.SH,600750,江中药业,20060605,8.58,8.93,8.1,8.7,8.58,0.12,1.4,82370.75,70710.334,7071.0334,70.710334,0.7071033400000001
600750.SH,600750,江中药业,20060606,8.64,8.78,8.38,8.39,8.7,-0.31,-3.56,26270.2,22461.11,2246.111,22.46111,0.2246110999999999
600750.SH,600750,江中药业,20060607,8.77,8.98,8.35,8.44,8.39,0.05,0.6,108837.8,94764.484,9476.4484,94.764484,0.94764484
600750.SH,600750,江中药业,20060608,8.35,8.92,8.28,8.76,8.44,0.32,3.79,75069.25,65209.898,6520.9898,65.20989800000001,0.6520989800000001
600750.SH,600750,江中药业,20060609,8.8,8.88,8.18,8.29,8.76,-0.47,-5.37,42964.95,36586.646,3658.6646,36.586646,0.36586646
600750.SH,600750,江中药业,20060612,7.98,8.39,7.7,8.35,8.09,0.26,3.21,20165.6,16589.642,1658.9642,16.589641999999998,0.16589642
600750.SH,600750,江中药业,20060613,8.37,8.6,8.21,8.41,8.35,0.06,0.72,28913.56,24435.196,2443.5196,24.435196,0.24435196
600750.SH,600750,江中药业,20060614,8.41,8.68,8.17,8.67,8.41,0.26,3.09,31770.01,27142.472,2714.2472,27.142472,0.27142472
600750.SH,600750,江中药业,20060615,8.67,8.88,8.47,8.5,8.67,-0.17,-1.96,30346.61,26272.924,2627.2924,26.272924,0.26272924
600750.SH,600750,江中药业,20060616,8.55,9.23,8.46,9.1,8.5,0.6,7.06,58376.8,51426.188,5142.6188,51.426188,0.5142618800000001
600750.SH,600750,江中药业,20060619,8.99,9.77,8.85,9.72,9.1,0.62,6.81,66296.99,62443.798,6244.379800000001,62.44379800000001,0.6244379800000001
600750.SH,600750,江中药业,20060620,9.7,10.0,9.48,9.69,9.72,-0.03,-0.31,45921.82,44934.478,4493.4478,44.934478,0.44934478
600750.SH,600750,江中药业,20060621,9.67,9.98,9.51,9.87,9.69,0.18,1.86,34188.61,33527.971,3352.7971,33.527971,0.33527971
600750.SH,600750,江中药业,20060622,9.72,9.96,9.65,9.85,9.87,-0.02,-0.2,26205.42,25746.36,2574.636,25.74636,0.2574636
600750.SH,600750,江中药业,20060623,9.92,9.95,9.45,9.69,9.85,-0.16,-1.62,30097.04,29018.052,2901.8052,29.018052,0.29018052
600750.SH,600750,江中药业,20060626,9.68,10.5,9.6,10.29,9.69,0.6,6.19,28430.72,28843.186,2884.3186,28.843186,0.28843186
600750.SH,600750,江中药业,20060627,10.31,10.47,10.06,10.28,10.29,-0.01,-0.1,22593.74,23294.732,2329.4732,23.294732,0.2329473199999999
600750.SH,600750,江中药业,20060628,10.26,10.74,10.13,10.41,10.28,0.13,1.26,23231.51,24334.227,2433.4227,24.334227,0.24334227
600750.SH,600750,江中药业,20060629,10.36,10.55,10.25,10.5,10.41,0.09,0.86,25284.05,26271.192,2627.1192,26.271192,0.26271192
600750.SH,600750,江中药业,20060630,10.5,10.5,10.05,10.22,10.5,-0.28,-2.67,22679.2,23158.717,2315.8717,23.158717000000003,0.23158717
600750.SH,600750,江中药业,20060703,10.15,10.25,10.0,10.13,10.22,-0.09,-0.88,23455.38,23701.954,2370.1954,23.701954,0.23701954
600750.SH,600750,江中药业,20060704,10.15,10.5,9.9,10.02,10.13,-0.11,-1.09,30908.17,31356.768,3135.6768,31.356768,0.31356768
600750.SH,600750,江中药业,20060705,10.02,10.16,9.79,10.11,10.02,0.09,0.9,24287.62,24219.677,2421.9677,24.219677,0.24219677
600750.SH,600750,江中药业,20060706,10.09,10.48,9.99,10.31,10.11,0.2,1.98,28802.95,29527.804,2952.7804,29.527804,0.29527804
600750.SH,600750,江中药业,20060707,10.27,10.46,10.1,10.13,10.31,-0.18,-1.75,13310.46,13589.729,1358.9729,13.589729,0.13589729
600750.SH,600750,江中药业,20060710,10.1,10.18,9.89,10.12,10.13,-0.01,-0.1,14141.83,14148.542,1414.8542,14.148542,0.14148542
600750.SH,600750,江中药业,20060711,10.12,10.15,9.85,9.92,10.12,-0.2,-1.98,17202.77,17052.048,1705.2048,17.052048,0.17052048
600750.SH,600750,江中药业,20060712,9.81,10.16,9.78,10.06,9.92,0.14,1.41,24796.05,24742.588,2474.2588,24.742588,0.24742588
600750.SH,600750,江中药业,20060713,10.06,10.15,9.09,9.1,10.06,-0.96,-9.54,23280.28,22321.287,2232.1287,22.321287,0.22321287
600750.SH,600750,江中药业,20060714,9.08,9.35,8.9,9.1,9.1,0.0,0.0,17959.59,16370.585,1637.0585,16.370585,0.1637058499999999
600750.SH,600750,江中药业,20060717,9.19,9.5,9.15,9.35,9.1,0.25,2.75,15255.52,14244.406,1424.4406,14.244406,0.14244406
600750.SH,600750,江中药业,20060718,9.3,9.44,9.15,9.28,9.35,-0.07,-0.75,12504.47,11538.553,1153.8553,11.538553,0.11538553
600750.SH,600750,江中药业,20060719,9.28,9.31,8.91,9.01,9.28,-0.27,-2.91,9949.04,9034.514,903.4514,9.034514,0.0903451399999999
600750.SH,600750,江中药业,20060720,9.0,9.14,8.9,9.04,9.01,0.03,0.33,7192.38,6486.257,648.6256999999999,6.486256999999999,0.06486257
600750.SH,600750,江中药业,20060721,9.04,9.15,8.98,9.1,9.04,0.06,0.66,7914.01,7183.862,718.3862,7.183862,0.07183862
600750.SH,600750,江中药业,20060724,9.0,9.36,8.85,9.32,9.1,0.22,2.42,8139.2,7480.336,748.0336,7.480335999999999,0.07480336
600750.SH,600750,江中药业,20060725,9.41,9.53,9.34,9.42,9.32,0.1,1.07,8944.94,8424.12,842.412,8.42412,0.0842412
600750.SH,600750,江中药业,20060726,9.42,9.48,9.29,9.34,9.42,-0.08,-0.85,6842.04,6403.841,640.3841,6.403841,0.06403841
600750.SH,600750,江中药业,20060727,9.33,9.45,9.0,9.38,9.34,0.04,0.43,8215.62,7596.027,759.6027,7.596027,0.07596027
600750.SH,600750,江中药业,20060728,9.35,9.43,9.13,9.2,9.38,-0.18,-1.92,6155.52,5701.697,570.1697,5.701697,0.05701697
600750.SH,600750,江中药业,20060731,9.18,9.2,8.68,8.82,9.2,-0.38,-4.13,10293.24,9229.973,922.9973,9.229973,0.09229973
600750.SH,600750,江中药业,20060801,8.81,9.08,8.7,8.83,8.82,0.01,0.11,8040.36,7118.248,711.8248,7.118248,0.0711824799999999
600750.SH,600750,江中药业,20060802,8.78,8.9,8.68,8.85,8.83,0.02,0.23,7463.66,6542.358,654.2358,6.542358,0.06542358
600750.SH,600750,江中药业,20060803,8.81,8.95,8.74,8.78,8.85,-0.07,-0.79,5828.4,5135.228,513.5228,5.135228,0.05135228
600750.SH,600750,江中药业,20060804,8.72,8.88,8.38,8.38,8.78,-0.4,-4.56,7433.76,6414.724,641.4724,6.414724,0.06414724
600750.SH,600750,江中药业,20060807,8.2,8.38,8.11,8.31,8.38,-0.07,-0.84,10701.19,8781.767,878.1767,8.781767,0.08781767
600750.SH,600750,江中药业,20060808,8.29,8.8,8.2,8.72,8.31,0.41,4.93,17642.25,15138.009,1513.8009,15.138009,0.15138009
600750.SH,600750,江中药业,20060809,8.66,8.77,8.54,8.7,8.72,-0.02,-0.23,8655.58,7522.474,752.2474,7.522474,0.07522474
600750.SH,600750,江中药业,20060810,8.72,8.8,8.6,8.77,8.7,0.07,0.8,7201.63,6285.715,628.5715,6.285715,0.06285715
600750.SH,600750,江中药业,20060811,8.7,8.9,8.68,8.79,8.77,0.02,0.23,7344.02,6441.597,644.1596999999999,6.441596999999999,0.0644159699999999
600750.SH,600750,江中药业,20060814,8.75,8.87,8.55,8.79,8.79,0.0,0.0,7276.52,6372.044,637.2044,6.372044,0.06372044
600750.SH,600750,江中药业,20060815,8.71,9.06,8.71,9.02,8.79,0.23,2.62,5940.02,5313.638,531.3638,5.313638,0.05313638
600750.SH,600750,江中药业,20060816,9.05,9.52,8.96,9.39,9.02,0.37,4.1,20943.09,19539.744,1953.9744,19.539744,0.1953974399999999
600750.SH,600750,江中药业,20060817,9.36,9.47,9.1,9.41,9.39,0.02,0.21,8548.56,7964.551,796.4551,7.964551,0.07964551
600750.SH,600750,江中药业,20060818,9.33,9.41,9.0,9.15,9.41,-0.26,-2.76,9176.24,8448.168,844.8168,8.448167999999999,0.0844816799999999
600750.SH,600750,江中药业,20060821,8.97,9.44,8.71,9.4,9.15,0.25,2.73,14394.65,13342.387,1334.2387,13.342387,0.13342387
600750.SH,600750,江中药业,20060822,9.43,9.79,9.41,9.48,9.4,0.08,0.85,14076.02,13455.327,1345.5327,13.455327,0.13455327
600750.SH,600750,江中药业,20060823,9.48,9.65,9.28,9.3,9.48,-0.18,-1.9,8846.79,8294.011,829.4011,8.294011000000001,0.08294011
600750.SH,600750,江中药业,20060824,9.26,9.46,9.25,9.33,9.3,0.03,0.32,4638.6,4346.628,434.6628,4.346627999999999,0.0434662799999999
600750.SH,600750,江中药业,20060825,9.31,9.45,9.26,9.4,9.33,0.07,0.75,7595.57,7118.283,711.8283,7.118283,0.07118283
600750.SH,600750,江中药业,20060828,9.45,9.64,9.32,9.61,9.4,0.21,2.23,14142.24,13483.858,1348.3858,13.483858,0.1348385799999999
600750.SH,600750,江中药业,20060829,9.62,9.74,9.46,9.47,9.61,-0.14,-1.46,10844.92,10403.213,1040.3213,10.403213,0.10403213
600750.SH,600750,江中药业,20060830,9.4,9.52,9.4,9.45,9.47,-0.02,-0.21,6620.7,6259.151,625.9150999999999,6.259150999999999,0.0625915099999999
600750.SH,600750,江中药业,20060831,9.42,9.6,9.36,9.49,9.45,0.04,0.42,6675.58,6297.386,629.7386,6.297386,0.06297386
600750.SH,600750,江中药业,20060901,9.46,9.47,9.18,9.29,9.49,-0.2,-2.11,9086.89,8451.508,845.1508,8.451508,0.08451508
600750.SH,600750,江中药业,20060904,9.25,9.55,9.23,9.49,9.29,0.2,2.15,8710.03,8220.553,822.0553,8.220553,0.08220553
600750.SH,600750,江中药业,20060905,9.49,9.85,9.49,9.84,9.49,0.35,3.69,26802.81,26104.9,2610.49,26.1049,0.261049
600750.SH,600750,江中药业,20060906,9.86,9.96,9.65,9.88,9.84,0.04,0.41,9947.02,9755.032,975.5032,9.755031999999998,0.0975503199999999
600750.SH,600750,江中药业,20060907,9.88,9.88,9.68,9.69,9.88,-0.19,-1.92,8497.32,8261.51,826.1510000000001,8.261510000000001,0.0826151
600750.SH,600750,江中药业,20060908,9.66,9.73,9.55,9.68,9.69,-0.01,-0.1,7153.72,6901.713,690.1713,6.901713,0.06901713
600750.SH,600750,江中药业,20060911,9.62,9.75,9.56,9.74,9.68,0.06,0.62,9351.91,9016.838,901.6838,9.016838,0.0901683799999999
600750.SH,600750,江中药业,20060912,9.74,9.96,9.68,9.94,9.74,0.2,2.05,20575.94,20353.102,2035.3102,20.353102,0.20353102
600750.SH,600750,江中药业,20060913,9.96,9.99,9.8,9.8,9.94,-0.14,-1.41,8769.71,8665.082,866.5082,8.665082,0.08665082
600750.SH,600750,江中药业,20060914,9.81,10.12,9.74,10.12,9.8,0.32,3.27,18267.54,18193.347,1819.3347,18.193347000000003,0.18193347
600750.SH,600750,江中药业,20060915,10.13,10.18,10.01,10.13,10.12,0.01,0.1,9864.24,9966.955,996.6955,9.966955,0.09966955
600750.SH,600750,江中药业,20060918,10.14,10.2,9.97,10.08,10.13,-0.05,-0.49,6698.8,6733.774,673.3774000000001,6.733774,0.06733774
600750.SH,600750,江中药业,20060919,10.04,10.25,10.0,10.24,10.08,0.16,1.59,7863.97,7995.906,799.5906,7.995906,0.07995906
600750.SH,600750,江中药业,20060920,10.21,10.63,10.15,10.57,10.24,0.33,3.22,27010.54,28246.786,2824.6786,28.246786,0.28246786
600750.SH,600750,江中药业,20060921,10.5,11.35,10.5,11.06,10.57,0.49,4.64,32171.18,34910.359,3491.0359,34.910359,0.34910359
600750.SH,600750,江中药业,20060922,11.08,11.6,10.86,11.49,11.06,0.43,3.89,33047.0,37217.932,3721.7932,37.217932,0.37217932
600750.SH,600750,江中药业,20060925,11.4,12.07,11.0,11.13,11.49,-0.36,-3.13,35204.86,41199.688,4119.968800000001,41.19968800000001,0.41199688
600750.SH,600750,江中药业,20060926,11.0,11.77,11.0,11.73,11.13,0.6,5.39,30315.71,34825.675,3482.5675,34.825675000000004,0.34825675
600750.SH,600750,江中药业,20060927,11.75,11.89,11.5,11.75,11.73,0.02,0.17,12704.12,14788.956,1478.8956,14.788956,0.14788956
600750.SH,600750,江中药业,20060928,11.8,11.85,11.42,11.55,11.75,-0.2,-1.7,13903.9,16021.279,1602.1279,16.021279,0.16021279
600750.SH,600750,江中药业,20060929,11.53,11.62,11.33,11.53,11.55,-0.02,-0.17,10876.32,12503.498,1250.3498,12.503498,0.12503498
600750.SH,600750,江中药业,20061009,11.55,12.07,11.52,12.0,11.53,0.47,4.08,26968.63,31822.437,3182.2437,31.822437,0.31822437
600750.SH,600750,江中药业,20061010,12.0,12.49,11.9,12.39,12.0,0.39,3.25,14430.24,17658.07,1765.807,17.65807,0.1765806999999999
600750.SH,600750,江中药业,20061011,12.39,12.53,12.0,12.19,12.39,-0.2,-1.61,14985.78,18213.42,1821.342,18.21342,0.1821342
600750.SH,600750,江中药业,20061012,12.09,12.47,12.09,12.24,12.19,0.05,0.41,8119.01,9957.877,995.7877,9.957877000000002,0.09957877
600750.SH,600750,江中药业,20061013,12.24,12.29,11.85,11.87,12.24,-0.37,-3.02,12365.3,14891.103,1489.1102999999998,14.891102999999998,0.1489110299999999
600750.SH,600750,江中药业,20061016,11.83,11.83,11.4,11.53,11.87,-0.34,-2.86,14264.88,16517.834,1651.7833999999998,16.517833999999997,0.1651783399999999
600750.SH,600750,江中药业,20061017,11.44,11.79,11.22,11.51,11.53,-0.02,-0.17,10209.05,11808.198,1180.8198,11.808198,0.1180819799999999
600750.SH,600750,江中药业,20061018,11.6,11.76,11.51,11.66,11.51,0.15,1.3,4691.9,5479.512,547.9512,5.479512,0.0547951199999999
600750.SH,600750,江中药业,20061019,11.63,12.28,11.63,12.16,11.66,0.5,4.29,11656.32,14118.536,1411.8536,14.118536,0.1411853599999999
600750.SH,600750,江中药业,20061020,12.0,12.84,11.99,12.69,12.16,0.53,4.36,20306.36,25648.801,2564.8801,25.648801,0.25648801
600750.SH,600750,江中药业,20061023,12.66,12.85,11.5,11.84,12.69,-0.85,-6.7,14971.56,18142.749,1814.2749,18.142749,0.18142749
600750.SH,600750,江中药业,20061024,11.79,12.53,11.68,12.5,11.84,0.66,5.57,11160.21,13820.894,1382.0894,13.820894,0.13820894
600750.SH,600750,江中药业,20061025,12.5,12.7,12.16,12.29,12.5,-0.21,-1.68,7051.45,8673.429,867.3429,8.673429,0.08673429
600750.SH,600750,江中药业,20061026,12.29,12.35,12.05,12.26,12.29,-0.03,-0.24,6244.51,7626.175,762.6175000000001,7.626175000000001,0.07626175
600750.SH,600750,江中药业,20061027,12.1,12.25,12.05,12.07,12.26,-0.19,-1.55,2848.42,3453.586,345.3586,3.453586,0.0345358599999999
600750.SH,600750,江中药业,20061030,12.1,12.3,11.61,11.71,12.07,-0.36,-2.98,7831.3,9179.868,917.9868,9.179868,0.09179868
600750.SH,600750,江中药业,20061031,11.71,11.84,11.6,11.77,11.71,0.06,0.51,9090.26,10640.0,1064.0,10.64,0.1064
600750.SH,600750,江中药业,20061101,11.79,11.9,11.6,11.69,11.77,-0.08,-0.68,7478.07,8754.273,875.4273,8.754273,0.08754273
600750.SH,600750,江中药业,20061102,11.62,11.62,11.2,11.38,11.69,-0.31,-2.65,14764.76,16791.852,1679.1852,16.791852,0.16791852
600750.SH,600750,江中药业,20061103,11.3,11.48,11.3,11.39,11.38,0.01,0.09,6111.04,6957.132,695.7131999999999,6.957131999999999,0.0695713199999999
600750.SH,600750,江中药业,20061106,11.3,11.78,11.2,11.53,11.39,0.14,1.23,7397.8,8573.769,857.3769,8.573769,0.08573769
600750.SH,600750,江中药业,20061107,11.5,11.74,10.89,11.16,11.53,-0.37,-3.21,12026.88,13448.987,1344.8987,13.448987,0.1344898699999999
600750.SH,600750,江中药业,20061108,11.1,11.63,11.05,11.44,11.16,0.28,2.51,7309.25,8239.117,823.9117,8.239117,0.08239117
600750.SH,600750,江中药业,20061109,11.4,11.62,11.25,11.6,11.44,0.16,1.4,5811.55,6676.446,667.6446,6.676445999999999,0.06676446
600750.SH,600750,江中药业,20061110,11.6,11.7,11.04,11.19,11.6,-0.41,-3.53,8152.2,9160.539,916.0539,9.160539000000002,0.09160539
600750.SH,600750,江中药业,20061113,11.04,11.28,10.92,11.06,11.19,-0.13,-1.16,10350.8,11449.552,1144.9552,11.449552,0.1144955199999999
600750.SH,600750,江中药业,20061114,11.0,11.2,10.79,11.04,11.06,-0.02,-0.18,8963.99,9815.527,981.5527,9.815527,0.0981552699999999
600750.SH,600750,江中药业,20061115,11.04,11.45,10.94,11.42,11.04,0.38,3.44,9166.19,10331.787,1033.1787,10.331786999999998,0.1033178699999999
600750.SH,600750,江中药业,20061116,11.5,11.5,11.19,11.41,11.42,-0.01,-0.09,6878.86,7843.008,784.3008,7.843008,0.07843008
600750.SH,600750,江中药业,20061117,11.22,11.5,11.18,11.38,11.41,-0.03,-0.26,2443.52,2782.145,278.2145,2.782145,0.0278214499999999
600750.SH,600750,江中药业,20061120,11.45,11.75,11.21,11.23,11.38,-0.15,-1.32,8521.13,9776.112,977.6112,9.776112,0.0977611199999999
600750.SH,600750,江中药业,20061121,11.2,11.23,10.98,11.14,11.23,-0.09,-0.8,7574.19,8398.821,839.8821,8.398821,0.08398821
600750.SH,600750,江中药业,20061122,11.19,11.83,11.15,11.8,11.14,0.66,5.92,16259.5,18854.385,1885.4385,18.854385,0.1885438499999999
600750.SH,600750,江中药业,20061123,11.78,12.4,11.7,12.19,11.8,0.39,3.31,12851.86,15331.279,1533.1279,15.331279,0.15331279
600750.SH,600750,江中药业,20061124,12.1,12.2,11.8,11.99,12.19,-0.2,-1.64,7755.23,9290.143,929.0143,9.290143,0.09290143
600750.SH,600750,江中药业,20061127,12.09,12.43,11.99,12.36,11.99,0.37,3.09,12856.66,15739.977,1573.9977,15.739977,0.15739977
600750.SH,600750,江中药业,20061128,12.37,12.51,12.32,12.44,12.36,0.08,0.65,8988.31,11138.773,1113.8773,11.138773,0.1113877299999999
600750.SH,600750,江中药业,20061129,12.13,12.79,12.1,12.73,12.44,0.29,2.33,11822.4,14880.992,1488.0992,14.880992,0.14880992
600750.SH,600750,江中药业,20061130,12.7,13.1,12.62,12.86,12.73,0.13,1.02,14721.56,19072.807,1907.2807,19.072807,0.19072807
600750.SH,600750,江中药业,20061201,12.85,12.99,12.62,12.74,12.86,-0.12,-0.93,8522.53,10875.44,1087.544,10.87544,0.1087544
600750.SH,600750,江中药业,20061204,12.7,13.28,12.7,12.95,12.74,0.21,1.65,10710.38,13965.637,1396.5637000000002,13.965637,0.13965637
600750.SH,600750,江中药业,20061205,13.0,13.21,12.66,12.75,12.95,-0.2,-1.54,10110.9,12970.453,1297.0453,12.970453,0.1297045299999999
600750.SH,600750,江中药业,20061206,12.7,12.75,11.88,12.26,12.75,-0.49,-3.84,10183.27,12464.745,1246.4745,12.464745,0.12464745
600750.SH,600750,江中药业,20061207,12.08,12.27,11.95,12.23,12.26,-0.03,-0.24,8128.5,9862.532,986.2532,9.862531999999998,0.0986253199999999
600750.SH,600750,江中药业,20061208,11.81,12.1,11.8,11.9,12.23,-0.33,-2.7,6702.24,8001.331,800.1331,8.001331,0.08001331
600750.SH,600750,江中药业,20061211,12.04,12.08,11.71,11.86,11.9,-0.04,-0.34,20278.96,24031.846,2403.1846,24.031846,0.24031846
600750.SH,600750,江中药业,20061212,11.86,12.35,11.65,11.68,11.86,-0.18,-1.52,43713.77,51866.44,5186.644,51.86644,0.5186644
600750.SH,600750,江中药业,20061213,11.68,11.8,11.59,11.68,11.68,0.0,0.0,23476.8,27439.677,2743.9677,27.439677000000003,0.27439677
600750.SH,600750,江中药业,20061214,11.75,12.85,11.75,12.51,11.68,0.83,7.11,53385.27,67275.749,6727.5749,67.27574899999999,0.67275749
600750.SH,600750,江中药业,20061215,12.55,12.9,12.48,12.71,12.51,0.2,1.6,21366.48,26961.196,2696.1196,26.961196,0.26961196
600750.SH,600750,江中药业,20061218,12.87,13.35,12.6,13.25,12.71,0.54,4.25,34681.02,45689.441,4568.9441,45.689441,0.45689441
600750.SH,600750,江中药业,20061219,13.28,13.28,12.7,13.12,13.25,-0.13,-0.98,19104.01,24795.905,2479.5905,24.795905,0.24795905
600750.SH,600750,江中药业,20061220,12.99,13.75,12.75,13.72,13.12,0.6,4.57,48648.51,65600.662,6560.066199999999,65.600662,0.65600662
600750.SH,600750,江中药业,20061221,13.63,13.79,13.22,13.3,13.72,-0.42,-3.06,19978.75,26973.823,2697.3823,26.973823000000003,0.26973823
600750.SH,600750,江中药业,20061222,13.12,13.45,12.59,12.78,13.3,-0.52,-3.91,27598.29,35495.082,3549.5082,35.495082000000004,0.35495082
600750.SH,600750,江中药业,20061225,12.79,13.09,12.6,12.81,12.78,0.03,0.23,23802.93,30613.193,3061.3193,30.613193000000003,0.30613193
600750.SH,600750,江中药业,20061226,12.83,14.0,12.83,13.39,12.81,0.58,4.53,36608.72,49373.401,4937.340099999999,49.373401,0.4937340099999999
600750.SH,600750,江中药业,20061227,13.45,13.7,13.22,13.56,13.39,0.17,1.27,11481.3,15483.605,1548.3605,15.483605,0.15483605
600750.SH,600750,江中药业,20061228,13.56,13.7,12.87,13.49,13.56,-0.07,-0.52,20484.59,26981.857,2698.1857,26.981857,0.26981857
600750.SH,600750,江中药业,20061229,13.37,13.55,13.2,13.48,13.49,-0.01,-0.07,20266.28,27260.366,2726.0366000000004,27.260366000000005,0.27260366
600750.SH,600750,江中药业,20070105,13.43,14.53,12.87,14.5,13.48,1.02,7.57,49179.49,68081.793,6808.179300000001,68.081793,0.68081793
600750.SH,600750,江中药业,20070108,14.4,15.95,14.3,15.95,14.5,1.45,10.0,60422.92,94352.933,9435.2933,94.352933,0.94352933
600750.SH,600750,江中药业,20070109,16.5,17.55,15.98,17.36,15.95,1.41,8.84,45079.02,76906.818,7690.6818,76.906818,0.76906818
600750.SH,600750,江中药业,20070110,17.25,17.8,16.55,17.75,17.36,0.39,2.25,26298.08,44970.374,4497.0374,44.970374,0.44970374
600750.SH,600750,江中药业,20070111,17.48,17.75,17.0,17.03,17.75,-0.72,-4.06,16881.22,29330.137,2933.0137,29.330137,0.29330137
600750.SH,600750,江中药业,20070112,17.03,17.2,16.53,16.81,17.03,-0.22,-1.29,15611.5,26224.803,2622.4803,26.224803,0.26224803
600750.SH,600750,江中药业,20070115,17.05,18.49,17.0,18.49,16.81,1.68,9.99,20040.01,35846.946,3584.6946000000003,35.846946,0.35846946
600750.SH,600750,江中药业,20070116,18.47,20.34,18.4,19.65,18.49,1.16,6.27,27642.18,53104.305,5310.4305,53.104305,0.5310430500000001
600750.SH,600750,江中药业,20070117,19.64,20.38,17.69,18.72,19.65,-0.93,-4.73,29778.66,56629.5,5662.95,56.6295,0.566295
600750.SH,600750,江中药业,20070118,18.6,20.11,18.5,19.86,18.72,1.14,6.09,37052.8,70847.257,7084.7257,70.847257,0.70847257
600750.SH,600750,江中药业,20070119,19.9,20.45,19.08,19.79,19.86,-0.07,-0.35,21031.64,41785.748,4178.5748,41.785748000000005,0.41785748
600750.SH,600750,江中药业,20070122,19.7,20.0,19.51,19.81,19.79,0.02,0.1,19885.8,39188.343,3918.8343,39.188343,0.39188343
600750.SH,600750,江中药业,20070123,19.9,19.9,18.0,18.39,19.81,-1.42,-7.17,26182.01,48737.577,4873.7577,48.737577,0.48737577
600750.SH,600750,江中药业,20070124,18.0,18.8,17.4,18.15,18.39,-0.24,-1.31,17880.51,32131.329,3213.1329,32.131329,0.32131329
600750.SH,600750,江中药业,20070125,18.01,18.74,17.9,18.15,18.15,0.0,0.0,25542.88,46801.924,4680.1924,46.801924,0.46801924
600750.SH,600750,江中药业,20070126,18.15,19.2,18.0,18.9,18.15,0.75,4.13,18079.55,33662.551,3366.2551,33.662551,0.33662551
600750.SH,600750,江中药业,20070129,19.28,19.6,18.88,19.15,18.9,0.25,1.32,13059.6,25047.243,2504.7243,25.047243,0.2504724299999999
600750.SH,600750,江中药业,20070130,19.1,19.1,18.3,18.6,19.15,-0.55,-2.87,8962.82,16697.142,1669.7142,16.697142,0.1669714199999999
600750.SH,600750,江中药业,20070131,18.02,18.56,17.2,17.29,18.6,-1.31,-7.04,12270.76,21991.047,2199.1047,21.991047,0.2199104699999999
600750.SH,600750,江中药业,20070201,16.9,17.96,16.7,17.8,17.29,0.51,2.95,12792.31,21937.441,2193.7441,21.937441,0.21937441
600750.SH,600750,江中药业,20070202,17.82,17.82,16.49,17.28,17.8,-0.52,-2.92,6025.38,10497.112,1049.7112,10.497112,0.10497112
600750.SH,600750,江中药业,20070205,16.71,17.71,16.58,17.02,17.28,-0.26,-1.5,2706.55,4618.667,461.8667,4.618667,0.04618667
600750.SH,600750,江中药业,20070206,17.1,17.6,16.84,17.3,17.02,0.28,1.65,5739.68,9905.029,990.5029,9.905029,0.09905029
600750.SH,600750,江中药业,20070207,17.7,18.14,17.27,17.42,17.3,0.12,0.69,13009.94,22931.145,2293.1145,22.931145,0.22931145
600750.SH,600750,江中药业,20070208,17.21,18.35,17.21,18.13,17.42,0.71,4.08,7839.62,14089.38,1408.938,14.089379999999998,0.1408937999999999
600750.SH,600750,江中药业,20070209,18.15,18.48,17.9,18.04,18.13,-0.09,-0.5,3639.67,6604.762,660.4762,6.604761999999999,0.0660476199999999
600750.SH,600750,江中药业,20070212,18.04,18.28,17.95,18.22,18.04,0.18,1.0,6986.53,12663.805,1266.3805,12.663805,0.12663805
600750.SH,600750,江中药业,20070213,18.31,18.85,18.2,18.78,18.22,0.56,3.07,8033.17,14792.486,1479.2486,14.792486000000002,0.14792486
600750.SH,600750,江中药业,20070214,18.91,19.91,18.91,19.85,18.78,1.07,5.7,11104.33,21794.357,2179.4357,21.794357,0.21794357
600750.SH,600750,江中药业,20070215,19.53,20.0,19.53,19.88,19.85,0.03,0.15,8214.55,16275.791,1627.5791,16.275790999999998,0.1627579099999999
600750.SH,600750,江中药业,20070216,19.95,20.15,19.49,19.66,19.88,-0.22,-1.11,7496.76,14834.187,1483.4187,14.834187,0.14834187
600750.SH,600750,江中药业,20070226,19.7,19.99,19.18,19.73,19.66,0.07,0.36,7437.0,14512.961,1451.2961,14.512961,0.14512961
600750.SH,600750,江中药业,20070227,19.38,19.79,17.76,17.76,19.73,-1.97,-9.98,26258.32,48001.114,4800.1114,48.001114,0.48001114
600750.SH,600750,江中药业,20070228,17.27,17.77,16.7,17.66,17.76,-0.1,-0.56,15885.44,27239.843,2723.9843,27.239843,0.27239843
600750.SH,600750,江中药业,20070301,17.59,17.6,16.81,16.91,17.66,-0.75,-4.25,7276.77,12392.506,1239.2505999999998,12.392506,0.1239250599999999
600750.SH,600750,江中药业,20070302,16.91,17.14,16.55,17.04,16.91,0.13,0.77,10505.9,17677.304,1767.7304,17.677304,0.17677304
600750.SH,600750,江中药业,20070305,17.04,17.14,15.84,16.35,17.04,-0.69,-4.05,23523.04,38382.063,3838.2063,38.382063,0.38382063
600750.SH,600750,江中药业,20070306,16.18,17.15,16.03,17.05,16.35,0.7,4.28,10005.25,16616.661,1661.6661,16.616661,0.16616661
600750.SH,600750,江中药业,20070307,17.1,17.9,16.99,17.58,17.05,0.53,3.11,12963.16,22841.346,2284.1346000000003,22.841346,0.22841346
600750.SH,600750,江中药业,20070308,17.7,18.17,17.38,18.17,17.58,0.59,3.36,13856.86,24522.058,2452.2058,24.522058,0.24522058
600750.SH,600750,江中药业,20070309,18.29,19.32,18.1,18.9,18.17,0.73,4.02,29159.85,54565.281,5456.5281,54.565281000000006,0.5456528100000001
600750.SH,600750,江中药业,20070312,18.91,20.79,18.91,20.79,18.9,1.89,10.0,56369.01,112335.118,11233.5118,112.335118,1.12335118
600750.SH,600750,江中药业,20070313,21.4,22.48,21.15,21.64,20.79,0.85,4.09,38233.06,83112.825,8311.2825,83.11282499999999,0.8311282499999999
600750.SH,600750,江中药业,20070314,21.38,21.38,20.03,20.5,21.64,-1.14,-5.27,43525.3,89243.026,8924.302599999999,89.24302599999999,0.8924302599999998
600750.SH,600750,江中药业,20070315,21.08,21.49,20.5,21.0,20.5,0.5,2.44,32746.56,68901.785,6890.1785,68.901785,0.68901785
600750.SH,600750,江中药业,20070316,21.0,21.5,19.97,19.97,21.0,-1.03,-4.9,21467.64,43971.431,4397.143099999999,43.971431,0.4397143099999999
600750.SH,600750,江中药业,20070319,19.4,20.5,18.94,20.09,19.97,0.12,0.6,17451.15,35069.034,3506.9034,35.069034,0.35069034
600750.SH,600750,江中药业,20070320,20.05,20.58,20.0,20.51,20.09,0.42,2.09,10827.09,21965.494,2196.5494,21.965494,0.21965494
600750.SH,600750,江中药业,20070321,20.51,20.79,19.95,20.1,20.51,-0.41,-2.0,14468.06,29316.503,2931.6503,29.316503,0.29316503
600750.SH,600750,江中药业,20070322,20.15,20.3,19.47,20.0,20.1,-0.1,-0.5,43037.64,85284.316,8528.4316,85.284316,0.85284316
600750.SH,600750,江中药业,20070323,19.9,21.5,19.6,21.41,20.0,1.41,7.05,80877.48,166633.353,16663.3353,166.633353,1.66633353
600750.SH,600750,江中药业,20070326,21.44,22.45,21.4,22.32,21.41,0.91,4.25,30790.89,67452.222,6745.222199999999,67.45222199999999,0.67452222
600750.SH,600750,江中药业,20070327,22.24,22.24,21.65,22.08,22.32,-0.24,-1.08,18769.38,41110.377,4111.0377,41.110377,0.41110377
600750.SH,600750,江中药业,20070328,22.0,22.98,21.59,22.49,22.08,0.41,1.86,24225.82,54373.446,5437.3446,54.373446,0.54373446
600750.SH,600750,江中药业,20070329,22.49,22.8,21.0,21.58,22.49,-0.91,-4.05,21412.46,46397.271,4639.7271,46.397271,0.46397271
600750.SH,600750,江中药业,20070330,21.6,21.98,21.03,21.89,21.58,0.31,1.44,14111.53,30735.054,3073.5054,30.735054,0.30735054
600750.SH,600750,江中药业,20070402,22.0,22.5,21.69,22.06,21.89,0.17,0.78,17842.63,39464.509,3946.4509,39.464509,0.39464509
600750.SH,600750,江中药业,20070403,22.01,23.13,22.01,22.99,22.06,0.93,4.22,29282.22,66532.36,6653.236,66.53236,0.6653236
600750.SH,600750,江中药业,20070404,23.01,23.85,22.78,23.74,22.99,0.75,3.26,27458.96,64369.741,6436.9741,64.369741,0.64369741
600750.SH,600750,江中药业,20070405,23.74,25.98,23.4,25.51,23.74,1.77,7.46,28883.41,71645.553,7164.5553,71.645553,0.7164555300000001
600750.SH,600750,江中药业,20070406,25.53,26.2,24.92,25.93,25.51,0.42,1.65,22756.64,58504.659,5850.4659,58.504659,0.58504659
600750.SH,600750,江中药业,20070409,25.88,26.45,25.18,25.97,25.93,0.04,0.15,11806.14,30276.292,3027.6292000000003,30.276292,0.30276292
600750.SH,600750,江中药业,20070410,25.8,26.28,25.55,25.98,25.97,0.01,0.04,7614.24,19682.941,1968.2941,19.682941,0.1968294099999999
600750.SH,600750,江中药业,20070411,26.02,28.56,25.61,28.14,25.98,2.16,8.31,28116.14,77365.076,7736.5076,77.365076,0.77365076
600750.SH,600750,江中药业,20070412,28.0,28.09,27.0,27.7,28.14,-0.44,-1.56,33660.66,92585.14,9258.514,92.58514,0.9258514
600750.SH,600750,江中药业,20070413,27.7,28.6,27.15,28.09,27.7,0.39,1.41,28503.0,79299.578,7929.957799999999,79.299578,0.7929957799999999
600750.SH,600750,江中药业,20070416,27.99,29.8,27.61,29.57,28.09,1.48,5.27,18321.78,52857.083,5285.7083,52.857083,0.52857083
600750.SH,600750,江中药业,20070417,29.8,30.8,28.71,30.55,29.57,0.98,3.31,26363.06,79099.036,7909.9036,79.099036,0.79099036
600750.SH,600750,江中药业,20070418,30.2,30.5,29.5,29.67,30.55,-0.88,-2.88,10259.81,30808.939,3080.8939,30.808939,0.3080893899999999
600750.SH,600750,江中药业,20070419,29.6,29.9,26.7,27.97,29.67,-1.7,-5.73,18152.79,50581.146,5058.1146,50.581146,0.50581146
600750.SH,600750,江中药业,20070420,27.8,28.88,27.8,28.32,27.97,0.35,1.25,20588.89,58205.298,5820.5298,58.205298,0.5820529799999999
600750.SH,600750,江中药业,20070423,28.5,29.65,28.0,29.31,28.32,0.99,3.5,28803.1,82903.555,8290.3555,82.903555,0.82903555
600750.SH,600750,江中药业,20070424,29.8,31.95,29.11,31.82,29.31,2.51,8.56,32928.17,100718.552,10071.8552,100.718552,1.00718552
600750.SH,600750,江中药业,20070425,31.8,34.82,30.3,34.05,31.82,2.23,7.01,44508.49,150719.688,15071.9688,150.719688,1.50719688
600750.SH,600750,江中药业,20070426,34.1,35.95,33.98,35.0,34.05,0.95,2.79,22843.31,80216.326,8021.6326,80.216326,0.8021632599999999
600750.SH,600750,江中药业,20070427,35.0,35.8,33.5,35.46,35.0,0.46,1.31,17058.05,59256.336,5925.6336,59.256336000000005,0.5925633600000001
600750.SH,600750,江中药业,20070430,35.0,37.18,34.36,36.83,35.46,1.37,3.86,15292.46,55572.863,5557.2863,55.572863,0.55572863
600750.SH,600750,江中药业,20070508,37.2,39.9,37.0,37.74,36.83,0.91,2.47,17623.56,67632.585,6763.258500000001,67.632585,0.67632585
600750.SH,600750,江中药业,20070509,37.7,38.5,35.02,38.26,37.74,0.52,1.38,14158.76,52649.386,5264.9386,52.64938599999999,0.52649386
600750.SH,600750,江中药业,20070514,36.25,38.1,35.45,35.88,38.26,-2.38,-6.22,18991.69,68257.23,6825.723,68.25722999999999,0.6825722999999999
600750.SH,600750,江中药业,20070515,35.77,35.77,32.29,33.51,35.88,-2.37,-6.61,25371.21,85497.08,8549.708,85.49708000000001,0.8549708000000001
600750.SH,600750,江中药业,20070516,33.1,34.5,32.5,34.22,33.51,0.71,2.12,9580.73,32251.836,3225.1836,32.251836,0.3225183599999999
600750.SH,600750,江中药业,20070517,34.3,35.2,33.5,35.2,34.22,0.98,2.86,12188.68,42048.523,4204.8523000000005,42.048523,0.42048523
600750.SH,600750,江中药业,20070518,35.51,38.72,35.5,38.72,35.2,3.52,10.0,34884.31,132589.704,13258.9704,132.589704,1.32589704
600750.SH,600750,江中药业,20070521,37.8,41.58,37.01,38.8,38.72,0.08,0.21,25005.21,98493.014,9849.3014,98.493014,0.98493014
600750.SH,600750,江中药业,20070522,38.68,39.5,38.02,39.21,38.8,0.41,1.06,19094.94,73653.936,7365.3936,73.653936,0.73653936
600750.SH,600750,江中药业,20070523,39.2,39.25,38.2,38.78,39.21,-0.43,-1.1,28886.68,111362.377,11136.2377,111.362377,1.11362377
600750.SH,600750,江中药业,20070524,25.85,25.85,23.6,24.85,25.81,-0.96,-3.72,24390.47,59822.565,5982.2565,59.822565,0.59822565
600750.SH,600750,江中药业,20070525,24.11,25.5,23.78,24.71,24.85,-0.14,-0.56,22463.68,55582.601,5558.2601,55.582601,0.5558260100000001
600750.SH,600750,江中药业,20070528,24.75,25.75,24.7,24.96,24.71,0.25,1.01,32720.37,81979.388,8197.9388,81.979388,0.81979388
600750.SH,600750,江中药业,20070529,25.05,26.8,25.05,26.66,24.96,1.7,6.81,46014.07,118153.879,11815.3879,118.153879,1.18153879
600750.SH,600750,江中药业,20070530,25.0,25.99,23.99,24.22,26.66,-2.44,-9.15,64942.51,161792.476,16179.2476,161.792476,1.61792476
600750.SH,600750,江中药业,20070531,24.21,24.7,21.8,24.51,24.22,0.29,1.2,45355.22,107402.848,10740.2848,107.402848,1.07402848
600750.SH,600750,江中药业,20070601,24.48,25.2,22.94,24.35,24.51,-0.16,-0.65,33940.53,82561.856,8256.1856,82.561856,0.8256185600000001
600750.SH,600750,江中药业,20070604,23.95,23.95,21.92,21.92,24.35,-2.43,-9.98,24329.4,54727.367,5472.7367,54.727367,0.5472736699999999
600750.SH,600750,江中药业,20070605,21.02,21.02,19.73,19.98,21.92,-1.94,-8.85,52181.61,104011.367,10401.1367,104.011367,1.04011367
600750.SH,600750,江中药业,20070606,20.29,20.9,19.98,20.0,19.98,0.02,0.1,54722.31,111022.637,11102.2637,111.022637,1.11022637
600750.SH,600750,江中药业,20070607,20.12,22.0,19.98,22.0,20.0,2.0,10.0,107603.26,226564.406,22656.4406,226.564406,2.26564406
600750.SH,600750,江中药业,20070608,22.5,22.67,21.6,21.89,22.0,-0.11,-0.5,61933.62,137272.119,13727.2119,137.272119,1.37272119
600750.SH,600750,江中药业,20070611,21.96,23.19,21.7,22.54,21.89,0.65,2.97,45324.36,102348.617,10234.8617,102.348617,1.02348617
600750.SH,600750,江中药业,20070612,22.54,22.87,21.37,22.7,22.54,0.16,0.71,44212.01,98491.939,9849.1939,98.491939,0.98491939
600750.SH,600750,江中药业,20070613,22.88,24.8,22.88,24.48,22.7,1.78,7.84,55304.84,133152.221,13315.2221,133.152221,1.33152221
600750.SH,600750,江中药业,20070614,24.66,25.89,24.01,24.68,24.48,0.2,0.82,71142.93,178108.517,17810.8517,178.108517,1.78108517
600750.SH,600750,江中药业,20070615,24.6,24.65,23.66,23.86,24.68,-0.82,-3.32,35331.09,84889.498,8488.9498,84.889498,0.8488949800000001
600750.SH,600750,江中药业,20070618,24.11,24.55,23.83,24.12,23.86,0.26,1.09,35779.18,86139.408,8613.9408,86.139408,0.8613940800000001
600750.SH,600750,江中药业,20070619,24.13,24.47,23.6,23.92,24.12,-0.2,-0.83,27209.91,64935.172,6493.5172,64.93517200000001,0.6493517200000001
600750.SH,600750,江中药业,20070620,23.92,24.51,23.56,23.79,23.92,-0.13,-0.54,33972.21,81864.259,8186.4259,81.864259,0.8186425900000001
600750.SH,600750,江中药业,20070621,23.4,24.79,23.26,24.4,23.79,0.61,2.56,39458.55,95214.179,9521.4179,95.214179,0.95214179
600750.SH,600750,江中药业,20070622,24.38,24.6,22.5,22.91,24.4,-1.49,-6.11,30705.64,71655.229,7165.522900000001,71.655229,0.7165522900000001
600750.SH,600750,江中药业,20070625,23.0,23.4,20.62,20.62,22.91,-2.29,-10.0,25833.72,55835.315,5583.5315,55.835315,0.55835315
600750.SH,600750,江中药业,20070626,20.01,22.0,19.5,21.05,20.62,0.43,2.09,39268.57,79343.655,7934.3655,79.343655,0.79343655
600750.SH,600750,江中药业,20070627,21.18,21.8,21.18,21.33,21.05,0.28,1.33,21910.9,47053.46,4705.346,47.05346,0.4705345999999999
600750.SH,600750,江中药业,20070628,21.34,21.5,19.5,19.6,21.33,-1.73,-8.11,28040.57,57504.065,5750.4065,57.504065,0.5750406499999999
600750.SH,600750,江中药业,20070629,19.0,19.15,18.0,18.42,19.6,-1.18,-6.02,41229.85,76432.251,7643.225100000001,76.43225100000001,0.7643225100000001
600750.SH,600750,江中药业,20070702,18.21,20.26,18.21,20.26,18.42,1.84,9.99,62657.79,125084.651,12508.4651,125.084651,1.25084651
600750.SH,600750,江中药业,20070703,20.76,21.8,20.28,21.41,20.26,1.15,5.68,28185.51,59687.881,5968.7881,59.687881,0.59687881
600750.SH,600750,江中药业,20070704,21.35,21.68,20.61,21.32,21.41,-0.09,-0.42,13831.57,29338.474,2933.8474,29.338474,0.29338474
600750.SH,600750,江中药业,20070705,21.42,21.67,20.02,20.46,21.32,-0.86,-4.03,21817.23,45860.772,4586.0772,45.860772,0.45860772
600750.SH,600750,江中药业,20070706,20.66,21.15,20.02,21.08,20.46,0.62,3.03,19963.17,41553.159,4155.3159,41.553159,0.4155315899999999
600750.SH,600750,江中药业,20070709,21.1,21.8,21.05,21.46,21.08,0.38,1.8,25471.66,54364.116,5436.4116,54.364116,0.5436411600000001
600750.SH,600750,江中药业,20070710,21.46,21.48,20.2,20.3,21.46,-1.16,-5.41,18532.92,38132.026,3813.2026,38.132026,0.3813202599999999
600750.SH,600750,江中药业,20070711,20.0,20.79,20.0,20.62,20.3,0.32,1.58,8082.36,16445.685,1644.5685,16.445685,0.16445685
600750.SH,600750,江中药业,20070712,20.7,21.61,20.6,21.03,20.62,0.41,1.99,10865.63,22616.976,2261.6976,22.616976,0.22616976
600750.SH,600750,江中药业,20070713,21.05,21.16,20.48,20.63,21.03,-0.4,-1.9,6185.31,12741.809,1274.1808999999998,12.741808999999998,0.1274180899999999
600750.SH,600750,江中药业,20070716,20.62,20.8,19.98,19.98,20.63,-0.65,-3.15,9972.4,20271.166,2027.1166,20.271166,0.20271166
600750.SH,600750,江中药业,20070717,20.01,20.3,20.0,20.17,19.98,0.19,0.95,9082.03,18270.099,1827.0099,18.270099,0.1827009899999999
600750.SH,600750,江中药业,20070718,20.19,21.35,20.01,21.13,20.17,0.96,4.76,26595.58,55643.191,5564.3191,55.643191,0.5564319099999999
600750.SH,600750,江中药业,20070719,21.21,22.2,21.18,21.49,21.13,0.36,1.7,24530.29,53175.838,5317.5838,53.175838000000006,0.5317583800000001
600750.SH,600750,江中药业,20070720,21.4,22.1,21.33,21.9,21.49,0.41,1.91,30378.91,66335.334,6633.5334,66.335334,0.66335334
600750.SH,600750,江中药业,20070723,22.65,23.5,22.21,22.99,21.9,1.09,4.98,83216.71,189483.931,18948.3931,189.483931,1.89483931
600750.SH,600750,江中药业,20070724,23.1,25.25,23.1,24.49,22.99,1.5,6.52,75196.45,180931.623,18093.1623,180.931623,1.80931623
600750.SH,600750,江中药业,20070725,24.55,25.28,24.15,24.8,24.49,0.31,1.27,54352.17,134745.672,13474.5672,134.74567199999998,1.3474567199999998
600750.SH,600750,江中药业,20070726,24.98,24.99,24.27,24.61,24.8,-0.19,-0.77,47733.82,117211.714,11721.1714,117.211714,1.17211714
600750.SH,600750,江中药业,20070727,24.75,26.0,24.28,25.83,24.61,1.22,4.96,59153.13,148771.306,14877.1306,148.771306,1.48771306
600750.SH,600750,江中药业,20070730,26.5,26.8,26.0,26.34,25.83,0.51,1.97,55273.05,146347.063,14634.7063,146.347063,1.46347063
600750.SH,600750,江中药业,20070731,26.25,26.52,25.4,26.14,26.34,-0.2,-0.76,45771.73,118579.65,11857.965,118.57965,1.1857965
600750.SH,600750,江中药业,20070801,26.2,26.69,24.81,25.08,26.14,-1.06,-4.06,50072.55,129332.649,12933.2649,129.332649,1.29332649
600750.SH,600750,江中药业,20070802,25.38,27.08,25.22,27.04,25.08,1.96,7.82,73305.65,191246.601,19124.6601,191.246601,1.91246601
600750.SH,600750,江中药业,20070803,27.83,28.0,27.1,27.3,27.04,0.26,0.96,68398.75,188290.579,18829.0579,188.290579,1.88290579
600750.SH,600750,江中药业,20070806,27.53,28.65,27.38,27.99,27.3,0.69,2.53,45324.64,126717.216,12671.7216,126.717216,1.26717216
600750.SH,600750,江中药业,20070808,28.05,28.95,26.02,26.67,27.99,-1.32,-4.72,55884.82,154109.844,15410.9844,154.109844,1.54109844
600750.SH,600750,江中药业,20070809,26.6,27.02,26.15,26.32,26.67,-0.35,-1.31,32967.05,86908.636,8690.8636,86.908636,0.8690863600000001
600750.SH,600750,江中药业,20070810,26.02,26.48,23.9,25.45,26.32,-0.87,-3.31,46594.21,117204.099,11720.4099,117.204099,1.17204099
600750.SH,600750,江中药业,20070813,25.45,25.68,24.63,24.7,25.45,-0.75,-2.95,24671.26,61430.357,6143.0357,61.430357,0.61430357
600750.SH,600750,江中药业,20070814,24.45,25.9,24.4,25.69,24.7,0.99,4.01,24090.12,61107.35,6110.735,61.10735,0.6110734999999999
600750.SH,600750,江中药业,20070815,25.6,25.89,24.6,25.18,25.69,-0.51,-1.99,18725.07,47175.47,4717.5470000000005,47.17547,0.4717547
600750.SH,600750,江中药业,20070816,25.2,25.5,24.37,24.65,25.18,-0.53,-2.1,40345.08,99239.235,9923.9235,99.239235,0.99239235
600750.SH,600750,江中药业,20070817,24.6,25.43,24.38,25.05,24.65,0.4,1.62,30505.39,76573.922,7657.3922,76.573922,0.7657392199999999
600750.SH,600750,江中药业,20070820,25.67,26.2,25.25,26.13,25.05,1.08,4.31,30401.29,78754.429,7875.4429,78.754429,0.78754429
600750.SH,600750,江中药业,20070821,26.9,27.0,26.16,26.86,26.13,0.73,2.79,45230.43,120500.033,12050.0033,120.500033,1.20500033
600750.SH,600750,江中药业,20070822,26.45,27.99,26.21,27.6,26.86,0.74,2.76,51504.36,140494.342,14049.4342,140.494342,1.40494342
600750.SH,600750,江中药业,20070823,27.83,27.89,26.9,27.15,27.6,-0.45,-1.63,51390.82,140194.084,14019.4084,140.194084,1.40194084
600750.SH,600750,江中药业,20070824,27.5,27.5,26.35,26.46,27.15,-0.69,-2.54,56167.85,150036.078,15003.607800000002,150.036078,1.50036078
600750.SH,600750,江中药业,20070827,19.61,19.99,18.9,19.14,19.6,-0.46,-2.35,31238.15,60422.615,6042.2615,60.42261499999999,0.6042261499999999
600750.SH,600750,江中药业,20070828,18.9,19.18,18.15,18.5,19.14,-0.64,-3.34,54661.81,101323.794,10132.3794,101.323794,1.01323794
600750.SH,600750,江中药业,20070829,18.5,18.98,18.3,18.43,18.5,-0.07,-0.38,42476.92,78702.881,7870.2881,78.70288099999999,0.7870288099999999
600750.SH,600750,江中药业,20070830,18.6,19.25,18.6,19.1,18.43,0.67,3.64,42662.47,81050.022,8105.0022,81.050022,0.81050022
600750.SH,600750,江中药业,20070831,19.22,19.59,19.1,19.38,19.1,0.28,1.47,51768.49,100368.47,10036.847,100.36847,1.0036847
600750.SH,600750,江中药业,20070903,19.6,19.78,19.22,19.29,19.38,-0.09,-0.46,51041.91,99174.889,9917.4889,99.174889,0.99174889
600750.SH,600750,江中药业,20070904,19.25,19.29,18.7,18.75,19.29,-0.54,-2.8,48014.5,90647.906,9064.7906,90.647906,0.90647906
600750.SH,600750,江中药业,20070905,18.75,19.08,18.67,18.97,18.75,0.22,1.17,27273.45,51236.689,5123.6689,51.236689,0.51236689
600750.SH,600750,江中药业,20070906,18.98,19.19,18.8,18.95,18.97,-0.02,-0.11,40916.15,77577.841,7757.7841,77.57784099999999,0.7757784099999999
600750.SH,600750,江中药业,20070907,18.99,18.99,18.48,18.6,18.95,-0.35,-1.85,57342.27,106870.845,10687.0845,106.870845,1.06870845
600750.SH,600750,江中药业,20070910,18.55,18.55,17.79,18.5,18.6,-0.1,-0.54,39201.73,70911.9,7091.19,70.9119,0.709119
600750.SH,600750,江中药业,20070911,18.45,18.45,17.73,17.76,18.5,-0.74,-4.0,50384.7,90993.118,9099.3118,90.993118,0.90993118
600750.SH,600750,江中药业,20070912,17.7,17.71,16.9,17.6,17.76,-0.16,-0.9,40160.25,69368.261,6936.8261,69.368261,0.6936826100000001
600750.SH,600750,江中药业,20070913,17.65,17.98,17.35,17.54,17.6,-0.06,-0.34,34008.51,59631.491,5963.1491000000005,59.631491,0.59631491
600750.SH,600750,江中药业,20070914,17.72,18.1,17.5,17.89,17.54,0.35,2.0,40591.33,72527.719,7252.7719,72.52771899999999,0.7252771899999999
600750.SH,600750,江中药业,20070917,18.0,18.35,17.98,18.03,17.89,0.14,0.78,33959.63,61389.816,6138.9816,61.389816,0.6138981600000001
600750.SH,600750,江中药业,20070918,18.2,18.2,17.5,17.74,18.03,-0.29,-1.61,33815.18,60042.802,6004.2802,60.042802,0.6004280200000001
600750.SH,600750,江中药业,20070919,17.8,17.82,17.07,17.2,17.74,-0.54,-3.04,42956.16,74067.124,7406.712399999999,74.06712399999999,0.74067124
600750.SH,600750,江中药业,20070920,17.11,17.56,17.11,17.31,17.2,0.11,0.64,22945.81,39675.974,3967.5974,39.675974,0.39675974
600750.SH,600750,江中药业,20070921,17.31,17.31,16.62,17.0,17.31,-0.31,-1.79,37353.04,63415.116,6341.5116,63.415116,0.6341511599999999
600750.SH,600750,江中药业,20070924,17.0,17.05,16.49,16.68,17.0,-0.32,-1.88,31942.6,53102.887,5310.2887,53.102887,0.53102887
600750.SH,600750,江中药业,20070925,16.71,16.71,16.2,16.39,16.68,-0.29,-1.74,27860.67,45571.69,4557.169,45.57169,0.4557169
600750.SH,600750,江中药业,20070926,16.42,16.98,16.42,16.73,16.39,0.34,2.07,23425.18,39285.522,3928.5522,39.28552199999999,0.3928552199999999
600750.SH,600750,江中药业,20070927,16.97,17.37,16.8,17.25,16.73,0.52,3.11,24662.64,42260.973,4226.097299999999,42.26097299999999,0.4226097299999999
600750.SH,600750,江中药业,20070928,17.3,17.7,17.3,17.37,17.25,0.12,0.7,29045.6,50776.257,5077.6257,50.776257,0.5077625699999999
600750.SH,600750,江中药业,20071008,17.5,17.67,16.9,16.94,17.37,-0.43,-2.48,36269.94,62034.786,6203.4786,62.034786,0.6203478600000001
600750.SH,600750,江中药业,20071009,16.94,17.25,16.88,17.04,16.94,0.1,0.59,25766.15,43809.275,4380.9275,43.809275,0.43809275
600750.SH,600750,江中药业,20071010,17.2,17.9,16.82,17.74,17.04,0.7,4.11,60151.92,103797.151,10379.7151,103.797151,1.03797151
600750.SH,600750,江中药业,20071011,18.02,18.02,17.2,17.35,17.74,-0.39,-2.2,53938.15,95218.068,9521.8068,95.218068,0.95218068
600750.SH,600750,江中药业,20071012,17.46,17.46,16.22,16.92,17.35,-0.43,-2.48,47499.52,79047.458,7904.7458,79.04745799999999,0.7904745799999999
600750.SH,600750,江中药业,20071015,16.92,16.92,16.2,16.65,16.92,-0.27,-1.6,29796.97,48968.044,4896.8044,48.968044,0.48968044
600750.SH,600750,江中药业,20071016,16.65,16.79,16.29,16.68,16.65,0.03,0.18,28608.32,47152.216,4715.2216,47.152216,0.4715221599999999
600750.SH,600750,江中药业,20071017,16.79,17.37,16.7,17.13,16.68,0.45,2.7,39016.12,66389.699,6638.969899999999,66.389699,0.6638969899999999
600750.SH,600750,江中药业,20071018,17.2,17.4,16.7,16.81,17.13,-0.32,-1.87,33993.24,57713.294,5771.3294000000005,57.713294000000005,0.57713294
600750.SH,600750,江中药业,20071019,16.81,17.17,16.5,16.58,16.81,-0.23,-1.37,18962.79,31571.335,3157.1335,31.571335,0.31571335
600750.SH,600750,江中药业,20071022,16.31,16.82,16.3,16.53,16.58,-0.05,-0.3,17775.29,29562.042,2956.2042,29.562042,0.29562042
600750.SH,600750,江中药业,20071023,16.65,18.18,16.65,18.16,16.53,1.63,9.86,151463.68,269674.966,26967.4966,269.67496600000004,2.6967496600000005
600750.SH,600750,江中药业,20071024,17.8,17.95,17.2,17.26,18.16,-0.9,-4.96,85788.58,150606.31,15060.631,150.60631,1.5060631
600750.SH,600750,江中药业,20071025,16.9,16.9,15.53,15.53,17.26,-1.73,-10.02,77318.96,122578.158,12257.8158,122.578158,1.22578158
600750.SH,600750,江中药业,20071026,15.33,15.33,14.18,14.71,15.53,-0.82,-5.28,44077.15,64800.617,6480.0617,64.800617,0.64800617
600750.SH,600750,江中药业,20071029,14.97,15.09,14.65,15.07,14.71,0.36,2.45,20103.64,29776.244,2977.6244,29.776244,0.2977624399999999
600750.SH,600750,江中药业,20071030,15.1,15.19,14.48,14.8,15.07,-0.27,-1.79,19537.29,28668.815,2866.8815,28.668815,0.28668815
600750.SH,600750,江中药业,20071031,14.9,15.8,14.9,15.65,14.8,0.85,5.74,28028.13,43164.999,4316.499900000001,43.16499900000001,0.4316499900000001
600750.SH,600750,江中药业,20071101,15.68,15.7,14.8,14.82,15.65,-0.83,-5.3,22034.8,33173.866,3317.3866000000003,33.173866000000004,0.33173866
600750.SH,600750,江中药业,20071102,14.5,14.63,14.15,14.37,14.82,-0.45,-3.04,28794.94,41323.274,4132.3274,41.323274,0.41323274
600750.SH,600750,江中药业,20071105,14.4,14.88,14.39,14.65,14.37,0.28,1.95,13701.15,19969.91,1996.991,19.96991,0.1996991
600750.SH,600750,江中药业,20071106,14.7,14.8,14.45,14.56,14.65,-0.09,-0.61,11083.16,16196.261,1619.6261,16.196261,0.16196261
600750.SH,600750,江中药业,20071107,14.52,14.8,14.52,14.71,14.56,0.15,1.03,9939.95,14560.862,1456.0862,14.560862,0.14560862
600750.SH,600750,江中药业,20071108,14.71,14.79,14.0,14.01,14.71,-0.7,-4.76,15740.61,22502.669,2250.2669,22.502669,0.22502669
600750.SH,600750,江中药业,20071109,13.98,14.05,13.18,13.4,14.01,-0.61,-4.35,17562.21,23661.095,2366.1095,23.661095,0.23661095
600750.SH,600750,江中药业,20071112,13.18,13.18,12.1,12.3,13.4,-1.1,-8.21,32612.04,40396.936,4039.6936,40.396936,0.40396936
600750.SH,600750,江中药业,20071113,12.6,13.14,12.5,12.68,12.3,0.38,3.09,23638.68,30207.176,3020.7176,30.207176,0.30207176
600750.SH,600750,江中药业,20071114,12.93,13.16,12.78,13.16,12.68,0.48,3.79,18874.16,24514.999,2451.4999,24.514999,0.2451499899999999
600750.SH,600750,江中药业,20071115,13.25,13.49,12.9,13.14,13.16,-0.02,-0.15,20052.5,26542.143,2654.2143,26.542143,0.26542143
600750.SH,600750,江中药业,20071116,12.98,13.49,12.72,13.33,13.14,0.19,1.45,16099.68,21087.293,2108.7293,21.087293,0.21087293
600750.SH,600750,江中药业,20071119,13.43,13.98,13.35,13.8,13.33,0.47,3.53,21771.99,29964.396,2996.4396,29.964396,0.29964396
600750.SH,600750,江中药业,20071120,13.8,15.18,13.8,14.88,13.8,1.08,7.83,71193.75,105763.635,10576.3635,105.763635,1.05763635
600750.SH,600750,江中药业,20071121,15.03,15.38,14.48,14.64,14.88,-0.24,-1.61,40201.25,60062.872,6006.287200000001,60.062872000000006,0.60062872
600750.SH,600750,江中药业,20071122,14.31,14.8,14.0,14.04,14.64,-0.6,-4.1,19934.76,28633.64,2863.364,28.63364,0.2863364
600750.SH,600750,江中药业,20071123,14.0,14.8,13.7,14.52,14.04,0.48,3.42,25527.43,36806.192,3680.6192,36.806192,0.36806192
600750.SH,600750,江中药业,20071126,14.9,15.22,14.73,14.84,14.52,0.32,2.2,31663.34,47524.917,4752.4917000000005,47.524917,0.47524917
600750.SH,600750,江中药业,20071127,14.82,14.99,14.58,14.63,14.84,-0.21,-1.42,13538.34,19993.518,1999.3518,19.993518,0.19993518
600750.SH,600750,江中药业,20071128,14.63,14.85,14.2,14.22,14.63,-0.41,-2.8,11398.52,16453.048,1645.3048,16.453048,0.1645304799999999
600750.SH,600750,江中药业,20071129,14.3,14.51,13.51,14.32,14.22,0.1,0.7,25450.55,35777.905,3577.7905,35.777905000000004,0.35777905
600750.SH,600750,江中药业,20071130,14.35,14.45,13.8,14.24,14.32,-0.08,-0.56,17344.08,24497.903,2449.7903,24.497903,0.24497903
600750.SH,600750,江中药业,20071203,14.21,15.0,13.88,14.5,14.24,0.26,1.83,20970.9,30100.699,3010.0699,30.100699,0.30100699
600750.SH,600750,江中药业,20071204,14.67,15.05,14.41,14.99,14.5,0.49,3.38,29498.36,43612.343,4361.2343,43.612343,0.43612343
600750.SH,600750,江中药业,20071205,14.99,15.78,14.91,15.58,14.99,0.59,3.94,50752.65,77556.339,7755.633900000001,77.55633900000001,0.7755633900000001
600750.SH,600750,江中药业,20071206,15.58,15.6,14.98,15.09,15.58,-0.49,-3.15,26420.65,40208.57,4020.857,40.20857,0.4020857
600750.SH,600750,江中药业,20071207,15.05,16.12,15.05,15.75,15.09,0.66,4.37,42448.24,66617.467,6661.746700000001,66.617467,0.6661746700000001
600750.SH,600750,江中药业,20071210,15.5,16.5,15.4,16.2,15.75,0.45,2.86,53472.85,86755.33,8675.533,86.75533,0.8675533
600750.SH,600750,江中药业,20071211,16.35,16.99,16.25,16.81,16.2,0.61,3.77,62908.16,104908.303,10490.8303,104.908303,1.0490830299999998
600750.SH,600750,江中药业,20071212,16.89,17.5,16.88,17.29,16.81,0.48,2.86,50547.22,87181.05,8718.105,87.18105,0.8718105
600750.SH,600750,江中药业,20071213,17.1,17.5,16.6,16.69,17.29,-0.6,-3.47,46892.03,79392.401,7939.2401,79.392401,0.79392401
600750.SH,600750,江中药业,20071214,16.69,17.3,16.48,17.22,16.69,0.53,3.18,37021.33,62769.145,6276.9145,62.769145,0.62769145
600750.SH,600750,江中药业,20071217,17.43,17.94,17.43,17.5,17.22,0.28,1.63,48618.19,85962.877,8596.287699999999,85.96287699999999,0.8596287699999999
600750.SH,600750,江中药业,20071218,17.5,17.5,16.6,16.93,17.5,-0.57,-3.26,30420.2,51330.181,5133.018099999999,51.330181,0.51330181
600750.SH,600750,江中药业,20071219,17.0,17.21,16.56,16.9,16.93,-0.03,-0.18,42156.09,70903.116,7090.311599999999,70.903116,0.70903116
600750.SH,600750,江中药业,20071220,16.9,17.5,16.82,17.34,16.9,0.44,2.6,65108.98,112273.927,11227.3927,112.273927,1.12273927
600750.SH,600750,江中药业,20071221,17.2,17.97,17.2,17.91,17.34,0.57,3.29,71508.42,126960.927,12696.0927,126.960927,1.26960927
600750.SH,600750,江中药业,20071224,17.95,19.06,17.95,18.6,17.91,0.69,3.85,95127.2,176183.989,17618.3989,176.183989,1.76183989
600750.SH,600750,江中药业,20071225,18.6,18.68,18.22,18.6,18.6,0.0,0.0,34223.74,63127.256,6312.7256,63.127256,0.63127256
600750.SH,600750,江中药业,20071226,18.8,19.1,18.6,18.96,18.6,0.36,1.94,43489.74,82178.847,8217.884699999999,82.17884699999999,0.8217884699999999
600750.SH,600750,江中药业,20071227,18.99,19.45,18.76,18.84,18.96,-0.12,-0.63,50187.34,95406.847,9540.6847,95.406847,0.95406847
600750.SH,600750,江中药业,20071228,18.9,19.15,18.28,18.4,18.84,-0.44,-2.34,38994.24,72398.34,7239.834,72.39834,0.7239834
600750.SH,600750,江中药业,20080102,18.4,19.09,18.16,19.08,18.4,0.68,3.7,48351.6,91166.272,9116.6272,91.166272,0.91166272
600750.SH,600750,江中药业,20080103,19.09,19.98,18.8,19.85,19.08,0.77,4.04,74372.26,144897.514,14489.7514,144.897514,1.44897514
600750.SH,600750,江中药业,20080107,19.7,19.95,19.3,19.78,19.85,-0.07,-0.35,60633.33,119546.845,11954.6845,119.546845,1.19546845
600750.SH,600750,江中药业,20080108,19.79,19.82,18.5,18.61,19.78,-1.17,-5.92,74407.79,142046.679,14204.6679,142.046679,1.42046679
600750.SH,600750,江中药业,20080109,18.43,18.78,18.29,18.72,18.61,0.11,0.59,64550.08,119758.402,11975.8402,119.758402,1.19758402
600750.SH,600750,江中药业,20080110,18.84,19.6,18.84,19.24,18.72,0.52,2.78,48933.48,94564.699,9456.4699,94.564699,0.94564699
600750.SH,600750,江中药业,20080111,19.21,19.23,18.41,18.69,19.24,-0.55,-2.86,33661.08,62773.178,6277.3178,62.773178,0.62773178
600750.SH,600750,江中药业,20080114,18.66,18.96,18.35,18.61,18.69,-0.08,-0.43,29942.67,55601.966,5560.1966,55.601966,0.55601966
600750.SH,600750,江中药业,20080115,18.79,18.88,18.4,18.84,18.61,0.23,1.24,47309.75,87997.281,8799.7281,87.997281,0.87997281
600750.SH,600750,江中药业,20080116,19.0,19.99,18.65,19.66,18.84,0.82,4.35,110940.22,216544.73,21654.473,216.54473,2.1654473000000003
600750.SH,600750,江中药业,20080117,19.69,20.55,18.6,19.92,19.66,0.26,1.32,110682.42,220611.878,22061.1878,220.611878,2.20611878
600750.SH,600750,江中药业,20080118,20.08,20.47,19.4,19.57,19.92,-0.35,-1.76,59605.27,118105.462,11810.5462,118.105462,1.18105462
600750.SH,600750,江中药业,20080121,19.64,20.28,18.88,19.02,19.57,-0.55,-2.81,53367.11,105537.32,10553.732,105.53732,1.0553732
600750.SH,600750,江中药业,20080122,18.55,18.55,17.12,17.12,19.02,-1.9,-9.99,68567.7,119086.017,11908.6017,119.086017,1.19086017
600750.SH,600750,江中药业,20080123,17.05,18.25,16.8,18.2,17.12,1.08,6.31,55142.09,97358.845,9735.8845,97.358845,0.97358845
600750.SH,600750,江中药业,20080124,18.39,18.55,17.95,18.06,18.2,-0.14,-0.77,43586.76,79384.232,7938.4232,79.384232,0.79384232
600750.SH,600750,江中药业,20080125,18.3,18.48,17.65,17.68,18.06,-0.38,-2.1,34466.1,61772.986,6177.2986,61.772986,0.6177298600000001
600750.SH,600750,江中药业,20080128,17.6,17.61,16.0,16.49,17.68,-1.19,-6.73,40360.42,67288.28,6728.828,67.28828,0.6728828
600750.SH,600750,江中药业,20080129,16.49,17.01,16.11,16.78,16.49,0.29,1.76,20151.94,33433.742,3343.3742,33.433741999999995,0.3343374199999999
600750.SH,600750,江中药业,20080130,16.9,17.38,16.55,16.9,16.78,0.12,0.72,22240.49,37779.595,3777.9595,37.779595,0.37779595
600750.SH,600750,江中药业,20080131,16.88,17.3,16.09,16.11,16.9,-0.79,-4.67,22279.75,37017.922,3701.7922,37.017922,0.37017922
600750.SH,600750,江中药业,20080201,16.05,16.48,14.68,15.05,16.11,-1.06,-6.58,24612.35,37415.927,3741.5927,37.415927,0.37415927
600750.SH,600750,江中药业,20080204,15.62,16.28,15.2,16.19,15.05,1.14,7.57,43235.55,68759.497,6875.9497,68.759497,0.6875949699999999
600750.SH,600750,江中药业,20080205,16.1,16.48,15.85,16.14,16.19,-0.05,-0.31,18914.68,30587.619,3058.7619,30.587619,0.30587619
600750.SH,600750,江中药业,20080213,15.85,16.45,15.6,16.12,16.14,-0.02,-0.12,16537.21,26515.385,2651.5385,26.515384999999995,0.2651538499999999
600750.SH,600750,江中药业,20080214,16.31,17.15,16.18,16.81,16.12,0.69,4.28,33851.32,56855.182,5685.5182,56.855182000000006,0.56855182
600750.SH,600750,江中药业,20080215,16.95,16.97,16.58,16.84,16.81,0.03,0.18,16929.55,28405.018,2840.5018,28.405018,0.28405018
600750.SH,600750,江中药业,20080218,17.11,17.8,17.0,17.5,16.84,0.66,3.92,27497.52,47992.305,4799.2305,47.992305,0.4799230499999999
600750.SH,600750,江中药业,20080219,17.77,18.26,17.4,18.14,17.5,0.64,3.66,40898.7,72929.331,7292.9331,72.929331,0.7292933100000001
600750.SH,600750,江中药业,20080220,18.12,18.2,17.46,17.54,18.14,-0.6,-3.31,29719.59,52685.335,5268.5335,52.685335,0.52685335
600750.SH,600750,江中药业,20080221,17.4,18.23,17.25,18.09,17.54,0.55,3.14,29631.74,52738.004,5273.8004,52.738004,0.52738004
600750.SH,600750,江中药业,20080222,18.0,18.0,17.16,17.69,18.09,-0.4,-2.21,25856.1,45408.162,4540.816199999999,45.40816199999999,0.4540816199999999
600750.SH,600750,江中药业,20080225,17.69,17.9,17.25,17.47,17.69,-0.22,-1.24,18963.63,33179.229,3317.9229,33.179229,0.33179229
600750.SH,600750,江中药业,20080226,17.66,18.09,17.48,18.0,17.47,0.53,3.03,50181.39,89610.178,8961.0178,89.61017799999999,0.89610178
600750.SH,600750,江中药业,20080227,18.2,18.8,18.0,18.74,18.0,0.74,4.11,45154.94,83535.986,8353.598600000001,83.53598600000001,0.8353598600000001
600750.SH,600750,江中药业,20080228,18.8,18.95,18.35,18.41,18.74,-0.33,-1.76,29762.3,55549.808,5554.980799999999,55.54980799999999,0.5554980799999999
600750.SH,600750,江中药业,20080229,18.41,18.79,18.06,18.23,18.41,-0.18,-0.98,28483.9,52253.669,5225.3669,52.253669,0.52253669
600750.SH,600750,江中药业,20080303,18.4,18.89,18.12,18.61,18.23,0.38,2.08,38159.26,71184.816,7118.481600000001,71.18481600000001,0.7118481600000002
600750.SH,600750,江中药业,20080304,18.61,19.23,18.1,18.21,18.61,-0.4,-2.15,39594.84,74208.421,7420.8421,74.208421,0.74208421
600750.SH,600750,江中药业,20080305,18.15,18.5,17.61,17.91,18.21,-0.3,-1.65,30105.86,53816.455,5381.6455000000005,53.816455000000005,0.5381645500000001
600750.SH,600750,江中药业,20080306,18.0,18.15,17.61,17.85,17.91,-0.06,-0.34,26165.3,46725.245,4672.5245,46.725245,0.46725245
600750.SH,600750,江中药业,20080307,17.7,18.48,17.63,18.0,17.85,0.15,0.84,25381.75,45648.556,4564.8556,45.648556,0.45648556
600750.SH,600750,江中药业,20080310,18.0,18.0,16.24,16.83,18.0,-1.17,-6.5,34388.73,58214.815,5821.4815,58.214815,0.58214815
600750.SH,600750,江中药业,20080311,16.45,17.1,16.23,17.08,16.83,0.25,1.49,16790.64,28158.602,2815.8602,28.158602,0.28158602
600750.SH,600750,江中药业,20080312,17.41,17.58,16.5,16.88,17.08,-0.2,-1.17,16751.73,28204.207,2820.4207,28.204207,0.28204207
600750.SH,600750,江中药业,20080313,16.93,16.95,15.5,16.12,16.88,-0.76,-4.5,33473.33,53725.473,5372.5473,53.725473,0.53725473
600750.SH,600750,江中药业,20080314,16.18,16.2,15.5,15.94,16.12,-0.18,-1.12,12102.95,19113.013,1911.3013,19.113013,0.1911301299999999
600750.SH,600750,江中药业,20080317,16.02,16.19,14.51,14.52,15.94,-1.42,-8.91,15161.17,23249.554,2324.9554,23.249554,0.23249554
600750.SH,600750,江中药业,20080318,13.4,13.48,13.07,13.07,14.52,-1.45,-9.99,39878.3,52156.115,5215.6115,52.156115,0.52156115
600750.SH,600750,江中药业,20080319,13.02,13.5,11.9,12.88,13.07,-0.19,-1.45,87018.64,111591.533,11159.1533,111.591533,1.11591533
600750.SH,600750,江中药业,20080320,12.4,13.47,11.9,13.37,12.88,0.49,3.8,66622.04,85309.545,8530.9545,85.309545,0.85309545
600750.SH,600750,江中药业,20080321,13.5,13.8,13.28,13.74,13.37,0.37,2.77,104770.41,142420.165,14242.016500000002,142.42016500000005,1.4242016500000003
600750.SH,600750,江中药业,20080324,13.79,13.81,12.68,12.71,13.74,-1.03,-7.5,51274.77,68316.594,6831.6594,68.316594,0.68316594
600750.SH,600750,江中药业,20080325,12.57,12.68,12.06,12.43,12.71,-0.28,-2.2,38698.49,47812.145,4781.2145,47.812145,0.47812145
600750.SH,600750,江中药业,20080326,12.54,12.77,12.31,12.5,12.43,0.07,0.56,18839.61,23663.839,2366.3839,23.663839,0.23663839
600750.SH,600750,江中药业,20080327,12.32,12.5,11.5,11.54,12.5,-0.96,-7.68,25873.62,31119.459,3111.9459,31.119459,0.3111945899999999
600750.SH,600750,江中药业,20080328,11.45,11.78,10.6,11.61,11.54,0.07,0.61,42937.65,47986.201,4798.6201,47.986201,0.47986201
600750.SH,600750,江中药业,20080331,11.2,11.45,10.75,10.76,11.61,-0.85,-7.32,23360.2,25791.495,2579.1495,25.791495,0.25791495
600750.SH,600750,江中药业,20080401,10.79,11.08,9.68,9.78,10.76,-0.98,-9.11,31749.94,32420.37,3242.037,32.42037,0.3242037
600750.SH,600750,江中药业,20080402,9.81,10.55,9.16,10.02,9.78,0.24,2.45,41197.96,40747.484,4074.7484,40.74748399999999,0.4074748399999999
600750.SH,600750,江中药业,20080403,10.05,10.85,10.05,10.83,10.02,0.81,8.08,48284.15,51029.078,5102.9078,51.029078,0.5102907799999999
600750.SH,600750,江中药业,20080407,10.8,11.91,10.6,11.91,10.83,1.08,9.97,50772.88,58290.754,5829.0754,58.290754,0.58290754
600750.SH,600750,江中药业,20080408,11.96,12.2,11.66,11.89,11.91,-0.02,-0.17,58369.98,69548.149,6954.8149,69.54814900000001,0.6954814900000001
600750.SH,600750,江中药业,20080409,11.76,12.17,11.3,11.31,11.89,-0.58,-4.88,47228.11,55749.247,5574.9247000000005,55.749247,0.55749247
600750.SH,600750,江中药业,20080410,11.05,12.0,11.01,11.88,11.31,0.57,5.04,26999.45,30971.298,3097.1298,30.971298,0.3097129799999999
600750.SH,600750,江中药业,20080414,11.69,11.7,10.73,10.86,11.88,-1.02,-8.59,25807.92,28716.968,2871.6968,28.716968,0.28716968
600750.SH,600750,江中药业,20080415,10.86,11.48,10.22,11.35,10.86,0.49,4.51,33277.74,35852.005,3585.2005,35.852005,0.35852005
600750.SH,600750,江中药业,20080416,11.48,11.5,10.95,10.96,11.35,-0.39,-3.44,26824.86,30128.352,3012.8352,30.128352,0.3012835199999999
600750.SH,600750,江中药业,20080417,10.98,11.3,10.0,10.16,10.96,-0.8,-7.3,44049.81,46678.894,4667.8894,46.678894,0.46678894
600750.SH,600750,江中药业,20080418,9.9,10.45,9.85,9.97,10.16,-0.19,-1.87,38163.13,38443.593,3844.3593,38.443593,0.38443593
600750.SH,600750,江中药业,20080421,10.92,10.92,9.93,10.09,9.97,0.12,1.2,57164.73,59117.738,5911.7738,59.117738,0.59117738
600750.SH,600750,江中药业,20080422,9.83,10.71,9.76,10.66,10.09,0.57,5.65,61452.51,64145.771,6414.5771,64.14577100000001,0.6414577100000001
600750.SH,600750,江中药业,20080423,10.52,11.73,10.42,11.68,10.66,1.02,9.57,76842.16,87388.119,8738.8119,87.388119,0.8738811900000001
600750.SH,600750,江中药业,20080424,12.76,12.85,12.2,12.85,11.68,1.17,10.02,144218.69,181983.292,18198.3292,181.983292,1.81983292
600750.SH,600750,江中药业,20080425,12.8,13.37,12.51,12.87,12.68,0.19,1.5,84668.13,110482.927,11048.2927,110.482927,1.10482927
600750.SH,600750,江中药业,20080428,12.35,13.26,12.25,12.99,12.87,0.12,0.93,53800.59,68541.145,6854.114500000001,68.541145,0.68541145
600750.SH,600750,江中药业,20080429,12.89,13.2,12.76,12.93,12.99,-0.06,-0.46,48232.66,62539.285,6253.9285,62.539285,0.62539285
600750.SH,600750,江中药业,20080430,12.65,13.48,12.65,13.39,12.93,0.46,3.56,67687.87,89465.608,8946.5608,89.46560799999999,0.8946560799999999
600750.SH,600750,江中药业,20080505,13.52,14.09,13.0,14.07,13.39,0.68,5.08,81546.36,110036.626,11003.6626,110.036626,1.10036626
600750.SH,600750,江中药业,20080506,13.8,14.33,13.56,13.72,14.07,-0.35,-2.49,68302.04,95236.525,9523.6525,95.236525,0.95236525
600750.SH,600750,江中药业,20080507,13.62,13.69,12.8,12.82,13.72,-0.9,-6.56,58559.0,77559.941,7755.994100000001,77.55994100000001,0.7755994100000001
600750.SH,600750,江中药业,20080508,12.55,13.43,12.49,13.41,12.82,0.59,4.6,44141.48,57101.574,5710.1574,57.101574,0.57101574
600750.SH,600750,江中药业,20080509,13.45,13.7,12.9,13.5,13.41,0.09,0.67,63857.81,85254.924,8525.4924,85.25492399999999,0.8525492399999999
600750.SH,600750,江中药业,20080512,13.6,14.85,13.4,14.85,13.5,1.35,10.0,163872.82,236604.062,23660.4062,236.604062,2.36604062
600750.SH,600750,江中药业,20080513,14.85,16.34,14.66,16.34,14.85,1.49,10.03,294218.73,464358.727,46435.8727,464.358727,4.64358727
600750.SH,600750,江中药业,20080515,14.72,15.9,14.71,15.12,16.34,-1.22,-7.47,144815.13,222439.908,22243.9908,222.439908,2.22439908
600750.SH,600750,江中药业,20080516,14.68,15.41,14.05,14.87,15.12,-0.25,-1.65,91562.25,135718.956,13571.8956,135.718956,1.35718956
600750.SH,600750,江中药业,20080519,14.6,15.48,14.42,15.02,14.87,0.15,1.01,53913.66,82165.401,8216.5401,82.165401,0.82165401
600750.SH,600750,江中药业,20080520,14.99,14.99,13.52,13.52,15.02,-1.5,-9.99,73885.18,104932.471,10493.2471,104.932471,1.04932471
600750.SH,600750,江中药业,20080521,13.07,14.19,12.65,13.88,13.52,0.36,2.66,65459.99,86995.597,8699.5597,86.995597,0.86995597
600750.SH,600750,江中药业,20080522,13.5,13.74,13.05,13.14,13.88,-0.74,-5.33,53904.61,72155.059,7215.505899999999,72.155059,0.72155059
600750.SH,600750,江中药业,20080523,13.02,13.58,12.9,13.16,13.14,0.02,0.15,29841.0,39517.754,3951.7754,39.517754,0.3951775399999999
600750.SH,600750,江中药业,20080526,13.0,13.65,12.8,13.06,13.16,-0.1,-0.76,44149.91,58680.015,5868.0015,58.680015,0.5868001500000001
600750.SH,600750,江中药业,20080527,13.01,13.59,12.88,13.2,13.06,0.14,1.07,41163.84,54513.471,5451.3471,54.513471,0.54513471
600750.SH,600750,江中药业,20080528,13.2,13.8,13.08,13.6,13.2,0.4,3.03,37600.61,50562.371,5056.2371,50.562371000000006,0.5056237100000001
600750.SH,600750,江中药业,20080529,13.52,13.75,13.11,13.14,13.6,-0.46,-3.38,24806.53,33424.402,3342.4402,33.424402,0.33424402
600750.SH,600750,江中药业,20080530,13.1,13.48,12.7,12.93,13.14,-0.21,-1.6,29500.82,38279.955,3827.9955,38.279955,0.38279955
600750.SH,600750,江中药业,20080602,12.9,13.14,12.77,13.06,12.93,0.13,1.01,21413.79,27807.824,2780.7824,27.807824,0.27807824
600750.SH,600750,江中药业,20080603,13.02,13.18,12.77,12.78,13.06,-0.28,-2.14,19269.5,24830.806,2483.0806,24.830806000000003,0.24830806
600750.SH,600750,江中药业,20080604,12.6,12.7,12.0,12.11,12.78,-0.67,-5.24,35951.91,43963.336,4396.3336,43.963336,0.43963336
600750.SH,600750,江中药业,20080605,12.26,12.48,12.14,12.27,12.11,0.16,1.32,21150.9,26024.752,2602.4752,26.024752,0.26024752
600750.SH,600750,江中药业,20080606,12.27,12.44,11.9,11.98,12.27,-0.29,-2.36,17744.39,21337.911,2133.7911,21.337911,0.2133791099999999
600750.SH,600750,江中药业,20080610,11.58,11.58,10.78,10.78,11.98,-1.2,-10.02,30811.91,34000.222,3400.0222000000003,34.000222,0.34000222
600750.SH,600750,江中药业,20080611,10.89,11.09,10.66,10.93,10.78,0.15,1.39,23018.7,25129.525,2512.9525000000003,25.129525000000005,0.25129525
600750.SH,600750,江中药业,20080612,10.86,11.18,10.7,11.05,10.93,0.12,1.1,22545.66,24778.054,2477.8054,24.778054,0.24778054
600750.SH,600750,江中药业,20080613,11.05,11.64,11.05,11.41,11.05,0.36,3.26,59310.87,67762.039,6776.2039,67.762039,0.67762039
600750.SH,600750,江中药业,20080616,11.48,12.29,11.48,12.21,11.41,0.8,7.01,57162.63,68311.209,6831.1209,68.311209,0.6831120900000001
600750.SH,600750,江中药业,20080617,12.23,12.28,11.37,11.78,12.21,-0.43,-3.52,50778.87,60111.773,6011.1773,60.111773,0.60111773
600750.SH,600750,江中药业,20080618,11.6,12.52,10.88,12.39,11.78,0.61,5.18,61793.43,74145.575,7414.5575,74.145575,0.74145575
600750.SH,600750,江中药业,20080619,12.14,12.3,11.15,11.37,12.39,-1.02,-8.23,46011.63,54121.371,5412.1371,54.121371,0.54121371
600750.SH,600750,江中药业,20080620,11.3,12.2,10.6,11.68,11.37,0.31,2.73,42103.33,49057.596,4905.759599999999,49.057596,0.49057596
600750.SH,600750,江中药业,20080623,11.41,12.15,11.03,11.97,11.68,0.29,2.48,37486.0,44620.615,4462.0615,44.620615,0.44620615
600750.SH,600750,江中药业,20080624,11.9,12.75,11.8,12.74,11.97,0.77,6.43,60169.55,74887.856,7488.7856,74.887856,0.74887856
600750.SH,600750,江中药业,20080625,12.7,13.36,12.46,13.24,12.74,0.5,3.92,84919.76,110204.404,11020.4404,110.204404,1.10204404
600750.SH,600750,江中药业,20080626,13.19,13.33,12.79,13.16,13.24,-0.08,-0.6,65207.87,85218.814,8521.8814,85.21881400000001,0.8521881400000001
600750.SH,600750,江中药业,20080627,12.5,12.9,11.84,12.02,13.16,-1.14,-8.66,62964.03,77477.446,7747.7446,77.477446,0.77477446
600750.SH,600750,江中药业,20080630,11.95,12.29,11.61,12.26,12.02,0.24,2.0,38404.25,46157.838,4615.7838,46.157838,0.4615783799999999
600750.SH,600750,江中药业,20080701,12.25,12.74,12.02,12.67,12.26,0.41,3.34,41263.03,51342.965,5134.2965,51.34296499999999,0.51342965
600750.SH,600750,江中药业,20080702,12.53,13.18,12.53,13.02,12.67,0.35,2.76,52460.25,68184.365,6818.436500000001,68.18436500000001,0.6818436500000001
600750.SH,600750,江中药业,20080703,12.81,14.24,12.81,13.69,13.02,0.67,5.15,92434.95,126012.505,12601.2505,126.012505,1.26012505
600750.SH,600750,江中药业,20080704,13.6,14.08,13.3,13.48,13.69,-0.21,-1.53,56579.12,77382.974,7738.2974,77.382974,0.77382974
600750.SH,600750,江中药业,20080707,13.48,14.4,13.48,14.4,13.48,0.92,6.82,70688.03,99721.783,9972.1783,99.721783,0.99721783
600750.SH,600750,江中药业,20080708,14.38,14.4,13.8,14.19,14.4,-0.21,-1.46,77667.25,109570.312,10957.0312,109.57031200000002,1.0957031200000005
600750.SH,600750,江中药业,20080709,14.1,14.5,13.9,14.31,14.19,0.12,0.85,86996.58,122971.058,12297.1058,122.971058,1.22971058
600750.SH,600750,江中药业,20080710,14.1,14.1,13.35,13.38,14.31,-0.93,-6.5,75495.54,104250.126,10425.0126,104.250126,1.04250126
600750.SH,600750,江中药业,20080714,12.99,13.67,12.9,13.54,13.38,0.16,1.2,40102.07,53409.406,5340.9406,53.409406,0.5340940599999999
600750.SH,600750,江中药业,20080715,13.58,13.7,12.77,12.8,13.54,-0.74,-5.47,45092.43,58976.569,5897.6569,58.976569,0.58976569
600750.SH,600750,江中药业,20080716,12.75,13.13,12.0,12.49,12.8,-0.31,-2.42,40280.37,50979.514,5097.9514,50.979514,0.50979514
600750.SH,600750,江中药业,20080717,12.75,13.38,12.56,12.71,12.49,0.22,1.76,48188.54,62184.066,6218.4066,62.184066,0.62184066
600750.SH,600750,江中药业,20080718,12.77,12.95,12.02,12.89,12.71,0.18,1.42,36088.03,45166.243,4516.6243,45.166243,0.45166243
600750.SH,600750,江中药业,20080721,12.88,13.42,12.6,13.32,12.89,0.43,3.34,37324.09,49009.117,4900.9117,49.009117,0.4900911699999999
600750.SH,600750,江中药业,20080722,13.5,13.52,13.17,13.3,13.32,-0.02,-0.15,26904.84,35861.287,3586.1287,35.861287,0.35861287
600750.SH,600750,江中药业,20080723,13.38,13.49,12.93,12.96,13.3,-0.34,-2.56,29550.34,38988.724,3898.8724,38.988724000000005,0.38988724
600750.SH,600750,江中药业,20080724,13.08,13.2,12.82,13.18,12.96,0.22,1.7,33250.46,43384.24,4338.424,43.38424,0.4338423999999999
600750.SH,600750,江中药业,20080725,12.98,13.16,12.85,13.01,13.18,-0.17,-1.29,16760.97,21810.12,2181.012,21.81012,0.2181011999999999
600750.SH,600750,江中药业,20080728,13.0,13.5,13.0,13.41,13.01,0.4,3.07,30959.02,41111.472,4111.1472,41.111472000000006,0.41111472
600750.SH,600750,江中药业,20080729,13.23,13.5,13.12,13.39,13.41,-0.02,-0.15,27803.43,37023.339,3702.3339,37.023339,0.37023339
600750.SH,600750,江中药业,20080730,13.55,13.68,12.72,12.88,13.39,-0.51,-3.81,28839.48,38071.573,3807.1573,38.071573,0.38071573
600750.SH,600750,江中药业,20080731,12.89,13.0,12.26,12.56,12.88,-0.32,-2.48,32029.78,39947.527,3994.7527,39.947527,0.39947527
600750.SH,600750,江中药业,20080801,12.37,12.8,12.26,12.6,12.56,0.04,0.32,14973.28,18741.791,1874.1791,18.741791,0.18741791
600750.SH,600750,江中药业,20080804,12.48,12.5,12.0,12.01,12.6,-0.59,-4.68,15650.68,19140.733,1914.0733,19.140733,0.19140733
600750.SH,600750,江中药业,20080805,12.0,12.3,11.43,11.48,12.01,-0.53,-4.41,21284.19,25273.138,2527.3138,25.273138,0.25273138
600750.SH,600750,江中药业,20080806,11.68,11.76,11.19,11.5,11.48,0.02,0.17,14483.19,16623.0,1662.3,16.623,0.16623
600750.SH,600750,江中药业,20080807,11.49,11.7,11.39,11.66,11.5,0.16,1.39,10050.58,11568.588,1156.8588,11.568588,0.11568588
600750.SH,600750,江中药业,20080808,11.65,11.65,10.8,11.1,11.66,-0.56,-4.8,18521.49,20797.817,2079.7817,20.797817,0.20797817
600750.SH,600750,江中药业,20080811,11.12,11.12,10.35,10.76,11.1,-0.34,-3.06,28917.2,30797.066,3079.7066,30.797066,0.30797066
600750.SH,600750,江中药业,20080812,10.6,10.9,10.46,10.7,10.76,-0.06,-0.56,10119.27,10853.526,1085.3526,10.853526,0.1085352599999999
600750.SH,600750,江中药业,20080813,10.58,11.04,10.36,10.98,10.7,0.28,2.62,16508.51,17682.705,1768.2705,17.682705000000002,0.17682705
600750.SH,600750,江中药业,20080814,10.81,11.27,10.81,11.1,10.98,0.12,1.09,9598.58,10659.841,1065.9841,10.659841000000002,0.10659841
600750.SH,600750,江中药业,20080815,11.09,11.15,10.81,10.87,11.1,-0.23,-2.07,9670.86,10627.732,1062.7732,10.627732000000002,0.10627732
600750.SH,600750,江中药业,20080818,10.85,11.07,9.99,10.06,10.87,-0.81,-7.45,15573.38,16215.176,1621.5176,16.215176,0.16215176
600750.SH,600750,江中药业,20080819,10.0,10.31,9.98,10.18,10.06,0.12,1.19,8246.65,8392.844,839.2843999999999,8.392843999999998,0.0839284399999999
600750.SH,600750,江中药业,20080820,10.22,11.1,10.02,11.05,10.18,0.87,8.55,28602.03,30799.229,3079.9229,30.799229,0.30799229
600750.SH,600750,江中药业,20080821,10.8,11.03,10.4,10.43,11.05,-0.62,-5.61,17324.2,18536.371,1853.6371,18.536371,0.18536371
600750.SH,600750,江中药业,20080822,10.36,10.55,10.04,10.16,10.43,-0.27,-2.59,12634.14,12888.327,1288.8327,12.888327,0.12888327
600750.SH,600750,江中药业,20080825,10.18,10.36,10.0,10.07,10.16,-0.09,-0.89,11945.06,12130.856,1213.0856,12.130856,0.12130856
600750.SH,600750,江中药业,20080826,9.89,10.08,9.25,9.29,10.07,-0.78,-7.75,24449.92,23320.022,2332.0022,23.320022,0.2332002199999999
600750.SH,600750,江中药业,20080827,9.3,9.45,8.59,8.74,9.29,-0.55,-5.92,34096.37,30151.046,3015.1046,30.151046,0.30151046
600750.SH,600750,江中药业,20080828,8.87,8.88,8.3,8.77,8.74,0.03,0.34,26808.66,22996.271,2299.6271,22.996271,0.22996271
600750.SH,600750,江中药业,20080829,8.7,9.09,8.63,8.94,8.77,0.17,1.94,38731.25,34509.643,3450.9643,34.509643,0.3450964299999999
600750.SH,600750,江中药业,20080901,8.76,8.76,8.42,8.56,8.94,-0.38,-4.25,17499.5,14992.138,1499.2138,14.992138,0.14992138
600750.SH,600750,江中药业,20080902,8.57,8.62,8.24,8.48,8.56,-0.08,-0.93,13929.45,11693.734,1169.3734,11.693734,0.1169373399999999
600750.SH,600750,江中药业,20080903,8.47,8.6,8.31,8.49,8.48,0.01,0.12,8880.66,7494.614,749.4613999999999,7.494613999999999,0.07494614
600750.SH,600750,江中药业,20080904,8.49,8.67,8.45,8.59,8.49,0.1,1.18,9071.17,7738.935,773.8935,7.738935000000001,0.07738935
600750.SH,600750,江中药业,20080905,8.45,8.45,8.05,8.25,8.59,-0.34,-3.96,13221.14,10943.023,1094.3022999999998,10.943022999999998,0.1094302299999999
600750.SH,600750,江中药业,20080908,8.28,8.3,7.43,7.45,8.25,-0.8,-9.7,17466.03,13432.637,1343.2637,13.432637,0.13432637
600750.SH,600750,江中药业,20080909,7.45,7.5,7.22,7.43,7.45,-0.02,-0.27,9763.18,7177.696,717.7696,7.177696,0.07177696
600750.SH,600750,江中药业,20080910,7.36,7.57,7.21,7.41,7.43,-0.02,-0.27,17890.03,13307.764,1330.7764,13.307764,0.13307764
600750.SH,600750,江中药业,20080911,7.41,7.66,7.31,7.48,7.41,0.07,0.94,19947.59,14972.063,1497.2063,14.972063,0.14972063
600750.SH,600750,江中药业,20080912,7.48,7.51,7.3,7.35,7.48,-0.13,-1.74,11376.17,8440.384,844.0384,8.440384,0.08440384
600750.SH,600750,江中药业,20080916,7.35,7.35,6.8,7.31,7.35,-0.04,-0.54,19444.08,13840.978,1384.0978,13.840978,0.13840978
600750.SH,600750,江中药业,20080917,7.17,7.35,7.14,7.23,7.31,-0.08,-1.09,13559.66,9850.234,985.0234,9.850234,0.09850234
600750.SH,600750,江中药业,20080918,7.01,7.19,6.6,6.96,7.23,-0.27,-3.73,17382.39,11965.303,1196.5303,11.965303,0.11965303
600750.SH,600750,江中药业,20080919,7.63,7.66,7.5,7.66,6.96,0.7,10.06,42537.45,32438.486,3243.8486000000003,32.438486000000005,0.32438486
600750.SH,600750,江中药业,20080922,8.15,8.43,7.73,8.09,7.66,0.43,5.61,97115.94,78450.088,7845.0088,78.45008800000001,0.7845008800000001
600750.SH,600750,江中药业,20080923,7.6,7.8,7.39,7.41,8.09,-0.68,-8.41,34982.82,26555.77,2655.577,26.555770000000003,0.2655577
600750.SH,600750,江中药业,20080924,7.21,7.41,6.98,7.39,7.41,-0.02,-0.27,31443.11,22451.96,2245.196,22.45196,0.2245195999999999
600750.SH,600750,江中药业,20080925,7.23,7.68,7.23,7.66,7.39,0.27,3.65,77257.47,58077.064,5807.7064,58.077064,0.58077064
600750.SH,600750,江中药业,20080926,7.7,7.88,7.5,7.82,7.66,0.16,2.09,84679.82,65247.972,6524.7972,65.247972,0.6524797200000001
600750.SH,600750,江中药业,20081006,7.6,8.06,7.51,8.01,7.82,0.19,2.43,91458.95,72460.816,7246.0816,72.46081600000001,0.7246081600000001
600750.SH,600750,江中药业,20081007,7.75,8.36,7.58,8.34,8.01,0.33,4.12,79392.0,64479.292,6447.9292000000005,64.479292,0.64479292
600750.SH,600750,江中药业,20081008,8.06,8.71,8.06,8.42,8.34,0.08,0.96,100737.27,85443.402,8544.3402,85.443402,0.85443402
600750.SH,600750,江中药业,20081009,8.35,8.68,8.2,8.3,8.42,-0.12,-1.43,45860.46,38361.42,3836.142,38.36142,0.3836141999999999
600750.SH,600750,江中药业,20081010,7.98,8.18,7.85,8.13,8.3,-0.17,-2.05,45570.97,36722.119,3672.2119,36.722119,0.36722119
600750.SH,600750,江中药业,20081013,8.09,8.55,7.86,8.54,8.13,0.41,5.04,74132.26,61066.396,6106.6396,61.066396000000005,0.61066396
600750.SH,600750,江中药业,20081014,8.81,8.86,8.07,8.1,8.54,-0.44,-5.15,62997.14,53195.804,5319.5804,53.195804,0.5319580399999999
600750.SH,600750,江中药业,20081015,7.98,8.4,7.86,8.14,8.1,0.04,0.49,30928.49,25414.372,2541.4372,25.414372,0.25414372
600750.SH,600750,江中药业,20081016,7.82,7.98,7.33,7.33,8.14,-0.81,-9.95,38390.69,29227.08,2922.708,29.22708,0.2922708
600750.SH,600750,江中药业,20081017,7.43,7.5,7.1,7.29,7.33,-0.04,-0.55,28347.01,20546.488,2054.6488,20.546488,0.20546488
600750.SH,600750,江中药业,20081020,7.29,7.5,7.0,7.42,7.29,0.13,1.78,27024.81,19525.064,1952.5064,19.525064,0.1952506399999999
600750.SH,600750,江中药业,20081021,7.48,7.81,7.41,7.54,7.42,0.12,1.62,34061.63,25829.652,2582.9652,25.829652,0.25829652
600750.SH,600750,江中药业,20081022,7.4,7.59,7.1,7.13,7.54,-0.41,-5.44,22384.52,16452.922,1645.2922,16.452921999999997,0.1645292199999999
600750.SH,600750,江中药业,20081023,7.06,7.36,6.93,7.33,7.13,0.2,2.81,18704.99,13421.984,1342.1984,13.421984,0.13421984
600750.SH,600750,江中药业,20081024,7.3,7.54,7.3,7.46,7.33,0.13,1.77,24209.59,17964.24,1796.4240000000002,17.964240000000004,0.1796424
600750.SH,600750,江中药业,20081027,7.35,7.57,7.02,7.07,7.46,-0.39,-5.23,24858.98,18198.474,1819.8474,18.198474,0.1819847399999999
600750.SH,600750,江中药业,20081028,7.08,7.5,7.0,7.46,7.07,0.39,5.52,26601.33,19420.545,1942.0545,19.420545,0.1942054499999999
600750.SH,600750,江中药业,20081029,7.51,7.61,7.28,7.31,7.46,-0.15,-2.01,34101.81,25344.812,2534.4812,25.344812,0.25344812
600750.SH,600750,江中药业,20081030,7.45,7.5,7.18,7.36,7.31,0.05,0.68,22441.35,16499.352,1649.9352,16.499352,0.1649935199999999
600750.SH,600750,江中药业,20081031,7.39,7.4,7.05,7.08,7.36,-0.28,-3.8,18705.97,13371.419,1337.1419,13.371419,0.13371419
600750.SH,600750,江中药业,20081103,7.0,7.06,6.72,7.0,7.08,-0.08,-1.13,19981.57,13720.426,1372.0426,13.720426,0.13720426
600750.SH,600750,江中药业,20081104,6.95,6.98,6.6,6.7,7.0,-0.3,-4.29,14418.96,9715.307,971.5307,9.715307,0.09715307
600750.SH,600750,江中药业,20081105,6.7,6.99,6.7,6.83,6.7,0.13,1.94,21346.3,14653.914,1465.3914,14.653914,0.14653914
600750.SH,600750,江中药业,20081106,6.7,6.9,6.62,6.78,6.83,-0.05,-0.73,10644.4,7224.057,722.4057,7.224057,0.07224057
600750.SH,600750,江中药业,20081107,6.65,6.95,6.64,6.86,6.78,0.08,1.18,11886.71,8123.136,812.3136000000001,8.123136,0.08123136
600750.SH,600750,江中药业,20081110,6.98,7.4,6.98,7.38,6.86,0.52,7.58,32066.29,23194.699,2319.4699,23.194699,0.23194699
600750.SH,600750,江中药业,20081111,7.38,7.48,7.19,7.32,7.38,-0.06,-0.81,33204.67,24356.693,2435.6693,24.356693,0.24356693
600750.SH,600750,江中药业,20081112,7.2,7.68,7.19,7.67,7.32,0.35,4.78,39066.0,29246.559,2924.6559,29.246559,0.29246559
600750.SH,600750,江中药业,20081113,7.6,8.04,7.44,7.94,7.67,0.27,3.52,47578.5,37133.821,3713.3821,37.133821000000005,0.37133821
600750.SH,600750,江中药业,20081114,7.9,8.2,7.74,8.14,7.94,0.2,2.52,62387.44,49889.264,4988.9264,49.889264,0.49889264
600750.SH,600750,江中药业,20081117,8.11,8.68,8.01,8.63,8.14,0.49,6.02,58998.19,48854.972,4885.4972,48.854972,0.4885497199999999
600750.SH,600750,江中药业,20081118,8.5,8.5,7.77,7.77,8.63,-0.86,-9.97,54064.37,43926.569,4392.6569,43.926569,0.43926569
600750.SH,600750,江中药业,20081119,7.79,8.4,7.52,8.36,7.77,0.59,7.59,57024.78,45425.574,4542.5574,45.425574,0.4542557399999999
600750.SH,600750,江中药业,20081120,8.18,8.69,8.01,8.37,8.36,0.01,0.12,56953.73,47859.702,4785.9702,47.859702,0.47859702
600750.SH,600750,江中药业,20081121,8.11,8.45,7.82,8.14,8.37,-0.23,-2.75,40058.86,32571.481,3257.1481,32.571481,0.3257148099999999
600750.SH,600750,江中药业,20081124,8.14,8.55,8.03,8.07,8.14,-0.07,-0.86,42563.48,35380.487,3538.0487000000003,35.380487,0.35380487
600750.SH,600750,江中药业,20081125,8.19,8.29,7.64,7.83,8.07,-0.24,-2.97,29156.63,23102.208,2310.2208,23.102208,0.23102208
600750.SH,600750,江中药业,20081126,7.95,7.95,7.68,7.8,7.83,-0.03,-0.38,12118.18,9458.896,945.8896,9.458896,0.09458896
600750.SH,600750,江中药业,20081127,8.3,8.4,7.92,7.95,7.8,0.15,1.92,53952.13,44061.404,4406.1404,44.061404,0.44061404
600750.SH,600750,江中药业,20081128,7.8,8.45,7.8,8.36,7.95,0.41,5.16,67844.75,55662.799,5566.2799,55.66279899999999,0.55662799
600750.SH,600750,江中药业,20081201,8.35,9.2,8.28,9.18,8.36,0.82,9.81,93206.25,82319.418,8231.9418,82.319418,0.82319418
600750.SH,600750,江中药业,20081202,8.88,9.67,8.8,9.33,9.18,0.15,1.63,109000.61,101355.057,10135.5057,101.355057,1.01355057
600750.SH,600750,江中药业,20081203,9.36,9.58,9.2,9.43,9.33,0.1,1.07,72228.05,67720.698,6772.0698,67.720698,0.67720698
600750.SH,600750,江中药业,20081204,9.44,9.8,9.39,9.43,9.43,0.0,0.0,91735.7,87934.406,8793.4406,87.934406,0.87934406
600750.SH,600750,江中药业,20081205,9.26,9.5,9.1,9.39,9.43,-0.04,-0.42,42924.09,39955.058,3995.5058,39.955058,0.39955058
600750.SH,600750,江中药业,20081208,9.47,9.95,9.32,9.92,9.39,0.53,5.64,87142.61,83962.164,8396.216400000001,83.96216400000002,0.8396216400000002
600750.SH,600750,江中药业,20081209,9.9,9.92,9.21,9.29,9.92,-0.63,-6.35,59762.22,56812.047,5681.2047,56.812047,0.56812047
600750.SH,600750,江中药业,20081210,9.22,9.92,9.18,9.83,9.29,0.54,5.81,66206.63,63448.145,6344.8145,63.448145,0.63448145
600750.SH,600750,江中药业,20081211,9.9,10.4,9.88,9.93,9.83,0.1,1.02,84171.95,85455.807,8545.5807,85.45580700000001,0.8545580700000001
600750.SH,600750,江中药业,20081212,9.9,10.16,9.79,9.98,9.93,0.05,0.5,81641.63,81505.155,8150.515499999999,81.505155,0.8150515500000001
600750.SH,600750,江中药业,20081215,10.2,10.73,10.08,10.72,9.98,0.74,7.41,66637.11,69301.344,6930.1344,69.301344,0.69301344
600750.SH,600750,江中药业,20081216,10.5,11.0,10.4,10.86,10.72,0.14,1.31,64377.21,69087.03,6908.703,69.08703,0.6908702999999999
600750.SH,600750,江中药业,20081217,10.87,11.53,10.87,11.16,10.86,0.3,2.76,80885.27,90600.32,9060.032,90.60032,0.9060032
600750.SH,600750,江中药业,20081218,11.27,11.35,10.8,11.2,11.16,0.04,0.36,37917.12,42494.058,4249.4058,42.494058,0.4249405799999999
600750.SH,600750,江中药业,20081219,11.11,12.03,11.05,12.0,11.2,0.8,7.14,55254.09,64720.067,6472.0067,64.720067,0.64720067
600750.SH,600750,江中药业,20081222,12.01,12.01,11.62,11.77,12.0,-0.23,-1.92,36568.81,43118.043,4311.8043,43.118043,0.43118043
600750.SH,600750,江中药业,20081224,11.0,11.25,10.6,11.2,11.77,-0.57,-4.84,49693.26,54359.387,5435.938700000001,54.359387000000005,0.54359387
600750.SH,600750,江中药业,20081225,11.2,11.5,10.95,11.19,11.2,-0.01,-0.09,30717.16,34419.444,3441.9444000000003,34.419444000000006,0.34419444
600750.SH,600750,江中药业,20081226,11.15,11.59,11.15,11.47,11.19,0.28,2.5,28698.7,32551.224,3255.1224,32.551224,0.3255122399999999
600750.SH,600750,江中药业,20081229,11.26,11.5,11.06,11.4,11.47,-0.07,-0.61,19224.84,21669.909,2166.9909,21.669909,0.2166990899999999
600750.SH,600750,江中药业,20081230,11.32,11.8,11.31,11.79,11.4,0.39,3.42,21558.48,25056.46,2505.646,25.05646,0.2505645999999999
600750.SH,600750,江中药业,20081231,11.61,11.88,11.0,11.17,11.79,-0.62,-5.26,23216.32,26609.82,2660.982,26.60982,0.2660982
600750.SH,600750,江中药业,20090105,11.23,11.81,11.23,11.75,11.17,0.58,5.19,19571.75,22707.742,2270.7742,22.707742,0.22707742
600750.SH,600750,江中药业,20090106,11.68,12.02,11.51,11.94,11.75,0.19,1.62,24139.07,28455.29,2845.529,28.45529,0.2845529
600750.SH,600750,江中药业,20090107,11.86,12.05,11.72,11.76,11.94,-0.18,-1.51,16518.06,19590.339,1959.0339,19.590339,0.19590339
600750.SH,600750,江中药业,20090108,11.8,12.9,11.7,12.71,11.76,0.95,8.08,46811.11,58434.898,5843.4898,58.434898,0.58434898
600750.SH,600750,江中药业,20090109,12.81,13.57,12.81,13.52,12.71,0.81,6.37,46346.94,61614.578,6161.4578,61.614578,0.61614578
600750.SH,600750,江中药业,20090112,13.38,13.9,13.1,13.59,13.52,0.07,0.52,46346.53,62804.169,6280.4169,62.804169,0.62804169
600750.SH,600750,江中药业,20090113,13.39,13.59,13.0,13.02,13.59,-0.57,-4.19,31207.67,41396.301,4139.6301,41.396301,0.41396301
600750.SH,600750,江中药业,20090114,12.95,13.35,12.79,13.13,13.02,0.11,0.84,27017.77,35275.102,3527.5102,35.275102,0.3527510199999999
600750.SH,600750,江中药业,20090115,13.03,13.44,12.89,13.38,13.13,0.25,1.9,17793.05,23328.594,2332.8594000000003,23.328594,0.23328594
600750.SH,600750,江中药业,20090116,13.29,13.65,12.98,13.05,13.38,-0.33,-2.47,23627.6,31441.447,3144.1447,31.441447,0.3144144699999999
600750.SH,600750,江中药业,20090119,13.02,13.3,12.24,12.93,13.05,-0.12,-0.92,38637.31,48443.422,4844.3422,48.443422,0.4844342199999999
600750.SH,600750,江中药业,20090120,12.68,13.0,12.42,12.65,12.93,-0.28,-2.17,34952.37,44108.279,4410.8279,44.108279,0.44108279
600750.SH,600750,江中药业,20090121,12.5,12.9,12.45,12.53,12.65,-0.12,-0.95,23688.54,29863.436,2986.3436,29.863436,0.29863436
600750.SH,600750,江中药业,20090122,12.76,13.41,12.76,12.97,12.53,0.44,3.51,41184.53,54163.756,5416.3756,54.16375600000001,0.5416375600000001
600750.SH,600750,江中药业,20090123,12.88,12.98,12.53,12.84,12.97,-0.13,-1.0,14257.87,18217.282,1821.7282,18.217282,0.18217282
600750.SH,600750,江中药业,20090202,12.9,13.05,12.77,13.01,12.84,0.17,1.32,10730.15,13855.736,1385.5736000000002,13.855736000000002,0.13855736
600750.SH,600750,江中药业,20090203,13.0,13.1,12.68,13.09,13.01,0.08,0.61,31133.27,40145.247,4014.5247,40.145247000000005,0.40145247
600750.SH,600750,江中药业,20090204,12.98,13.42,12.98,13.26,13.09,0.17,1.3,27842.33,36755.477,3675.5477,36.755477,0.36755477
600750.SH,600750,江中药业,20090205,13.22,13.64,12.8,12.88,13.26,-0.38,-2.87,42406.85,55544.679,5554.4679,55.544679,0.55544679
600750.SH,600750,江中药业,20090206,12.89,13.44,12.8,13.21,12.88,0.33,2.56,72768.4,94482.84,9448.284,94.48284,0.9448284
600750.SH,600750,江中药业,20090209,13.24,13.35,12.95,13.27,13.21,0.06,0.45,76449.03,100513.661,10051.3661,100.513661,1.00513661
600750.SH,600750,江中药业,20090210,13.26,14.56,13.16,14.53,13.27,1.26,9.5,105817.4,147776.678,14777.6678,147.776678,1.47776678
600750.SH,600750,江中药业,20090211,14.25,14.4,13.65,13.93,14.53,-0.6,-4.13,69798.08,98492.32,9849.232,98.49232,0.9849232
600750.SH,600750,江中药业,20090212,13.9,14.18,13.47,13.85,13.93,-0.08,-0.57,38029.27,52378.135,5237.8135,52.378135,0.52378135
600750.SH,600750,江中药业,20090213,13.9,14.1,13.65,14.05,13.85,0.2,1.44,38420.31,53487.236,5348.723599999999,53.487236,0.5348723599999999
600750.SH,600750,江中药业,20090216,14.05,14.15,13.61,14.05,14.05,0.0,0.0,47677.86,66202.705,6620.2705000000005,66.20270500000001,0.6620270500000001
600750.SH,600750,江中药业,20090217,13.98,14.09,13.55,13.57,14.05,-0.48,-3.42,35034.82,48272.995,4827.2995,48.272995,0.48272995
600750.SH,600750,江中药业,20090218,13.31,13.68,12.74,12.83,13.57,-0.74,-5.45,29460.78,39272.729,3927.2729,39.272729,0.39272729
600750.SH,600750,江中药业,20090219,12.86,13.22,12.8,13.1,12.83,0.27,2.1,31162.2,40615.755,4061.5755,40.615755,0.40615755
600750.SH,600750,江中药业,20090220,13.26,13.45,13.06,13.37,13.1,0.27,2.06,15882.82,21040.361,2104.0361000000003,21.040361000000004,0.21040361
600750.SH,600750,江中药业,20090223,13.38,13.7,13.28,13.59,13.37,0.22,1.65,25105.98,34100.466,3410.0466,34.100466000000004,0.34100466
600750.SH,600750,江中药业,20090224,13.5,13.59,12.83,12.88,13.59,-0.71,-5.22,39383.28,51716.337,5171.6337,51.716337,0.51716337
600750.SH,600750,江中药业,20090225,13.0,13.2,12.48,12.94,12.88,0.06,0.47,21684.44,27763.142,2776.3142,27.763142,0.2776314199999999
600750.SH,600750,江中药业,20090226,12.9,13.0,11.65,12.1,12.94,-0.84,-6.49,19289.51,24061.465,2406.1465,24.061465,0.2406146499999999
600750.SH,600750,江中药业,20090227,11.8,11.98,11.28,11.41,12.1,-0.69,-5.7,34185.34,39291.035,3929.1035,39.291035,0.39291035
600750.SH,600750,江中药业,20090302,11.28,12.3,11.28,12.2,11.41,0.79,6.92,23528.57,28074.476,2807.4476,28.074476,0.28074476
600750.SH,600750,江中药业,20090303,12.28,13.2,12.23,12.9,12.2,0.7,5.74,52508.58,67812.379,6781.2379,67.812379,0.6781237900000001
600750.SH,600750,江中药业,20090304,13.0,13.43,12.75,13.37,12.9,0.47,3.64,49119.63,64456.818,6445.6818,64.456818,0.6445681799999999
600750.SH,600750,江中药业,20090305,13.42,13.58,12.7,13.01,13.37,-0.36,-2.69,49830.69,65117.273,6511.7273000000005,65.11727300000001,0.6511727300000001
600750.SH,600750,江中药业,20090306,12.8,13.34,12.7,12.91,13.01,-0.1,-0.77,25075.19,32745.181,3274.5181,32.745181,0.32745181
600750.SH,600750,江中药业,20090309,12.83,13.14,12.2,12.23,12.91,-0.68,-5.27,23627.62,29782.616,2978.2616000000003,29.782616000000004,0.29782616
600750.SH,600750,江中药业,20090310,12.05,12.97,12.01,12.96,12.23,0.73,5.97,30104.89,38072.719,3807.2719,38.072719,0.38072719
600750.SH,600750,江中药业,20090311,13.2,13.27,12.6,12.75,12.96,-0.21,-1.62,21887.14,28390.971,2839.0971,28.390971,0.28390971
600750.SH,600750,江中药业,20090312,12.74,12.95,12.55,12.92,12.75,0.17,1.33,17892.63,22811.427,2281.1427,22.811427,0.2281142699999999
600750.SH,600750,江中药业,20090313,13.0,13.1,12.8,12.93,12.92,0.01,0.08,21175.1,27416.361,2741.6361,27.416361,0.27416361
600750.SH,600750,江中药业,20090316,12.75,13.08,12.71,13.03,12.93,0.1,0.77,11142.08,14472.953,1447.2953,14.472953,0.14472953
600750.SH,600750,江中药业,20090317,13.19,13.45,13.04,13.4,13.03,0.37,2.84,41267.07,54984.031,5498.4031,54.984031,0.54984031
600750.SH,600750,江中药业,20090318,13.49,14.06,13.49,13.77,13.4,0.37,2.76,56296.13,77963.196,7796.3196,77.963196,0.77963196
600750.SH,600750,江中药业,20090319,13.73,13.92,13.58,13.78,13.77,0.01,0.07,33992.44,46699.365,4669.9365,46.699365,0.46699365
600750.SH,600750,江中药业,20090320,13.78,13.8,13.18,13.35,13.78,-0.43,-3.12,42493.3,56952.141,5695.2141,56.952141000000005,0.56952141
600750.SH,600750,江中药业,20090324,13.7,13.75,13.28,13.52,13.35,0.17,1.27,51254.41,69048.247,6904.8247,69.048247,0.6904824700000001
600750.SH,600750,江中药业,20090325,13.51,13.77,13.4,13.63,13.52,0.11,0.81,47615.8,65060.268,6506.0268,65.060268,0.65060268
600750.SH,600750,江中药业,20090326,13.6,14.16,13.4,14.13,13.63,0.5,3.67,70462.07,97958.279,9795.8279,97.958279,0.97958279
600750.SH,600750,江中药业,20090327,14.3,14.3,13.85,14.0,14.13,-0.13,-0.92,54677.16,76771.148,7677.1148,76.771148,0.76771148
600750.SH,600750,江中药业,20090330,14.05,14.25,13.81,13.86,14.0,-0.14,-1.0,26276.08,36756.301,3675.6301,36.756301,0.36756301
600750.SH,600750,江中药业,20090331,13.58,14.1,13.3,14.05,13.86,0.19,1.37,25125.53,34430.358,3443.0358,34.430358,0.34430358
600750.SH,600750,江中药业,20090401,14.06,14.1,13.8,14.01,14.05,-0.04,-0.28,36414.82,50747.791,5074.7791,50.747791,0.50747791
600750.SH,600750,江中药业,20090402,14.06,14.3,13.93,14.26,14.01,0.25,1.78,58668.72,82718.097,8271.8097,82.718097,0.82718097
600750.SH,600750,江中药业,20090403,14.05,14.05,13.37,13.42,13.87,-0.45,-3.24,40869.16,55346.077,5534.6077,55.346077,0.5534607699999999
600750.SH,600750,江中药业,20090407,13.65,13.68,13.16,13.37,13.42,-0.05,-0.37,51665.86,68887.133,6888.7133,68.887133,0.68887133
600750.SH,600750,江中药业,20090408,13.45,13.46,13.28,13.32,13.37,-0.05,-0.37,38696.91,51792.07,5179.207,51.79207,0.5179207
600750.SH,600750,江中药业,20090409,13.38,13.38,13.0,13.14,13.32,-0.18,-1.35,19493.46,25634.506,2563.4506,25.634506,0.25634506
600750.SH,600750,江中药业,20090410,13.3,13.32,13.12,13.25,13.14,0.11,0.84,55855.48,73857.459,7385.7459,73.857459,0.73857459
600750.SH,600750,江中药业,20090413,13.3,13.99,13.23,13.94,13.25,0.69,5.21,107298.89,144760.648,14476.064799999998,144.76064799999995,1.4476064799999997
600750.SH,600750,江中药业,20090414,13.84,14.05,13.53,13.81,13.94,-0.13,-0.93,88793.37,121806.411,12180.6411,121.80641099999998,1.2180641099999998
600750.SH,600750,江中药业,20090415,13.78,14.1,13.49,13.61,13.81,-0.2,-1.45,65062.46,88747.515,8874.7515,88.747515,0.8874751500000001
600750.SH,600750,江中药业,20090416,13.69,13.85,13.3,13.65,13.61,0.04,0.29,59173.44,80533.993,8053.3993,80.533993,0.8053399299999999
600750.SH,600750,江中药业,20090417,13.65,13.68,13.34,13.55,13.65,-0.1,-0.73,37303.97,50251.007,5025.1007,50.251007,0.50251007
600750.SH,600750,江中药业,20090420,13.5,13.63,13.36,13.62,13.55,0.07,0.52,35613.78,48238.71,4823.871,48.23871,0.4823870999999999
600750.SH,600750,江中药业,20090421,13.53,13.59,13.08,13.25,13.62,-0.37,-2.72,72267.59,96777.446,9677.7446,96.777446,0.96777446
600750.SH,600750,江中药业,20090422,13.3,13.47,12.8,12.82,13.25,-0.43,-3.25,42845.24,56465.924,5646.5924,56.465924,0.5646592399999999
600750.SH,600750,江中药业,20090423,12.75,13.09,12.65,13.05,12.82,0.23,1.79,29848.57,38351.416,3835.1416,38.351416,0.38351416
600750.SH,600750,江中药业,20090424,12.99,13.13,12.68,12.78,13.05,-0.27,-2.07,24731.68,31814.848,3181.4848,31.814848,0.31814848
600750.SH,600750,江中药业,20090427,12.71,13.0,12.0,12.12,12.78,-0.66,-5.16,37231.63,46251.443,4625.1443,46.251443,0.46251443
600750.SH,600750,江中药业,20090428,12.2,13.16,12.2,13.14,12.12,1.02,8.42,51226.4,65165.582,6516.5582,65.165582,0.65165582
600750.SH,600750,江中药业,20090429,13.14,13.15,12.6,12.84,13.14,-0.3,-2.28,45059.27,57641.481,5764.1481,57.641481000000006,0.57641481
600750.SH,600750,江中药业,20090430,12.79,13.05,12.5,12.78,12.84,-0.06,-0.47,29696.62,37877.217,3787.7217,37.877217,0.3787721699999999
600750.SH,600750,江中药业,20090504,12.92,12.98,12.8,12.94,12.78,0.16,1.25,38864.05,50096.86,5009.686,50.09686,0.5009686
600750.SH,600750,江中药业,20090505,13.0,13.0,12.74,12.85,12.94,-0.09,-0.7,33022.14,42444.798,4244.4798,42.444798,0.42444798
600750.SH,600750,江中药业,20090506,12.85,12.98,12.74,12.96,12.85,0.11,0.86,40062.65,51486.355,5148.6355,51.486355,0.5148635500000001
600750.SH,600750,江中药业,20090507,13.08,13.1,12.61,12.71,12.96,-0.25,-1.93,30595.73,39195.463,3919.5463,39.195463,0.39195463
600750.SH,600750,江中药业,20090508,13.14,13.74,13.0,13.12,12.71,0.41,3.23,159350.87,212509.437,21250.9437,212.509437,2.12509437
600750.SH,600750,江中药业,20090511,13.14,13.39,12.9,13.18,13.12,0.06,0.46,83658.95,110113.325,11011.3325,110.113325,1.10113325
600750.SH,600750,江中药业,20090512,13.15,13.16,12.7,13.0,13.18,-0.18,-1.37,41121.58,53189.909,5318.9909,53.189909,0.53189909
600750.SH,600750,江中药业,20090513,13.0,13.0,12.66,12.75,13.0,-0.25,-1.92,50109.93,63987.17,6398.717,63.98717,0.6398717
600750.SH,600750,江中药业,20090514,12.78,12.93,12.72,12.78,12.75,0.03,0.24,25755.23,33006.426,3300.6426,33.006426000000005,0.33006426
600750.SH,600750,江中药业,20090515,12.78,12.94,12.73,12.83,12.78,0.05,0.39,27347.42,35148.839,3514.8839,35.148838999999995,0.3514883899999999
600750.SH,600750,江中药业,20090518,12.83,12.98,12.62,12.91,12.83,0.08,0.62,26375.99,33760.325,3376.0325,33.760324999999995,0.3376032499999999
600750.SH,600750,江中药业,20090519,12.89,13.05,12.69,12.74,12.91,-0.17,-1.32,69277.58,88668.178,8866.8178,88.66817800000001,0.8866817800000001
600750.SH,600750,江中药业,20090520,12.74,12.89,12.63,12.77,12.74,0.03,0.24,39585.8,50492.566,5049.2566,50.492566,0.5049256599999999
600750.SH,600750,江中药业,20090521,12.7,12.8,12.4,12.42,12.77,-0.35,-2.74,35502.64,44666.139,4466.6139,44.666139,0.44666139
600750.SH,600750,江中药业,20090522,12.42,12.56,12.4,12.46,12.42,0.04,0.32,14594.57,18193.327,1819.3327,18.193327,0.18193327
600750.SH,600750,江中药业,20090525,12.36,12.46,12.13,12.37,12.46,-0.09,-0.72,21777.79,26833.358,2683.3358,26.833358,0.2683335799999999
600750.SH,600750,江中药业,20090526,12.29,12.66,12.25,12.5,12.37,0.13,1.05,58418.78,72710.879,7271.0879,72.710879,0.7271087900000001
600750.SH,600750,江中药业,20090527,12.58,12.58,12.17,12.29,12.5,-0.21,-1.68,30724.23,37779.515,3777.9515,37.779515,0.37779515
600750.SH,600750,江中药业,20090601,12.35,12.53,12.25,12.37,12.29,0.08,0.65,30235.14,37482.359,3748.2359,37.482359,0.3748235899999999
600750.SH,600750,江中药业,20090602,12.48,12.56,12.38,12.44,12.37,0.07,0.57,21702.92,27051.324,2705.1324,27.051324,0.27051324
600750.SH,600750,江中药业,20090603,12.47,12.65,12.45,12.6,12.44,0.16,1.29,29526.85,37155.281,3715.5281,37.155281,0.37155281
600750.SH,600750,江中药业,20090604,12.51,12.55,12.27,12.39,12.6,-0.21,-1.67,32852.88,40747.101,4074.7101,40.747101,0.40747101
600750.SH,600750,江中药业,20090605,12.37,12.59,12.23,12.45,12.39,0.06,0.48,40508.08,50275.604,5027.5604,50.275604,0.50275604
600750.SH,600750,江中药业,20090608,12.52,12.63,12.36,12.42,12.45,-0.03,-0.24,31418.64,39324.374,3932.4374,39.324374000000006,0.39324374
600750.SH,600750,江中药业,20090609,12.42,12.43,12.15,12.33,12.42,-0.09,-0.72,31565.61,38731.165,3873.1165,38.731165,0.38731165
600750.SH,600750,江中药业,20090610,12.35,12.84,12.3,12.79,12.33,0.46,3.73,59897.15,75488.59,7548.858999999999,75.48858999999999,0.7548858999999999
600750.SH,600750,江中药业,20090611,12.76,13.15,12.63,13.08,12.79,0.29,2.27,89493.58,116048.314,11604.8314,116.048314,1.16048314
600750.SH,600750,江中药业,20090612,13.15,13.29,12.55,12.71,13.08,-0.37,-2.83,60084.7,78186.01,7818.601,78.18601,0.7818601
600750.SH,600750,江中药业,20090615,12.76,13.17,12.73,13.07,12.71,0.36,2.83,48887.39,63717.209,6371.7209,63.717209,0.6371720900000001
600750.SH,600750,江中药业,20090616,13.09,13.29,12.91,13.02,13.07,-0.05,-0.38,35426.53,46413.702,4641.370199999999,46.413702,0.4641370199999999
600750.SH,600750,江中药业,20090617,13.02,13.1,12.83,13.01,13.02,-0.01,-0.08,29289.44,37994.513,3799.4513,37.994513,0.3799451299999999
600750.SH,600750,江中药业,20090618,13.01,13.3,12.89,13.21,13.01,0.2,1.54,55560.73,72774.568,7277.4568,72.774568,0.7277456800000001
600750.SH,600750,江中药业,20090619,13.49,14.19,13.4,13.42,13.21,0.21,1.59,128048.55,176274.755,17627.4755,176.274755,1.76274755
600750.SH,600750,江中药业,20090622,13.32,13.75,13.21,13.53,13.42,0.11,0.82,81091.3,109534.264,10953.4264,109.534264,1.09534264
600750.SH,600750,江中药业,20090623,13.6,14.3,13.53,14.19,13.53,0.66,4.88,128895.91,180409.551,18040.9551,180.409551,1.80409551
600750.SH,600750,江中药业,20090624,14.2,14.81,14.02,14.78,14.19,0.59,4.16,124242.18,179566.317,17956.6317,179.56631700000003,1.7956631700000003
600750.SH,600750,江中药业,20090625,14.7,14.86,14.43,14.67,14.78,-0.11,-0.74,88162.43,128670.024,12867.0024,128.670024,1.28670024
600750.SH,600750,江中药业,20090626,15.2,16.14,15.2,15.73,14.67,1.06,7.23,226679.67,357851.332,35785.1332,357.851332,3.5785133199999994
600750.SH,600750,江中药业,20090629,15.75,15.8,15.11,15.4,15.73,-0.33,-2.1,129233.74,199569.446,19956.9446,199.569446,1.99569446
600750.SH,600750,江中药业,20090630,15.3,15.63,14.94,14.99,15.4,-0.41,-2.66,77864.03,118503.597,11850.3597,118.50359699999998,1.18503597
600750.SH,600750,江中药业,20090701,14.98,15.37,14.82,15.33,14.99,0.34,2.27,78142.18,117654.99,11765.499,117.65499,1.1765499
600750.SH,600750,江中药业,20090702,15.36,15.36,14.73,14.95,15.33,-0.38,-2.48,111411.23,166065.054,16606.505400000002,166.06505400000003,1.6606505400000002
600750.SH,600750,江中药业,20090703,14.71,15.05,14.61,14.8,14.95,-0.15,-1.0,62856.3,93069.732,9306.9732,93.069732,0.93069732
600750.SH,600750,江中药业,20090706,14.8,14.9,14.41,14.68,14.8,-0.12,-0.81,74419.21,108250.996,10825.0996,108.250996,1.08250996
600750.SH,600750,江中药业,20090707,14.63,15.28,14.53,15.09,14.68,0.41,2.79,84636.27,126845.779,12684.5779,126.845779,1.26845779
600750.SH,600750,江中药业,20090708,15.0,15.15,14.68,14.95,15.09,-0.14,-0.93,63344.48,94414.642,9441.4642,94.414642,0.94414642
600750.SH,600750,江中药业,20090709,15.4,16.1,15.28,16.0,14.95,1.05,7.02,230378.71,360140.763,36014.0763,360.140763,3.60140763
600750.SH,600750,江中药业,20090710,15.9,15.9,15.05,15.23,16.0,-0.77,-4.81,187975.17,288836.062,28883.6062,288.836062,2.88836062
600750.SH,600750,江中药业,20090713,15.0,15.22,14.85,14.91,15.23,-0.32,-2.1,85463.16,128030.36,12803.036,128.03036,1.2803036
600750.SH,600750,江中药业,20090714,14.9,14.99,14.81,14.96,14.91,0.05,0.34,66248.99,98679.97,9867.997,98.67997,0.9867997
600750.SH,600750,江中药业,20090715,14.97,15.16,14.9,14.95,14.96,-0.01,-0.07,68939.6,103332.872,10333.2872,103.332872,1.03332872
600750.SH,600750,江中药业,20090716,14.99,15.05,14.6,14.68,14.95,-0.27,-1.81,91818.53,135296.391,13529.6391,135.296391,1.35296391
600750.SH,600750,江中药业,20090717,14.68,14.77,14.55,14.6,14.68,-0.08,-0.55,80637.59,117857.447,11785.7447,117.857447,1.17857447
600750.SH,600750,江中药业,20090720,14.66,15.01,14.66,14.93,14.6,0.33,2.26,87458.27,130063.11,13006.311,130.06311,1.3006311
600750.SH,600750,江中药业,20090721,14.8,14.96,14.55,14.56,14.93,-0.37,-2.48,94186.09,138261.489,13826.1489,138.261489,1.3826148900000002
600750.SH,600750,江中药业,20090722,14.49,14.67,14.49,14.67,14.56,0.11,0.76,60983.66,88807.141,8880.714100000001,88.80714100000002,0.8880714100000001
600750.SH,600750,江中药业,20090723,14.69,14.82,14.61,14.75,14.67,0.08,0.55,49817.61,73342.817,7334.2817,73.342817,0.7334281699999999
600750.SH,600750,江中药业,20090724,14.82,14.88,14.48,14.55,14.75,-0.2,-1.36,70444.06,103076.374,10307.6374,103.076374,1.03076374
600750.SH,600750,江中药业,20090727,14.55,14.81,14.53,14.71,14.55,0.16,1.1,51118.48,75101.977,7510.1977,75.10197699999999,0.7510197699999999
600750.SH,600750,江中药业,20090728,14.69,14.99,14.67,14.95,14.71,0.24,1.63,88658.58,131286.192,13128.6192,131.286192,1.31286192
600750.SH,600750,江中药业,20090729,14.94,14.94,13.47,14.07,14.95,-0.88,-5.89,98719.08,142799.121,14279.9121,142.799121,1.42799121
600750.SH,600750,江中药业,20090730,14.04,14.22,13.76,14.07,14.07,0.0,0.0,53910.9,75153.17,7515.317,75.15317,0.7515317
600750.SH,600750,江中药业,20090731,14.1,14.26,13.95,14.25,14.07,0.18,1.28,41179.8,58278.499,5827.8499,58.278499,0.5827849900000001
600750.SH,600750,江中药业,20090803,14.25,14.5,13.95,14.4,14.25,0.15,1.05,67960.45,96486.039,9648.6039,96.486039,0.96486039
600750.SH,600750,江中药业,20090804,14.35,14.46,14.08,14.41,14.4,0.01,0.07,48100.36,68385.347,6838.534699999999,68.385347,0.68385347
600750.SH,600750,江中药业,20090805,14.45,14.82,14.38,14.74,14.41,0.33,2.29,105022.83,154506.148,15450.6148,154.506148,1.54506148
600750.SH,600750,江中药业,20090806,14.51,14.9,14.49,14.69,14.74,-0.05,-0.34,86046.5,126809.314,12680.9314,126.809314,1.26809314
600750.SH,600750,江中药业,20090807,14.69,14.7,14.06,14.09,14.69,-0.6,-4.08,56071.89,80645.302,8064.530199999999,80.64530199999999,0.8064530199999999
600750.SH,600750,江中药业,20090810,14.13,14.58,14.12,14.57,14.09,0.48,3.41,40660.66,58236.366,5823.6366,58.236366,0.58236366
600750.SH,600750,江中药业,20090811,14.65,15.2,14.63,15.06,14.57,0.49,3.36,149777.17,225424.96,22542.496,225.42496,2.2542496
600750.SH,600750,江中药业,20090812,15.04,15.48,14.8,15.24,15.06,0.18,1.2,173112.42,263045.267,26304.5267,263.045267,2.6304526699999995
600750.SH,600750,江中药业,20090813,15.17,15.48,14.7,15.27,15.24,0.03,0.2,113902.71,173356.943,17335.6943,173.356943,1.73356943
600750.SH,600750,江中药业,20090814,15.27,15.29,14.2,14.26,15.27,-1.01,-6.61,92305.39,137477.051,13747.7051,137.47705100000002,1.3747705100000005
600750.SH,600750,江中药业,20090817,14.0,14.5,13.25,13.28,14.26,-0.98,-6.87,71313.26,99774.809,9977.4809,99.774809,0.99774809
600750.SH,600750,江中药业,20090818,13.05,14.2,13.05,13.78,13.28,0.5,3.77,73108.34,99888.821,9988.8821,99.888821,0.99888821
600750.SH,600750,江中药业,20090819,13.94,14.39,13.56,13.88,13.78,0.1,0.73,83864.33,117039.672,11703.9672,117.039672,1.17039672
600750.SH,600750,江中药业,20090820,13.98,14.23,13.45,13.95,13.88,0.07,0.5,58747.96,81022.255,8102.2255,81.022255,0.81022255
600750.SH,600750,江中药业,20090821,13.81,15.0,13.67,14.95,13.95,1.0,7.17,104184.6,149958.733,14995.8733,149.95873300000002,1.4995873300000002
600750.SH,600750,江中药业,20090824,15.0,16.45,14.8,16.45,14.95,1.5,10.03,305078.17,487300.102,48730.0102,487.300102,4.87300102
600750.SH,600750,江中药业,20090825,16.49,17.18,15.8,16.57,16.45,0.12,0.73,257510.3,424894.266,42489.4266,424.894266,4.24894266
600750.SH,600750,江中药业,20090826,16.19,17.88,16.19,17.6,16.57,1.03,6.22,196420.62,331404.811,33140.4811,331.404811,3.31404811
600750.SH,600750,江中药业,20090827,17.3,18.0,16.7,16.9,17.6,-0.7,-3.98,141922.39,245776.968,24577.6968,245.776968,2.45776968
600750.SH,600750,江中药业,20090828,16.7,16.8,15.58,16.1,16.9,-0.8,-4.73,89068.77,143551.499,14355.1499,143.551499,1.4355149900000002
600750.SH,600750,江中药业,20090831,15.8,16.35,14.9,15.07,16.1,-1.03,-6.4,86845.38,134671.619,13467.1619,134.67161900000002,1.3467161900000002
600750.SH,600750,江中药业,20090901,15.02,16.28,15.02,15.7,15.07,0.63,4.18,125481.76,198905.027,19890.5027,198.905027,1.98905027
600750.SH,600750,江中药业,20090902,15.38,16.19,15.02,16.0,15.7,0.3,1.91,68612.12,106985.421,10698.5421,106.985421,1.06985421
600750.SH,600750,江中药业,20090903,15.8,16.59,15.8,16.24,16.0,0.24,1.5,99371.11,160589.234,16058.9234,160.589234,1.60589234
600750.SH,600750,江中药业,20090904,16.1,17.3,16.0,17.21,16.24,0.97,5.97,132629.82,223935.295,22393.5295,223.935295,2.23935295
600750.SH,600750,江中药业,20090907,17.3,18.09,16.55,16.87,17.21,-0.34,-1.98,165183.15,287952.838,28795.2838,287.952838,2.87952838
600750.SH,600750,江中药业,20090908,16.6,17.4,16.19,17.35,16.87,0.48,2.85,127419.08,213159.257,21315.9257,213.159257,2.13159257
600750.SH,600750,江中药业,20090909,17.25,18.58,17.1,18.08,17.35,0.73,4.21,191446.85,345929.652,34592.9652,345.929652,3.45929652
600750.SH,600750,江中药业,20090910,17.9,18.55,17.5,17.59,18.08,-0.49,-2.71,121617.67,221085.106,22108.5106,221.085106,2.2108510600000004
600750.SH,600750,江中药业,20090911,17.24,17.94,17.17,17.79,17.59,0.2,1.14,71889.31,126433.848,12643.3848,126.433848,1.26433848
600750.SH,600750,江中药业,20090914,17.79,18.18,17.76,17.95,17.79,0.16,0.9,51407.9,92564.913,9256.4913,92.564913,0.92564913
600750.SH,600750,江中药业,20090915,17.91,18.24,17.9,18.01,17.95,0.06,0.33,48664.62,87927.479,8792.7479,87.927479,0.8792747900000001
600750.SH,600750,江中药业,20090916,17.8,18.5,17.4,18.09,18.01,0.08,0.44,52349.86,94457.004,9445.7004,94.457004,0.94457004
600750.SH,600750,江中药业,20090917,18.12,18.5,17.98,18.1,18.09,0.01,0.06,49280.12,89626.379,8962.6379,89.626379,0.89626379
600750.SH,600750,江中药业,20090921,17.78,18.35,17.41,18.11,18.1,0.01,0.06,38696.34,69390.286,6939.0286,69.390286,0.69390286
600750.SH,600750,江中药业,20090922,18.14,18.38,17.45,17.49,18.11,-0.62,-3.42,34537.32,61876.951,6187.6951,61.876951,0.61876951
600750.SH,600750,江中药业,20090923,17.4,17.98,16.6,16.69,17.49,-0.8,-4.57,44151.61,74823.587,7482.3587,74.823587,0.74823587
600750.SH,600750,江中药业,20090924,16.76,17.18,16.41,16.8,16.69,0.11,0.66,25443.94,42550.981,4255.0981,42.550981,0.42550981
600750.SH,600750,江中药业,20090925,17.0,17.2,16.8,17.01,16.8,0.21,1.25,28747.97,48987.34,4898.734,48.98734,0.4898733999999999
600750.SH,600750,江中药业,20090928,17.05,17.29,16.11,16.34,17.01,-0.67,-3.94,20214.87,33592.576,3359.2576,33.592576,0.33592576
600750.SH,600750,江中药业,20090929,16.12,16.5,15.95,16.25,16.34,-0.09,-0.55,20128.4,32452.473,3245.2473,32.452473,0.32452473
600750.SH,600750,江中药业,20090930,16.26,16.5,16.26,16.39,16.25,0.14,0.86,13741.05,22542.971,2254.2971,22.542971,0.22542971
600750.SH,600750,江中药业,20091009,16.36,16.97,16.36,16.9,16.39,0.51,3.11,19102.69,32122.622,3212.2622,32.122622,0.32122622
600750.SH,600750,江中药业,20091012,16.86,17.08,16.6,16.74,16.9,-0.16,-0.95,16127.78,26972.09,2697.209,26.97209,0.2697209
600750.SH,600750,江中药业,20091013,16.6,17.12,16.6,16.84,16.74,0.1,0.6,20508.77,34644.282,3464.4282,34.644282,0.34644282
600750.SH,600750,江中药业,20091014,16.9,17.15,16.84,16.9,16.84,0.06,0.36,17512.75,29773.854,2977.3854,29.773854,0.29773854
600750.SH,600750,江中药业,20091015,16.94,17.13,16.75,16.79,16.9,-0.11,-0.65,12669.52,21426.215,2142.6215,21.426215000000003,0.21426215
600750.SH,600750,江中药业,20091016,16.8,17.1,16.32,16.66,16.79,-0.13,-0.77,16664.87,27733.784,2773.3784,27.733784,0.27733784
600750.SH,600750,江中药业,20091019,16.66,17.07,16.5,16.89,16.66,0.23,1.38,19299.06,32534.515,3253.4515,32.534515,0.3253451499999999
600750.SH,600750,江中药业,20091020,17.18,17.18,16.7,16.88,16.89,-0.01,-0.06,31452.41,52898.299,5289.8299,52.898299,0.5289829899999999
600750.SH,600750,江中药业,20091021,16.88,17.97,16.8,17.9,16.88,1.02,6.04,59346.41,102996.262,10299.6262,102.996262,1.02996262
600750.SH,600750,江中药业,20091022,17.68,18.2,17.55,17.87,17.9,-0.03,-0.17,45233.85,80912.303,8091.2303,80.91230300000001,0.8091230300000001
600750.SH,600750,江中药业,20091023,17.99,18.66,17.92,18.21,17.87,0.34,1.9,69645.96,127828.47,12782.847,127.82847,1.2782847
600750.SH,600750,江中药业,20091026,18.18,18.48,17.87,18.39,18.21,0.18,0.99,52527.22,95962.7,9596.27,95.9627,0.959627
600750.SH,600750,江中药业,20091027,18.29,18.34,17.75,17.82,18.39,-0.57,-3.1,30115.35,54292.404,5429.240400000001,54.292404000000005,0.54292404
600750.SH,600750,江中药业,20091028,17.8,18.12,17.5,18.07,17.82,0.25,1.4,21562.59,38417.563,3841.7563,38.417563,0.38417563
600750.SH,600750,江中药业,20091029,18.0,18.36,17.6,18.25,18.07,0.18,1.0,33581.25,61073.08,6107.308,61.07308,0.6107308
600750.SH,600750,江中药业,20091030,18.48,18.77,18.06,18.5,18.25,0.25,1.37,44131.13,81509.289,8150.928900000001,81.50928900000001,0.8150928900000001
600750.SH,600750,江中药业,20091102,18.2,20.15,18.08,19.84,18.5,1.34,7.24,73429.17,144311.236,14431.1236,144.311236,1.44311236
600750.SH,600750,江中药业,20091103,19.86,20.16,19.5,20.11,19.84,0.27,1.36,54827.84,108608.609,10860.8609,108.608609,1.08608609
600750.SH,600750,江中药业,20091104,19.57,19.97,19.57,19.77,20.11,-0.34,-1.69,24951.98,49349.958,4934.9958,49.349958,0.4934995799999999
600750.SH,600750,江中药业,20091105,19.82,20.3,19.6,20.03,19.77,0.26,1.32,22642.33,45159.42,4515.942,45.15942,0.4515941999999999
600750.SH,600750,江中药业,20091106,20.1,20.18,19.8,19.88,20.03,-0.15,-0.75,22924.59,45667.644,4566.7644,45.667644,0.45667644
600750.SH,600750,江中药业,20091109,19.8,19.8,19.3,19.47,19.88,-0.41,-2.06,36994.31,71880.162,7188.0162,71.880162,0.71880162
600750.SH,600750,江中药业,20091110,19.47,20.48,19.47,20.41,19.47,0.94,4.83,36311.83,72719.551,7271.955100000001,72.71955100000001,0.72719551
600750.SH,600750,江中药业,20091111,20.1,20.5,20.01,20.34,20.41,-0.07,-0.34,16237.39,32927.562,3292.7562,32.927561999999995,0.3292756199999999
600750.SH,600750,江中药业,20091112,20.33,21.19,20.18,20.68,20.34,0.34,1.67,26785.26,55657.941,5565.7941,55.657941,0.55657941
600750.SH,600750,江中药业,20091113,20.52,20.6,20.01,20.3,20.68,-0.38,-1.84,27132.88,54957.113,5495.7113,54.957113,0.54957113
600750.SH,600750,江中药业,20091116,20.2,20.88,20.11,20.4,20.3,0.1,0.49,43732.18,90125.416,9012.5416,90.125416,0.90125416
600750.SH,600750,江中药业,20091117,20.37,20.89,19.95,20.58,20.4,0.18,0.88,38685.92,78298.767,7829.876700000001,78.29876700000001,0.7829876700000001
600750.SH,600750,江中药业,20091118,20.52,20.74,20.21,20.59,20.58,0.01,0.05,23273.04,47622.665,4762.2665,47.622665,0.47622665
600750.SH,600750,江中药业,20091119,20.58,21.6,20.58,21.07,20.59,0.48,2.33,37732.32,79770.956,7977.095600000001,79.77095600000001,0.7977095600000002
600750.SH,600750,江中药业,20091120,21.0,22.28,20.49,21.77,21.07,0.7,3.32,36371.44,78128.521,7812.852099999999,78.12852099999999,0.78128521
600750.SH,600750,江中药业,20091123,21.82,22.8,21.82,22.65,21.77,0.88,4.04,35061.68,78783.946,7878.3946,78.783946,0.78783946
600750.SH,600750,江中药业,20091124,22.65,23.67,21.35,21.66,22.65,-0.99,-4.37,33934.47,76715.909,7671.5909,76.715909,0.7671590899999999
600750.SH,600750,江中药业,20091125,21.31,23.15,21.31,23.1,21.66,1.44,6.65,33312.48,74818.688,7481.868799999999,74.818688,0.74818688
600750.SH,600750,江中药业,20091126,23.02,23.89,22.2,22.31,23.1,-0.79,-3.42,33831.81,77998.011,7799.8011,77.99801099999999,0.7799801099999999
600750.SH,600750,江中药业,20091127,22.0,23.85,21.71,22.98,22.31,0.67,3.0,38693.98,88441.397,8844.1397,88.441397,0.88441397
600750.SH,600750,江中药业,20091130,22.88,24.98,22.77,24.95,22.98,1.97,8.57,39608.48,96032.527,9603.2527,96.03252700000002,0.96032527
600750.SH,600750,江中药业,20091201,25.0,25.2,24.32,24.78,24.95,-0.17,-0.68,35393.04,87897.641,8789.7641,87.89764100000001,0.87897641
600750.SH,600750,江中药业,20091202,24.78,24.99,23.99,24.75,24.78,-0.03,-0.12,39939.39,97864.309,9786.4309,97.864309,0.97864309
600750.SH,600750,江中药业,20091203,24.67,25.0,24.1,24.61,24.75,-0.14,-0.57,20374.07,50015.014,5001.5014,50.015014,0.50015014
600750.SH,600750,江中药业,20091204,24.53,24.61,22.5,23.13,24.61,-1.48,-6.01,45660.12,107744.153,10774.4153,107.744153,1.0774415300000002
600750.SH,600750,江中药业,20091207,23.13,23.8,23.0,23.38,23.13,0.25,1.08,17497.85,40791.617,4079.1617,40.791617,0.4079161699999999
600750.SH,600750,江中药业,20091208,23.3,23.4,22.5,22.86,23.38,-0.52,-2.22,25282.74,58029.016,5802.9016,58.029016,0.58029016
600750.SH,600750,江中药业,20091209,22.89,23.2,22.62,22.79,22.86,-0.07,-0.31,16065.92,36804.706,3680.4706,36.804706,0.36804706
600750.SH,600750,江中药业,20091210,22.77,23.0,22.5,22.95,22.79,0.16,0.7,11693.13,26649.001,2664.9001,26.649001,0.26649001
600750.SH,600750,江中药业,20091211,23.12,23.15,22.76,22.92,22.95,-0.03,-0.13,21762.42,49927.381,4992.7381000000005,49.927381,0.49927381
600750.SH,600750,江中药业,20091214,22.85,22.99,21.9,22.21,22.92,-0.71,-3.1,16005.18,35615.702,3561.5702,35.615702,0.35615702
600750.SH,600750,江中药业,20091215,22.23,23.1,21.85,22.67,22.21,0.46,2.07,34765.21,77994.615,7799.4615,77.99461500000001,0.7799461500000001
600750.SH,600750,江中药业,20091216,22.5,22.94,22.23,22.29,22.67,-0.38,-1.68,15426.63,34824.707,3482.4707000000003,34.824707000000004,0.34824707
600750.SH,600750,江中药业,20091217,22.3,22.5,21.6,21.98,22.29,-0.31,-1.39,14389.12,31649.414,3164.9414,31.649414,0.31649414
600750.SH,600750,江中药业,20091218,21.81,21.81,20.66,20.9,21.98,-1.08,-4.91,11146.62,23511.6,2351.16,23.5116,0.235116
600750.SH,600750,江中药业,20091221,20.93,21.38,20.88,21.26,20.9,0.36,1.72,11966.56,25208.677,2520.8677,25.208677,0.2520867699999999
600750.SH,600750,江中药业,20091222,21.59,21.59,20.56,20.82,21.26,-0.44,-2.07,12128.54,25426.366,2542.6366000000003,25.426366,0.25426366
600750.SH,600750,江中药业,20091223,20.81,21.95,20.8,21.8,20.82,0.98,4.71,25753.44,55479.97,5547.997,55.47997,0.5547997
600750.SH,600750,江中药业,20091224,22.4,22.64,21.8,22.51,21.8,0.71,3.26,26029.39,58049.985,5804.9985,58.049985,0.58049985
600750.SH,600750,江中药业,20091225,22.38,22.9,22.12,22.85,22.51,0.34,1.51,21415.81,48254.101,4825.4101,48.254101,0.48254101
600750.SH,600750,江中药业,20091228,22.84,23.13,22.67,23.07,22.85,0.22,0.96,16253.48,37165.767,3716.5767,37.165767,0.37165767
600750.SH,600750,江中药业,20091229,22.95,22.95,22.25,22.38,23.07,-0.69,-2.99,15294.3,34447.557,3444.7557,34.447557,0.34447557
600750.SH,600750,江中药业,20091230,22.36,23.12,22.04,23.01,22.38,0.63,2.82,66422.94,150386.365,15038.6365,150.38636499999998,1.5038636499999998
600750.SH,600750,江中药业,20091231,22.9,23.19,22.6,23.18,23.01,0.17,0.74,33917.76,77911.131,7791.1131,77.911131,0.77911131
600750.SH,600750,江中药业,20100104,23.3,23.98,23.02,23.7,23.18,0.52,2.24,42466.95,100170.288,10017.0288,100.170288,1.00170288
600750.SH,600750,江中药业,20100105,23.77,24.55,23.77,24.33,23.7,0.63,2.66,45622.46,110902.649,11090.2649,110.902649,1.10902649
600750.SH,600750,江中药业,20100106,24.3,24.5,23.0,23.69,24.33,-0.64,-2.63,26553.85,63517.828,6351.7828,63.517828,0.63517828
600750.SH,600750,江中药业,20100107,23.72,23.89,23.21,23.41,23.69,-0.28,-1.18,34657.08,81124.806,8112.4806,81.12480599999999,0.8112480599999999
600750.SH,600750,江中药业,20100108,23.21,23.72,22.69,23.7,23.41,0.29,1.24,19916.89,46044.433,4604.4433,46.044433,0.4604443299999999
600750.SH,600750,江中药业,20100111,23.9,24.26,23.05,23.66,23.7,-0.04,-0.17,8740.39,20697.385,2069.7385,20.697385,0.20697385
600750.SH,600750,江中药业,20100112,23.32,25.06,23.32,24.77,23.66,1.11,4.69,38017.62,92738.743,9273.8743,92.738743,0.92738743
600750.SH,600750,江中药业,20100113,24.5,25.33,24.01,24.7,24.77,-0.07,-0.28,28361.31,70401.922,7040.1922,70.401922,0.70401922
600750.SH,600750,江中药业,20100114,24.49,25.55,24.49,25.14,24.7,0.44,1.78,19398.81,48723.875,4872.3875,48.723875,0.48723875
600750.SH,600750,江中药业,20100118,25.16,26.55,25.14,26.32,25.14,1.18,4.69,24735.62,64242.314,6424.2314,64.242314,0.6424231399999999
600750.SH,600750,江中药业,20100119,25.61,27.68,25.61,26.99,26.32,0.67,2.55,28576.39,77378.45,7737.844999999999,77.37844999999999,0.7737844999999999
600750.SH,600750,江中药业,20100120,26.98,27.4,26.28,26.65,26.99,-0.34,-1.26,37452.5,100026.435,10002.6435,100.026435,1.00026435
600750.SH,600750,江中药业,20100121,26.61,27.29,25.5,26.52,26.65,-0.13,-0.49,19165.89,51063.999,5106.3999,51.063999,0.51063999
600750.SH,600750,江中药业,20100122,26.51,26.51,25.3,26.4,26.52,-0.12,-0.45,21744.99,56326.952,5632.6952,56.326952,0.56326952
600750.SH,600750,江中药业,20100125,26.36,27.0,25.8,26.4,26.4,0.0,0.0,9716.55,25777.371,2577.7371,25.777371,0.25777371
600750.SH,600750,江中药业,20100126,26.4,26.91,25.5,25.77,26.4,-0.63,-2.39,14808.7,39128.628,3912.8628,39.128628,0.39128628
600750.SH,600750,江中药业,20100127,25.77,28.15,25.77,27.9,25.77,2.13,8.27,64486.42,174913.174,17491.3174,174.913174,1.74913174
600750.SH,600750,江中药业,20100128,27.77,28.35,26.55,28.28,27.9,0.38,1.36,24082.17,66480.057,6648.0057,66.480057,0.66480057
600750.SH,600750,江中药业,20100129,28.28,28.31,27.5,27.8,28.28,-0.48,-1.7,18801.45,52573.671,5257.3671,52.573671,0.52573671
600750.SH,600750,江中药业,20100201,27.78,28.55,26.62,28.28,27.8,0.48,1.73,20014.79,55502.191,5550.2191,55.502191,0.55502191
600750.SH,600750,江中药业,20100202,28.11,28.35,27.38,27.64,28.28,-0.64,-2.26,10658.33,29741.188,2974.1188,29.741188,0.2974118799999999
600750.SH,600750,江中药业,20100203,27.5,27.64,26.2,26.65,27.64,-0.99,-3.58,16373.76,43809.296,4380.9296,43.809296,0.43809296
600750.SH,600750,江中药业,20100204,26.7,27.4,26.51,26.98,26.65,0.33,1.24,18765.44,50809.336,5080.9336,50.809336,0.50809336
600750.SH,600750,江中药业,20100205,26.51,28.0,26.51,26.61,26.98,-0.37,-1.37,10972.13,29933.722,2993.3722,29.933722000000003,0.29933722
600750.SH,600750,江中药业,20100208,26.71,27.0,26.03,26.56,26.61,-0.05,-0.19,7809.08,20758.304,2075.8304,20.758304,0.20758304
600750.SH,600750,江中药业,20100209,26.21,26.76,26.11,26.19,26.56,-0.37,-1.39,4315.07,11381.599,1138.1599,11.381599,0.11381599
600750.SH,600750,江中药业,20100210,26.48,26.6,26.05,26.2,26.19,0.01,0.04,4832.81,12673.776,1267.3776,12.673776,0.12673776
600750.SH,600750,江中药业,20100211,26.17,26.35,26.14,26.2,26.2,0.0,0.0,4697.83,12318.59,1231.859,12.31859,0.1231858999999999
600750.SH,600750,江中药业,20100212,26.43,27.2,26.22,26.77,26.2,0.57,2.18,9845.52,26230.139,2623.0139,26.230139,0.2623013899999999
600750.SH,600750,江中药业,20100222,26.97,26.97,26.51,26.51,26.77,-0.26,-0.97,6277.71,16726.436,1672.6436,16.726436,0.16726436
600750.SH,600750,江中药业,20100223,26.13,26.96,26.13,26.66,26.51,0.15,0.57,9170.09,24371.887,2437.1887,24.371887,0.2437188699999999
600750.SH,600750,江中药业,20100224,27.04,29.33,26.9,29.33,26.66,2.67,10.02,36056.48,104134.699,10413.4699,104.134699,1.04134699
600750.SH,600750,江中药业,20100225,29.33,29.33,28.51,28.82,29.33,-0.51,-1.74,29683.99,85511.918,8551.1918,85.51191800000001,0.8551191800000001
600750.SH,600750,江中药业,20100226,28.78,29.03,28.54,28.58,28.82,-0.24,-0.83,13415.97,38513.134,3851.3134,38.513134,0.38513134
600750.SH,600750,江中药业,20100301,28.57,29.28,28.51,28.89,28.58,0.31,1.08,19107.19,55318.019,5531.8019,55.31801900000001,0.5531801900000001
600750.SH,600750,江中药业,20100302,28.88,28.89,28.28,28.29,28.89,-0.6,-2.08,10257.87,29230.437,2923.0437,29.230437,0.29230437
600750.SH,600750,江中药业,20100303,28.29,29.5,28.12,28.96,28.29,0.67,2.37,14241.37,41385.695,4138.5695,41.385695,0.41385695
600750.SH,600750,江中药业,20100304,28.96,29.56,28.82,28.88,28.96,-0.08,-0.28,22210.53,64765.707,6476.5707,64.765707,0.6476570700000001
600750.SH,600750,江中药业,20100305,28.84,29.45,28.13,28.53,28.88,-0.35,-1.21,8477.18,24120.405,2412.0405,24.120405,0.24120405
600750.SH,600750,江中药业,20100308,28.3,28.86,28.3,28.48,28.53,-0.05,-0.18,7449.26,21264.501,2126.4501,21.264501,0.21264501
600750.SH,600750,江中药业,20100309,28.52,28.52,28.0,28.5,28.48,0.02,0.07,6087.02,17254.041,1725.4041000000002,17.254041,0.17254041
600750.SH,600750,江中药业,20100310,28.47,29.18,28.22,28.59,28.5,0.09,0.32,9259.84,26635.137,2663.5137,26.635137,0.26635137
600750.SH,600750,江中药业,20100311,28.59,28.6,27.58,27.6,28.59,-0.99,-3.46,7705.51,21526.363,2152.6363,21.526363,0.21526363
600750.SH,600750,江中药业,20100312,27.8,27.93,26.8,26.88,27.6,-0.72,-2.61,6073.9,16644.965,1664.4965,16.644965,0.16644965
600750.SH,600750,江中药业,20100315,26.9,27.28,26.44,26.98,26.88,0.1,0.37,3774.49,10168.573,1016.8573,10.168573,0.10168573
600750.SH,600750,江中药业,20100316,26.97,27.35,26.45,27.03,26.98,0.05,0.19,6030.19,16227.57,1622.757,16.22757,0.1622757
600750.SH,600750,江中药业,20100317,27.27,28.2,26.82,27.95,27.03,0.92,3.4,7436.28,20419.483,2041.9483,20.419483,0.20419483
600750.SH,600750,江中药业,20100318,27.8,28.1,27.2,27.26,27.95,-0.69,-2.47,8089.0,22229.348,2222.9348,22.229348,0.22229348
600750.SH,600750,江中药业,20100319,27.76,27.78,26.89,26.91,27.26,-0.35,-1.28,8369.62,22594.745,2259.4745,22.594745,0.22594745
600750.SH,600750,江中药业,20100322,26.95,28.55,26.38,27.14,26.91,0.23,0.85,13458.39,36226.55,3622.655,36.22655,0.3622655
600750.SH,600750,江中药业,20100323,27.15,27.58,26.7,27.32,27.14,0.18,0.66,10816.28,29561.904,2956.1904,29.561904,0.29561904
600750.SH,600750,江中药业,20100324,27.15,27.95,27.0,27.68,27.32,0.36,1.32,12710.19,34866.964,3486.6964,34.866964,0.3486696399999999
600750.SH,600750,江中药业,20100325,27.73,28.88,27.51,28.17,27.68,0.49,1.77,18014.92,51120.413,5112.0413,51.120413,0.51120413
600750.SH,600750,江中药业,20100326,28.28,28.88,27.51,28.17,28.17,0.0,0.0,6286.21,17550.083,1755.0083,17.550083,0.17550083
600750.SH,600750,江中药业,20100329,27.95,28.37,27.72,27.76,28.17,-0.41,-1.46,13929.92,38929.131,3892.9131,38.929131000000005,0.38929131
600750.SH,600750,江中药业,20100330,27.76,27.95,26.98,27.38,27.76,-0.38,-1.37,20694.71,56229.142,5622.9142,56.229142,0.56229142
600750.SH,600750,江中药业,20100331,27.38,27.38,26.5,27.08,27.38,-0.3,-1.1,22200.36,59593.29,5959.329,59.59329,0.5959329
600750.SH,600750,江中药业,20100401,27.02,27.45,26.68,27.41,27.08,0.33,1.22,22501.89,61085.82,6108.582,61.085820000000005,0.6108582
600750.SH,600750,江中药业,20100402,27.47,28.41,27.47,28.25,27.41,0.84,3.06,30473.97,85631.784,8563.1784,85.63178400000001,0.8563178400000001
600750.SH,600750,江中药业,20100406,28.25,28.38,27.8,27.89,28.25,-0.36,-1.27,12723.85,35810.835,3581.0835,35.810835,0.3581083499999999
600750.SH,600750,江中药业,20100407,27.9,28.1,27.36,27.69,27.89,-0.2,-0.72,11654.98,32296.172,3229.6172,32.296172,0.32296172
600750.SH,600750,江中药业,20100408,27.69,28.5,27.69,28.49,27.69,0.8,2.89,26230.18,74042.258,7404.2258,74.042258,0.74042258
600750.SH,600750,江中药业,20100409,28.5,29.49,28.5,29.32,28.49,0.83,2.91,28059.4,81521.178,8152.1178,81.521178,0.81521178
600750.SH,600750,江中药业,20100412,29.33,30.93,29.12,30.68,29.32,1.36,4.64,49983.47,150566.584,15056.6584,150.566584,1.50566584
600750.SH,600750,江中药业,20100413,30.71,31.37,28.89,29.99,30.68,-0.69,-2.25,40998.11,123802.85,12380.285,123.80285,1.2380285
600750.SH,600750,江中药业,20100414,29.96,30.3,29.51,30.12,29.99,0.13,0.43,8778.55,26308.263,2630.8263,26.308263,0.26308263
600750.SH,600750,江中药业,20100415,30.35,30.5,29.8,30.12,30.12,0.0,0.0,9998.05,30224.267,3022.4267,30.224267,0.30224267
600750.SH,600750,江中药业,20100416,30.28,30.98,29.08,30.7,30.12,0.58,1.93,12719.69,38614.712,3861.4712,38.614712,0.3861471199999999
600750.SH,600750,江中药业,20100419,30.37,32.4,30.15,32.25,30.7,1.55,5.05,38544.28,123001.481,12300.1481,123.001481,1.23001481
600750.SH,600750,江中药业,20100420,32.0,34.36,31.51,32.95,32.25,0.7,2.17,32993.73,109402.671,10940.2671,109.402671,1.09402671
600750.SH,600750,江中药业,20100422,33.15,34.47,32.6,33.75,32.95,0.8,2.43,23336.3,78611.851,7861.1851,78.611851,0.78611851
600750.SH,600750,江中药业,20100423,33.9,34.4,33.15,33.88,33.75,0.13,0.39,8565.02,28781.73,2878.173,28.78173,0.2878172999999999
600750.SH,600750,江中药业,20100426,33.9,34.25,33.06,33.44,33.88,-0.44,-1.3,14491.0,48820.585,4882.0585,48.820585,0.48820585
600750.SH,600750,江中药业,20100427,33.43,33.43,31.61,32.51,33.44,-0.93,-2.78,10182.41,32756.272,3275.6272,32.756272,0.32756272
600750.SH,600750,江中药业,20100428,32.28,33.2,31.8,32.98,32.51,0.47,1.45,5332.02,17415.027,1741.5026999999998,17.415027,0.17415027
600750.SH,600750,江中药业,20100429,32.51,33.99,31.8,32.0,32.98,-0.98,-2.97,6117.85,20179.789,2017.9789,20.179789,0.20179789
600750.SH,600750,江中药业,20100430,32.0,32.7,30.7,31.54,32.0,-0.46,-1.44,14037.02,43958.24,4395.824,43.95824,0.4395824
600750.SH,600750,江中药业,20100504,29.8,33.7,29.8,33.49,31.54,1.95,6.18,15490.03,51116.879,5111.6879,51.116879,0.5111687899999999
600750.SH,600750,江中药业,20100505,33.1,36.7,33.1,36.52,33.49,3.03,9.05,39111.03,139963.072,13996.3072,139.96307199999998,1.3996307199999998
600750.SH,600750,江中药业,20100506,36.0,37.91,35.13,37.15,36.52,0.63,1.73,21075.22,77225.677,7722.5677,77.22567699999999,0.7722567699999999
600750.SH,600750,江中药业,20100507,37.19,38.5,35.24,35.76,37.15,-1.39,-3.74,13153.91,48429.117,4842.9117,48.429117,0.48429117
600750.SH,600750,江中药业,20100510,35.55,35.55,33.34,34.11,35.76,-1.65,-4.61,13093.34,44797.099,4479.7099,44.797099,0.4479709899999999
600750.SH,600750,江中药业,20100511,34.32,34.43,31.6,32.09,33.81,-1.72,-5.09,18791.02,61555.602,6155.5602,61.555602,0.61555602
600750.SH,600750,江中药业,20100512,31.9,31.9,31.02,31.7,32.09,-0.39,-1.22,15321.13,48138.245,4813.824500000001,48.138245000000005,0.4813824500000001
600750.SH,600750,江中药业,20100514,32.85,34.87,32.85,34.87,31.7,3.17,10.0,17844.74,61035.67,6103.567,61.03567,0.6103567000000001
600750.SH,600750,江中药业,20100517,35.0,36.2,34.53,34.78,34.87,-0.09,-0.26,18714.67,65911.037,6591.1037,65.911037,0.65911037
600750.SH,600750,江中药业,20100518,34.4,36.0,33.8,35.9,34.78,1.12,3.22,21098.36,73478.217,7347.8217,73.478217,0.73478217
600750.SH,600750,江中药业,20100519,35.77,36.69,34.58,35.97,35.9,0.07,0.2,15839.11,56256.498,5625.6498,56.256498,0.56256498
600750.SH,600750,江中药业,20100520,35.25,35.97,33.76,33.81,35.97,-2.16,-6.01,10356.27,36121.198,3612.1198,36.12119799999999,0.3612119799999999
600750.SH,600750,江中药业,20100521,32.17,35.4,32.17,35.24,33.81,1.43,4.23,14635.41,49771.648,4977.1648000000005,49.771648000000006,0.49771648
600750.SH,600750,江中药业,20100524,35.24,36.84,35.0,36.79,35.24,1.55,4.4,17051.54,61626.309,6162.6309,61.626309,0.61626309
600750.SH,600750,江中药业,20100525,36.77,38.0,36.31,36.72,36.79,-0.07,-0.19,16025.96,59789.843,5978.9843,59.789843,0.59789843
600750.SH,600750,江中药业,20100526,36.5,37.22,35.85,36.51,36.72,-0.21,-0.57,5976.29,21705.814,2170.5814,21.705814,0.21705814
600750.SH,600750,江中药业,20100527,36.51,37.2,35.6,36.94,36.51,0.43,1.18,9175.72,33377.424,3337.7424,33.377424,0.33377424
600750.SH,600750,江中药业,20100528,37.21,38.0,36.81,37.69,36.94,0.75,2.03,16117.15,60553.563,6055.3563,60.553563,0.60553563
600750.SH,600750,江中药业,20100531,37.5,38.18,37.0,37.99,37.69,0.3,0.8,11785.33,44585.825,4458.5825,44.58582499999999,0.4458582499999999
600750.SH,600750,江中药业,20100601,37.83,37.83,35.5,36.65,37.99,-1.34,-3.53,9093.36,33308.436,3330.8436,33.308436,0.33308436
600750.SH,600750,江中药业,20100602,36.65,36.65,35.55,36.01,36.65,-0.64,-1.75,5133.11,18462.3,1846.23,18.4623,0.1846229999999999
600750.SH,600750,江中药业,20100603,36.4,36.49,35.24,35.27,36.01,-0.74,-2.06,9658.23,34478.621,3447.8621,34.478621,0.34478621
600750.SH,600750,江中药业,20100604,35.0,35.3,34.36,34.78,35.27,-0.49,-1.39,12956.44,45013.229,4501.3229,45.013229,0.45013229
600750.SH,600750,江中药业,20100607,34.57,36.2,34.28,35.59,34.78,0.81,2.33,12284.97,43633.273,4363.3273,43.633273,0.43633273
600750.SH,600750,江中药业,20100608,35.6,36.23,34.88,36.05,35.59,0.46,1.29,10139.18,36315.315,3631.5315,36.315315,0.36315315
600750.SH,600750,江中药业,20100609,36.07,36.3,35.6,36.26,36.05,0.21,0.58,9811.99,35242.333,3524.2333,35.242333,0.35242333
600750.SH,600750,江中药业,20100610,36.15,36.47,35.78,35.87,36.26,-0.39,-1.08,5600.62,20215.023,2021.5023,20.215023,0.20215023
600750.SH,600750,江中药业,20100611,35.8,36.16,35.0,35.02,35.87,-0.85,-2.37,8061.39,28525.627,2852.5627,28.525627,0.28525627
600750.SH,600750,江中药业,20100617,35.02,35.5,31.7,32.58,35.02,-2.44,-6.97,42573.46,138304.356,13830.4356,138.304356,1.3830435600000002
600750.SH,600750,江中药业,20100618,31.85,31.85,30.0,31.25,32.58,-1.33,-4.08,33545.44,104718.171,10471.8171,104.718171,1.04718171
600750.SH,600750,江中药业,20100621,30.97,32.8,30.9,32.29,31.25,1.04,3.33,18375.64,59282.676,5928.2676,59.282676,0.59282676
600750.SH,600750,江中药业,20100622,32.39,32.53,31.81,32.01,32.29,-0.28,-0.87,6811.58,21962.015,2196.2015,21.962015,0.21962015
600750.SH,600750,江中药业,20100623,31.9,32.24,31.21,31.81,32.01,-0.2,-0.62,5716.96,18154.524,1815.4524,18.154524,0.18154524
600750.SH,600750,江中药业,20100624,32.1,32.1,30.72,31.15,31.81,-0.66,-2.07,5957.09,18577.679,1857.7679,18.577679,0.18577679
600750.SH,600750,江中药业,20100625,31.2,31.2,29.2,29.59,31.15,-1.56,-5.01,8552.58,25553.653,2555.3653,25.553653,0.25553653
600750.SH,600750,江中药业,20100628,29.59,30.14,29.52,29.99,29.59,0.4,1.35,13186.16,39469.901,3946.9901,39.469901,0.39469901
600750.SH,600750,江中药业,20100629,30.0,31.8,28.52,31.18,29.99,1.19,3.97,11593.41,34260.484,3426.0484,34.260484,0.3426048399999999
600750.SH,600750,江中药业,20100630,30.95,31.97,30.4,30.85,31.18,-0.33,-1.06,14795.5,46275.95,4627.594999999999,46.27595,0.4627594999999999
600750.SH,600750,江中药业,20100701,30.61,31.26,29.0,29.3,30.85,-1.55,-5.02,26882.06,79517.494,7951.749400000001,79.517494,0.79517494
600750.SH,600750,江中药业,20100702,29.01,29.01,27.5,28.03,29.3,-1.27,-4.33,19342.91,54164.124,5416.4124,54.164124,0.54164124
600750.SH,600750,江中药业,20100705,27.3,28.69,26.0,28.11,28.03,0.08,0.29,17334.41,48453.438,4845.343800000001,48.453438000000006,0.48453438
600750.SH,600750,江中药业,20100706,27.65,28.8,27.32,28.48,28.11,0.37,1.32,12884.36,36555.273,3655.5273,36.555273,0.36555273
600750.SH,600750,江中药业,20100707,28.48,29.1,27.66,28.94,28.48,0.46,1.62,14071.16,40336.918,4033.6918,40.336918,0.40336918
600750.SH,600750,江中药业,20100708,28.94,29.73,28.6,29.56,28.94,0.62,2.14,16805.75,49195.798,4919.5798,49.195798,0.49195798
600750.SH,600750,江中药业,20100709,29.87,30.55,29.3,30.5,29.56,0.94,3.18,20012.87,60218.151,6021.8151,60.218151,0.60218151
600750.SH,600750,江中药业,20100712,30.51,31.35,30.3,30.36,30.5,-0.14,-0.46,11985.12,36762.686,3676.2686,36.762686,0.36762686
600750.SH,600750,江中药业,20100713,30.01,30.35,29.2,30.01,30.36,-0.35,-1.15,10611.26,31503.673,3150.3673,31.503673,0.31503673
600750.SH,600750,江中药业,20100714,29.9,30.45,29.85,30.28,30.01,0.27,0.9,7637.83,23031.603,2303.1603,23.031603,0.23031603
600750.SH,600750,江中药业,20100715,30.28,30.48,29.75,29.79,30.28,-0.49,-1.62,5100.86,15406.891,1540.6891,15.406891,0.15406891
600750.SH,600750,江中药业,20100716,29.7,30.08,28.52,29.65,29.79,-0.14,-0.47,7386.75,21581.909,2158.1909,21.581909,0.21581909
600750.SH,600750,江中药业,20100719,29.54,29.93,29.01,29.4,29.65,-0.25,-0.84,10749.76,31751.57,3175.157,31.75157,0.3175157
600750.SH,600750,江中药业,20100720,29.4,31.0,29.3,30.46,29.4,1.06,3.61,12334.67,37385.676,3738.5676,37.385676,0.3738567599999999
600750.SH,600750,江中药业,20100721,30.4,31.15,30.16,31.1,30.46,0.64,2.1,14719.46,45145.579,4514.5579,45.145579,0.4514557899999999
600750.SH,600750,江中药业,20100722,31.05,31.38,30.45,30.99,31.1,-0.11,-0.35,10658.91,32912.513,3291.2513,32.912513,0.32912513
600750.SH,600750,江中药业,20100723,31.1,31.19,30.58,31.07,30.99,0.08,0.26,12360.68,38224.011,3822.4011,38.224011,0.3822401099999999
600750.SH,600750,江中药业,20100726,31.07,32.7,31.01,32.67,31.07,1.6,5.15,13484.06,43302.318,4330.2318,43.30231799999999,0.4330231799999999
600750.SH,600750,江中药业,20100727,32.78,33.5,32.05,33.09,32.67,0.42,1.29,11979.97,39369.849,3936.9849,39.369849,0.39369849
600750.SH,600750,江中药业,20100728,33.0,33.45,32.71,33.2,33.09,0.11,0.33,8900.34,29422.57,2942.257,29.42257,0.2942257
600750.SH,600750,江中药业,20100729,33.4,33.49,32.55,32.72,33.2,-0.48,-1.45,11650.34,38322.526,3832.2526,38.322526,0.3832252599999999
600750.SH,600750,江中药业,20100730,32.72,32.72,32.0,32.25,32.72,-0.47,-1.44,6262.4,20180.615,2018.0615000000005,20.180615000000003,0.20180615
600750.SH,600750,江中药业,20100802,32.48,32.95,32.26,32.68,32.25,0.43,1.33,7717.3,25140.363,2514.0363,25.140363,0.25140363
600750.SH,600750,江中药业,20100803,32.68,32.99,32.31,32.39,32.68,-0.29,-0.89,7154.53,23394.538,2339.4538,23.394538,0.23394538
600750.SH,600750,江中药业,20100804,32.39,32.48,31.52,32.3,32.39,-0.09,-0.28,6907.85,22087.166,2208.7166,22.087166000000003,0.22087166
600750.SH,600750,江中药业,20100805,32.35,33.0,32.3,32.73,32.3,0.43,1.33,7642.62,24993.794,2499.3794000000003,24.993794,0.24993794
600750.SH,600750,江中药业,20100806,32.75,34.08,32.73,33.96,32.73,1.23,3.76,10789.73,36199.121,3619.9121,36.199121,0.36199121
600750.SH,600750,江中药业,20100809,34.09,34.48,33.55,33.6,33.96,-0.36,-1.06,9251.34,31301.419,3130.1419,31.301419,0.3130141899999999
600750.SH,600750,江中药业,20100810,33.63,34.0,32.9,33.21,33.6,-0.39,-1.16,9703.83,32477.064,3247.7064,32.477064,0.32477064
600750.SH,600750,江中药业,20100811,33.02,33.5,32.23,33.31,33.21,0.1,0.3,6179.11,20356.087,2035.6087,20.356087,0.2035608699999999
600750.SH,600750,江中药业,20100812,32.7,33.3,32.4,32.69,33.31,-0.62,-1.86,12812.03,41970.645,4197.0645,41.970645,0.4197064499999999
600750.SH,600750,江中药业,20100813,32.63,32.9,31.9,32.46,32.69,-0.23,-0.7,17819.52,57372.057,5737.2057,57.372057000000005,0.5737205700000001
600750.SH,600750,江中药业,20100816,32.75,34.47,32.46,34.34,32.46,1.88,5.79,32982.15,111751.201,11175.1201,111.751201,1.11751201
600750.SH,600750,江中药业,20100817,34.2,34.3,33.66,33.8,34.34,-0.54,-1.57,9623.69,32598.208,3259.8208,32.598208,0.32598208
600750.SH,600750,江中药业,20100818,33.82,34.05,33.42,33.57,33.8,-0.23,-0.68,10151.4,34126.033,3412.6033,34.126033,0.34126033
600750.SH,600750,江中药业,20100819,33.69,35.55,33.69,35.25,33.57,1.68,5.0,32717.47,114248.769,11424.8769,114.248769,1.14248769
600750.SH,600750,江中药业,20100820,34.58,35.25,34.25,34.82,35.25,-0.43,-1.22,26166.91,91261.637,9126.1637,91.261637,0.91261637
600750.SH,600750,江中药业,20100823,34.8,35.24,34.49,35.1,34.82,0.28,0.8,8782.31,30792.783,3079.2783,30.792783,0.30792783
600750.SH,600750,江中药业,20100824,34.87,35.23,33.98,34.97,35.1,-0.13,-0.37,5534.23,19284.847,1928.4847,19.284847000000003,0.19284847
600750.SH,600750,江中药业,20100825,34.6,34.65,33.7,34.44,34.97,-0.53,-1.52,5714.04,19520.753,1952.0753,19.520753,0.19520753
600750.SH,600750,江中药业,20100826,34.44,34.7,33.8,34.01,34.44,-0.43,-1.25,3690.29,12580.783,1258.0783,12.580782999999998,0.1258078299999999
600750.SH,600750,江中药业,20100827,34.01,34.29,33.15,33.79,34.01,-0.22,-0.65,15247.09,51361.078,5136.1078,51.361078,0.51361078
600750.SH,600750,江中药业,20100830,33.85,36.09,33.85,36.01,33.79,2.22,6.57,44610.95,155351.368,15535.136799999998,155.35136799999998,1.5535136799999998
600750.SH,600750,江中药业,20100831,35.6,37.54,35.33,37.4,36.01,1.39,3.86,30606.84,111878.88,11187.888,111.87888,1.1187888
600750.SH,600750,江中药业,20100901,37.02,39.46,36.8,39.41,37.4,2.01,5.37,38230.18,147837.121,14783.7121,147.837121,1.47837121
600750.SH,600750,江中药业,20100902,39.41,39.7,38.3,38.44,39.41,-0.97,-2.46,18842.47,73375.213,7337.5213,73.375213,0.7337521300000001
600750.SH,600750,江中药业,20100903,38.68,38.85,37.62,38.5,38.44,0.06,0.16,14314.06,54741.932,5474.1932,54.741932,0.5474193199999999
600750.SH,600750,江中药业,20100906,38.92,38.92,37.0,37.5,38.5,-1.0,-2.6,13119.32,49229.274,4922.9274,49.229274,0.4922927399999999
600750.SH,600750,江中药业,20100907,37.39,37.93,36.8,37.35,37.5,-0.15,-0.4,6647.91,24711.828,2471.1828,24.711828,0.24711828
600750.SH,600750,江中药业,20100908,37.6,38.2,37.3,37.77,37.35,0.42,1.12,7701.37,29118.634,2911.8634,29.118634,0.29118634
600750.SH,600750,江中药业,20100909,37.85,38.96,37.35,37.43,37.77,-0.34,-0.9,13733.59,52684.445,5268.4445,52.684445,0.52684445
600750.SH,600750,江中药业,20100910,37.06,39.0,36.65,38.42,37.43,0.99,2.64,15489.67,58534.424,5853.4424,58.534424,0.58534424
600750.SH,600750,江中药业,20100913,38.5,38.82,37.83,38.35,38.42,-0.07,-0.18,16380.55,62798.573,6279.8573,62.798573,0.62798573
600750.SH,600750,江中药业,20100914,38.35,38.58,37.38,38.34,38.35,-0.01,-0.03,22552.79,85118.879,8511.8879,85.11887899999999,0.8511887899999999
600750.SH,600750,江中药业,20100927,41.9,41.9,39.09,40.39,38.34,2.05,5.35,38926.29,157883.367,15788.3367,157.883367,1.57883367
600750.SH,600750,江中药业,20100928,40.2,42.17,39.27,42.08,40.39,1.69,4.18,18547.91,76539.065,7653.9065,76.539065,0.76539065
600750.SH,600750,江中药业,20100929,41.99,42.6,41.0,41.01,42.08,-1.07,-2.54,10378.43,43193.52,4319.352,43.19352,0.4319352
600750.SH,600750,江中药业,20100930,40.6,42.16,40.6,41.29,41.01,0.28,0.68,14978.58,61731.752,6173.1752,61.731752,0.61731752
600750.SH,600750,江中药业,20101008,41.9,41.99,40.06,41.26,41.29,-0.03,-0.07,25364.32,103956.543,10395.6543,103.956543,1.03956543
600750.SH,600750,江中药业,20101011,41.2,41.2,38.41,39.0,41.26,-2.26,-5.48,32774.45,127948.558,12794.8558,127.948558,1.27948558
600750.SH,600750,江中药业,20101012,38.15,39.0,37.26,37.3,39.0,-1.7,-4.36,21437.94,80918.162,8091.816199999999,80.918162,0.8091816199999999
600750.SH,600750,江中药业,20101013,37.27,37.81,37.0,37.34,37.3,0.04,0.11,16488.66,61530.372,6153.037200000001,61.53037200000001,0.6153037200000001
600750.SH,600750,江中药业,20101014,37.3,37.5,33.61,35.27,37.34,-2.07,-5.54,25203.36,89920.049,8992.0049,89.920049,0.89920049
600750.SH,600750,江中药业,20101015,35.0,37.3,34.79,35.24,35.27,-0.03,-0.09,26923.9,96431.032,9643.1032,96.43103200000002,0.9643103200000002
600750.SH,600750,江中药业,20101018,35.01,36.25,32.6,36.19,35.24,0.95,2.7,55337.43,186698.637,18669.8637,186.698637,1.86698637
600750.SH,600750,江中药业,20101019,36.0,37.53,35.03,36.99,36.19,0.8,2.21,25939.89,94281.44,9428.144,94.28144,0.9428144
600750.SH,600750,江中药业,20101020,36.1,37.9,35.9,36.93,36.99,-0.06,-0.16,27512.46,102762.062,10276.2062,102.762062,1.02762062
600750.SH,600750,江中药业,20101021,37.0,37.38,36.46,36.98,36.93,0.05,0.14,9757.98,36006.449,3600.6449,36.006449,0.36006449
600750.SH,600750,江中药业,20101022,37.0,37.25,36.5,36.98,36.98,0.0,0.0,8110.83,29890.567,2989.0567,29.890567,0.29890567
600750.SH,600750,江中药业,20101025,36.9,37.53,36.02,36.6,36.98,-0.38,-1.03,43028.04,156777.426,15677.7426,156.77742600000002,1.5677742600000002
600750.SH,600750,江中药业,20101026,36.75,36.78,35.3,36.11,36.6,-0.49,-1.34,37905.9,135889.04,13588.904,135.88904,1.3588904
600750.SH,600750,江中药业,20101027,36.41,37.6,36.2,36.25,36.11,0.14,0.39,39383.26,145421.327,14542.132699999998,145.421327,1.45421327
600750.SH,600750,江中药业,20101028,36.1,36.1,35.6,35.73,36.25,-0.52,-1.43,9828.01,35197.198,3519.7198,35.197198,0.35197198
600750.SH,600750,江中药业,20101029,35.73,36.18,35.48,35.95,35.73,0.22,0.62,15869.83,56745.413,5674.5413,56.745413,0.56745413
600750.SH,600750,江中药业,20101101,36.05,36.35,35.49,36.24,35.95,0.29,0.81,31467.29,112772.265,11277.2265,112.772265,1.12772265
600750.SH,600750,江中药业,20101102,36.27,36.96,35.58,35.98,36.24,-0.26,-0.72,25203.84,91789.891,9178.9891,91.789891,0.91789891
600750.SH,600750,江中药业,20101103,36.01,36.3,34.98,35.13,35.98,-0.85,-2.36,28803.58,102213.835,10221.3835,102.213835,1.02213835
600750.SH,600750,江中药业,20101104,35.69,38.6,35.39,38.27,35.13,3.14,8.94,60265.11,221396.361,22139.6361,221.396361,2.21396361
600750.SH,600750,江中药业,20101105,38.5,40.35,38.5,39.42,38.27,1.15,3.01,65245.9,256933.517,25693.3517,256.933517,2.56933517
600750.SH,600750,江中药业,20101108,39.42,39.94,38.76,39.58,39.42,0.16,0.41,36339.22,143040.587,14304.0587,143.040587,1.43040587
600750.SH,600750,江中药业,20101109,39.9,41.96,39.9,41.08,39.58,1.5,3.79,52033.44,213439.625,21343.9625,213.439625,2.13439625
600750.SH,600750,江中药业,20101110,41.07,43.73,40.75,41.21,41.08,0.13,0.32,52777.13,221821.188,22182.1188,221.821188,2.21821188
600750.SH,600750,江中药业,20101111,41.0,41.0,39.77,39.82,41.21,-1.39,-3.37,29496.35,118671.812,11867.1812,118.671812,1.18671812
600750.SH,600750,江中药业,20101112,39.8,39.9,37.7,37.79,39.82,-2.03,-5.1,27708.98,106762.695,10676.2695,106.762695,1.0676269500000002
600750.SH,600750,江中药业,20101115,37.92,39.65,37.92,39.56,37.79,1.77,4.68,20160.01,78827.149,7882.714900000001,78.827149,0.7882714900000001
600750.SH,600750,江中药业,20101116,39.53,40.5,36.8,38.64,39.56,-0.92,-2.33,23509.29,91083.867,9108.3867,91.083867,0.91083867
600750.SH,600750,江中药业,20101117,37.82,38.38,37.1,37.21,38.64,-1.43,-3.7,21678.83,81714.898,8171.4898,81.714898,0.81714898
600750.SH,600750,江中药业,20101118,37.1,37.95,36.2,37.21,37.21,0.0,0.0,15057.71,55480.692,5548.0692,55.480692,0.55480692
600750.SH,600750,江中药业,20101119,37.33,38.97,37.0,38.61,37.21,1.4,3.76,13463.53,51133.276,5113.3276,51.133276,0.5113327599999999
600750.SH,600750,江中药业,20101122,38.62,40.73,38.61,40.55,38.61,1.94,5.02,35872.09,143387.829,14338.7829,143.387829,1.43387829
600750.SH,600750,江中药业,20101123,40.45,40.8,38.82,39.97,40.55,-0.58,-1.43,13217.77,52644.278,5264.4278,52.64427799999999,0.5264427799999999
600750.SH,600750,江中药业,20101124,39.35,41.28,39.35,41.0,39.97,1.03,2.58,17407.09,70262.093,7026.2093,70.262093,0.7026209299999999
600750.SH,600750,江中药业,20101125,41.2,41.35,39.9,40.2,41.0,-0.8,-1.95,13339.45,54074.963,5407.496300000001,54.074963,0.5407496300000001
600750.SH,600750,江中药业,20101126,40.22,40.68,39.4,39.77,40.2,-0.43,-1.07,8233.78,32715.744,3271.5744,32.715744,0.32715744
600750.SH,600750,江中药业,20101129,39.71,41.9,39.71,41.37,39.77,1.6,4.02,24570.77,101563.295,10156.3295,101.563295,1.01563295
600750.SH,600750,江中药业,20101130,41.99,43.0,38.99,40.26,41.37,-1.11,-2.68,19375.49,77966.912,7796.691199999999,77.966912,0.7796691199999999
600750.SH,600750,江中药业,20101201,40.26,40.68,39.41,40.41,40.26,0.15,0.37,9184.59,36725.305,3672.5305,36.725305,0.3672530499999999
600750.SH,600750,江中药业,20101202,40.41,41.49,39.99,40.0,40.41,-0.41,-1.01,14380.5,58057.783,5805.7783,58.057783,0.58057783
600750.SH,600750,江中药业,20101203,39.58,39.94,38.13,38.81,40.0,-1.19,-2.98,17460.33,67892.73,6789.272999999999,67.89272999999999,0.6789272999999999
600750.SH,600750,江中药业,20101206,38.75,39.13,37.32,37.42,38.81,-1.39,-3.58,16586.08,62800.167,6280.0167,62.800167,0.6280016700000001
600750.SH,600750,江中药业,20101207,37.49,38.95,37.02,38.83,37.42,1.41,3.77,8896.18,33907.371,3390.7371,33.907371,0.33907371
600750.SH,600750,江中药业,20101208,38.83,39.2,38.4,38.5,38.83,-0.33,-0.85,6321.38,24485.351,2448.5351,24.485351,0.24485351
600750.SH,600750,江中药业,20101209,38.5,38.78,38.1,38.1,38.5,-0.4,-1.04,5429.08,20860.939,2086.0939,20.860939,0.2086093899999999
600750.SH,600750,江中药业,20101210,37.6,40.33,37.6,40.23,38.1,2.13,5.59,17517.3,69231.88,6923.188,69.23188,0.6923188
600750.SH,600750,江中药业,20101213,40.24,40.48,39.0,40.0,40.23,-0.23,-0.57,17066.4,68149.82,6814.982000000001,68.14982,0.6814982
600750.SH,600750,江中药业,20101214,40.0,40.29,39.28,39.68,40.0,-0.32,-0.8,21985.43,87273.089,8727.3089,87.273089,0.87273089
600750.SH,600750,江中药业,20101215,39.71,39.87,38.42,38.95,39.68,-0.73,-1.84,23690.79,91774.94,9177.494,91.77494,0.9177494
600750.SH,600750,江中药业,20101217,38.6,39.13,38.35,38.7,38.95,-0.25,-0.64,8644.89,33379.858,3337.9858,33.379858,0.33379858
600750.SH,600750,江中药业,20101220,38.72,39.2,37.5,37.95,38.7,-0.75,-1.94,12357.62,47165.802,4716.5802,47.165802000000006,0.47165802
600750.SH,600750,江中药业,20101221,38.05,38.59,37.84,37.94,37.95,-0.01,-0.03,11633.64,44313.587,4431.3587,44.313587,0.44313587
600750.SH,600750,江中药业,20101222,37.95,38.0,36.9,36.99,37.94,-0.95,-2.5,17942.52,66908.921,6690.8921,66.908921,0.6690892100000001
600750.SH,600750,江中药业,20101223,36.99,37.0,36.2,36.59,36.99,-0.4,-1.08,17468.74,63950.03,6395.003,63.95003,0.6395003
600750.SH,600750,江中药业,20101224,36.6,36.6,34.8,35.8,36.59,-0.79,-2.16,28511.97,101380.834,10138.0834,101.380834,1.01380834
600750.SH,600750,江中药业,20101227,35.69,36.18,34.95,35.33,35.8,-0.47,-1.31,12403.83,44051.362,4405.1362,44.051362,0.44051362
600750.SH,600750,江中药业,20101228,35.05,35.7,33.5,35.19,35.33,-0.14,-0.4,24822.01,85067.899,8506.7899,85.067899,0.85067899
600750.SH,600750,江中药业,20101229,34.99,35.95,34.65,35.58,35.19,0.39,1.11,16087.45,57041.631,5704.1631,57.041631,0.5704163099999999
600750.SH,600750,江中药业,20101230,35.56,35.84,35.09,35.5,35.58,-0.08,-0.22,15655.99,55624.885,5562.4885,55.624885000000006,0.55624885
600750.SH,600750,江中药业,20101231,36.05,36.78,35.9,36.03,35.5,0.53,1.49,25292.27,92213.252,9221.3252,92.213252,0.92213252
600750.SH,600750,江中药业,20110104,36.5,37.85,36.06,37.37,36.03,1.34,3.72,27791.97,103547.754,10354.7754,103.547754,1.03547754
600750.SH,600750,江中药业,20110105,37.3,38.16,36.71,38.04,37.37,0.67,1.79,21238.07,80066.203,8006.6203,80.066203,0.80066203
600750.SH,600750,江中药业,20110106,37.8,38.15,37.23,37.43,38.04,-0.61,-1.6,8813.35,33063.725,3306.3725,33.063725,0.33063725
600750.SH,600750,江中药业,20110107,37.45,37.45,36.29,36.55,37.43,-0.88,-2.35,10337.44,37911.478,3791.1478,37.911478,0.37911478
600750.SH,600750,江中药业,20110110,36.88,36.88,33.91,34.51,36.55,-2.04,-5.58,18095.26,63601.257,6360.1257,63.601257,0.63601257
600750.SH,600750,江中药业,20110111,34.48,35.3,33.66,34.65,34.51,0.14,0.41,17179.07,59197.838,5919.7838,59.197838,0.59197838
600750.SH,600750,江中药业,20110112,34.5,35.35,34.46,34.92,34.65,0.27,0.78,4232.76,14770.032,1477.0032,14.770032,0.14770032
600750.SH,600750,江中药业,20110113,35.1,35.34,34.61,34.95,34.92,0.03,0.09,5292.79,18535.892,1853.5892,18.535892,0.18535892
600750.SH,600750,江中药业,20110114,34.98,35.12,33.51,33.68,34.95,-1.27,-3.63,19077.64,65676.18,6567.618,65.67617999999999,0.6567617999999998
600750.SH,600750,江中药业,20110117,33.68,34.0,32.5,32.73,33.68,-0.95,-2.82,10546.02,34775.279,3477.5279,34.775279,0.34775279
600750.SH,600750,江中药业,20110118,32.22,33.39,32.2,32.56,32.73,-0.17,-0.52,13396.66,43826.433,4382.6433,43.826433,0.4382643299999999
600750.SH,600750,江中药业,20110119,32.87,34.11,32.62,33.6,32.56,1.04,3.19,6409.74,21555.633,2155.5633000000003,21.555633000000004,0.21555633
600750.SH,600750,江中药业,20110120,33.6,33.95,32.58,32.97,33.6,-0.63,-1.88,6804.85,22503.834,2250.3834,22.503834,0.2250383399999999
600750.SH,600750,江中药业,20110121,32.5,33.23,32.4,32.51,32.97,-0.46,-1.4,6122.87,20057.054,2005.7054,20.057054,0.20057054
600750.SH,600750,江中药业,20110124,32.6,32.6,30.65,31.33,32.51,-1.18,-3.63,11357.92,35432.562,3543.2562,35.432562,0.3543256199999999
600750.SH,600750,江中药业,20110125,31.36,31.36,29.9,30.73,31.33,-0.6,-1.92,17676.1,53709.577,5370.9577,53.709577,0.53709577
600750.SH,600750,江中药业,20110126,30.41,30.74,29.5,29.92,30.73,-0.81,-2.64,24046.86,71937.744,7193.7744,71.93774400000001,0.7193774400000001
600750.SH,600750,江中药业,20110127,30.0,30.59,29.05,30.37,29.92,0.45,1.5,32296.91,96490.48,9649.048,96.49048,0.9649048
600750.SH,600750,江中药业,20110128,30.19,30.6,29.95,30.37,30.37,0.0,0.0,22970.15,69441.786,6944.178599999999,69.441786,0.6944178599999999
600750.SH,600750,江中药业,20110131,30.5,30.97,30.0,30.75,30.37,0.38,1.25,14821.1,45201.092,4520.1092,45.201092,0.45201092
600750.SH,600750,江中药业,20110201,30.7,30.93,30.33,30.72,30.75,-0.03,-0.1,12514.69,38238.982,3823.898200000001,38.23898200000001,0.38238982
600750.SH,600750,江中药业,20110209,30.51,31.27,30.26,30.81,30.72,0.09,0.29,11925.58,36899.147,3689.9147,36.899147,0.36899147
600750.SH,600750,江中药业,20110210,30.81,32.39,30.41,32.29,30.81,1.48,4.8,20580.4,64720.293,6472.0293,64.720293,0.64720293
600750.SH,600750,江中药业,20110211,32.31,32.44,31.78,31.92,32.29,-0.37,-1.15,17277.77,55163.939,5516.3939,55.163939,0.55163939
600750.SH,600750,江中药业,20110214,32.08,32.46,31.82,32.31,31.92,0.39,1.22,14769.99,47577.333,4757.7333,47.577333,0.4757733299999999
600750.SH,600750,江中药业,20110215,32.38,32.6,32.05,32.2,32.31,-0.11,-0.34,16862.42,54391.188,5439.1188,54.391188,0.54391188
600750.SH,600750,江中药业,20110216,32.21,32.75,31.94,32.15,32.2,-0.05,-0.16,16959.82,54723.346,5472.3346,54.723346,0.54723346
600750.SH,600750,江中药业,20110217,32.21,32.75,32.08,32.73,32.15,0.58,1.8,17090.77,55247.764,5524.776400000001,55.247764,0.55247764
600750.SH,600750,江中药业,20110218,32.8,33.1,32.45,32.84,32.73,0.11,0.34,13867.04,45545.999,4554.5999,45.545999,0.45545999
600750.SH,600750,江中药业,20110221,32.5,32.97,32.0,32.7,32.84,-0.14,-0.43,23838.51,77435.642,7743.564200000001,77.435642,0.77435642
600750.SH,600750,江中药业,20110222,32.5,32.7,31.06,31.17,32.7,-1.53,-4.68,24064.56,76481.563,7648.1563,76.481563,0.76481563
600750.SH,600750,江中药业,20110223,31.17,31.7,30.9,31.68,31.17,0.51,1.64,16546.23,51669.344,5166.9344,51.669344,0.5166934400000001
600750.SH,600750,江中药业,20110224,31.67,31.67,31.14,31.25,31.68,-0.43,-1.36,18176.62,56910.616,5691.0616,56.910616,0.56910616
600750.SH,600750,江中药业,20110225,31.26,31.39,30.96,31.13,31.25,-0.12,-0.38,11444.39,35640.985,3564.0985,35.640985,0.35640985
600750.SH,600750,江中药业,20110228,31.15,31.24,30.6,30.7,31.13,-0.43,-1.38,35461.92,108905.535,10890.5535,108.905535,1.08905535
600750.SH,600750,江中药业,20110301,30.86,31.85,30.8,31.74,30.7,1.04,3.39,42213.47,133087.301,13308.7301,133.087301,1.33087301
600750.SH,600750,江中药业,20110302,31.74,31.86,30.92,31.42,31.74,-0.32,-1.01,35942.12,112776.39,11277.639,112.77639,1.1277639
600750.SH,600750,江中药业,20110303,31.4,31.5,30.6,30.64,31.42,-0.78,-2.48,37881.42,117004.312,11700.4312,117.004312,1.17004312
600750.SH,600750,江中药业,20110304,30.69,31.0,30.12,30.71,30.64,0.07,0.23,16113.76,49161.652,4916.1652,49.161652,0.49161652
600750.SH,600750,江中药业,20110307,30.88,30.88,30.12,30.29,30.71,-0.42,-1.37,52098.57,158189.17,15818.917,158.18917000000002,1.5818917
600750.SH,600750,江中药业,20110308,30.3,30.78,30.29,30.75,30.29,0.46,1.52,25591.39,78110.913,7811.0913,78.110913,0.7811091299999999
600750.SH,600750,江中药业,20110309,30.85,30.96,30.4,30.75,30.75,0.0,0.0,21190.17,64822.088,6482.2088,64.82208800000001,0.6482208800000001
600750.SH,600750,江中药业,20110310,30.75,31.6,30.55,31.27,30.75,0.52,1.69,74451.49,231579.809,23157.9809,231.579809,2.31579809
600750.SH,600750,江中药业,20110311,31.27,32.73,31.2,32.44,31.27,1.17,3.74,88746.85,286539.836,28653.9836,286.539836,2.86539836
600750.SH,600750,江中药业,20110314,32.39,33.25,32.05,33.19,32.44,0.75,2.31,87972.21,288362.228,28836.2228,288.362228,2.88362228
600750.SH,600750,江中药业,20110315,33.49,33.49,31.71,32.62,33.19,-0.57,-1.72,50761.95,164845.436,16484.543599999997,164.84543599999998,1.6484543599999997
600750.SH,600750,江中药业,20110316,32.5,32.8,31.9,32.68,32.62,0.06,0.18,31063.38,100517.802,10051.7802,100.517802,1.0051780199999998
600750.SH,600750,江中药业,20110317,32.38,32.38,31.7,31.75,32.68,-0.93,-2.85,23889.65,76431.859,7643.185899999999,76.43185899999999,0.7643185899999999
600750.SH,600750,江中药业,20110318,31.82,32.2,31.31,31.91,31.75,0.16,0.5,21777.23,69076.542,6907.6542,69.076542,0.6907654200000001
600750.SH,600750,江中药业,20110321,32.0,32.0,31.3,31.32,31.91,-0.59,-1.85,14803.07,46557.273,4655.7273000000005,46.557273,0.46557273
600750.SH,600750,江中药业,20110322,31.14,31.66,30.9,31.29,31.32,-0.03,-0.1,13875.39,43235.228,4323.522800000001,43.235228000000006,0.4323522800000001
600750.SH,600750,江中药业,20110323,31.31,31.68,31.2,31.61,31.29,0.32,1.02,12238.58,38476.238,3847.6238,38.476238,0.3847623799999999
600750.SH,600750,江中药业,20110324,31.63,31.98,31.25,31.35,31.61,-0.26,-0.82,17062.59,53961.88,5396.188,53.96188,0.5396188
600750.SH,600750,江中药业,20110325,31.36,31.41,31.0,31.33,31.35,-0.02,-0.06,23700.52,73780.327,7378.032700000001,73.780327,0.73780327
600750.SH,600750,江中药业,20110328,31.35,31.45,30.15,30.22,31.33,-1.11,-3.54,49949.99,152208.087,15220.8087,152.208087,1.52208087
600750.SH,600750,江中药业,20110329,30.22,30.49,28.88,29.39,30.22,-0.83,-2.75,76515.83,225147.261,22514.7261,225.147261,2.25147261
600750.SH,600750,江中药业,20110330,29.32,29.38,28.1,28.36,29.39,-1.03,-3.5,52523.39,149904.867,14990.4867,149.904867,1.49904867
600750.SH,600750,江中药业,20110331,28.33,28.86,28.05,28.69,28.36,0.33,1.16,24769.16,70566.044,7056.604399999999,70.56604399999999,0.7056604399999999
600750.SH,600750,江中药业,20110401,28.65,28.84,28.31,28.64,28.69,-0.05,-0.17,13529.8,38657.398,3865.7398,38.657398,0.38657398
600750.SH,600750,江中药业,20110406,28.65,28.75,28.12,28.34,28.64,-0.3,-1.05,18321.29,52078.54,5207.854,52.07854,0.5207854000000001
600750.SH,600750,江中药业,20110407,28.35,28.69,28.35,28.54,28.34,0.2,0.71,12214.23,34833.837,3483.3837,34.833836999999995,0.3483383699999999
600750.SH,600750,江中药业,20110408,28.54,29.37,28.5,29.34,28.54,0.8,2.8,40358.83,117134.498,11713.4498,117.134498,1.17134498
600750.SH,600750,江中药业,20110411,29.28,29.42,28.7,28.82,29.34,-0.52,-1.77,22226.8,64238.724,6423.8724,64.238724,0.64238724
600750.SH,600750,江中药业,20110412,28.6,28.88,28.36,28.54,28.82,-0.28,-0.97,22401.37,63888.103,6388.8103,63.888103,0.63888103
600750.SH,600750,江中药业,20110413,28.61,29.2,28.5,29.04,28.54,0.5,1.75,26490.95,76252.53,7625.253,76.25253,0.7625253
600750.SH,600750,江中药业,20110414,29.08,29.61,29.06,29.12,29.04,0.08,0.28,24363.03,71519.656,7151.9656,71.519656,0.71519656
600750.SH,600750,江中药业,20110415,29.12,29.27,28.25,28.49,29.12,-0.63,-2.16,37174.13,106174.306,10617.4306,106.174306,1.06174306
600750.SH,600750,江中药业,20110418,28.47,28.66,28.15,28.59,28.49,0.1,0.35,13702.56,38891.923,3889.1923,38.891923,0.38891923
600750.SH,600750,江中药业,20110419,28.49,29.15,28.0,28.75,28.59,0.16,0.56,33386.23,95989.498,9598.9498,95.989498,0.95989498
600750.SH,600750,江中药业,20110421,29.25,30.0,28.83,28.88,28.75,0.13,0.45,65305.0,192081.153,19208.1153,192.081153,1.92081153
600750.SH,600750,江中药业,20110422,28.85,29.42,28.0,28.9,28.88,0.02,0.07,52673.0,150236.165,15023.6165,150.236165,1.50236165
600750.SH,600750,江中药业,20110425,28.78,28.78,27.9,28.06,28.9,-0.84,-2.91,43021.83,121089.705,12108.9705,121.089705,1.21089705
600750.SH,600750,江中药业,20110426,27.93,28.03,27.27,27.35,28.06,-0.71,-2.53,28646.68,78741.15,7874.115,78.74115,0.7874115
600750.SH,600750,江中药业,20110427,27.35,27.65,27.25,27.43,27.35,0.08,0.29,14293.36,39140.992,3914.0992,39.140992,0.3914099199999999
600750.SH,600750,江中药业,20110428,27.48,27.75,26.5,26.5,27.43,-0.93,-3.39,17593.0,47478.329,4747.832899999999,47.478329,0.4747832899999999
600750.SH,600750,江中药业,20110429,26.48,26.77,26.11,26.64,26.5,0.14,0.53,22688.1,59741.898,5974.1898,59.741898,0.59741898
600750.SH,600750,江中药业,20110503,26.57,26.97,26.11,26.94,26.64,0.3,1.13,13143.08,35241.555,3524.1555,35.241555,0.3524155499999999
600750.SH,600750,江中药业,20110504,27.0,27.79,26.68,27.11,26.94,0.17,0.63,31290.23,85508.121,8550.8121,85.50812099999999,0.8550812099999999
600750.SH,600750,江中药业,20110505,27.11,27.66,27.11,27.49,27.11,0.38,1.4,14423.09,39691.012,3969.1012,39.691012,0.39691012
600750.SH,600750,江中药业,20110506,27.65,28.66,27.23,28.37,27.49,0.88,3.2,43774.25,123538.012,12353.8012,123.538012,1.23538012
600750.SH,600750,江中药业,20110509,28.37,28.6,27.95,28.06,28.37,-0.31,-1.09,40257.84,113095.099,11309.5099,113.095099,1.13095099
600750.SH,600750,江中药业,20110510,27.98,28.07,27.41,27.87,28.06,-0.19,-0.68,28342.04,78381.397,7838.1397,78.38139699999999,0.78381397
600750.SH,600750,江中药业,20110511,27.8,28.23,27.77,28.03,27.87,0.16,0.57,23034.5,64556.324,6455.6324,64.556324,0.64556324
600750.SH,600750,江中药业,20110512,27.97,27.97,27.19,27.27,28.03,-0.76,-2.71,15860.19,43785.034,4378.5034,43.785034,0.4378503399999999
600750.SH,600750,江中药业,20110513,27.21,27.6,27.15,27.46,27.27,0.19,0.7,13805.84,37758.348,3775.8348,37.758348,0.3775834799999999
600750.SH,600750,江中药业,20110516,27.5,28.22,27.4,27.84,27.46,0.38,1.38,21162.21,59096.361,5909.6361,59.096361,0.59096361
600750.SH,600750,江中药业,20110517,27.85,28.23,27.5,27.71,27.84,-0.13,-0.47,20310.87,56758.504,5675.8504,56.758504,0.56758504
600750.SH,600750,江中药业,20110518,27.52,27.98,27.35,27.88,27.71,0.17,0.61,14014.65,38939.442,3893.9442,38.93944200000001,0.3893944200000001
600750.SH,600750,江中药业,20110519,27.79,28.19,27.6,27.76,27.58,0.18,0.65,23055.04,64283.037,6428.3037,64.283037,0.64283037
600750.SH,600750,江中药业,20110520,27.76,28.09,27.55,27.8,27.76,0.04,0.14,10576.15,29461.865,2946.1865000000003,29.461865000000003,0.29461865
600750.SH,600750,江中药业,20110523,27.84,27.84,26.6,26.8,27.8,-1.0,-3.6,14757.52,39865.143,3986.5143,39.865143,0.39865143
600750.SH,600750,江中药业,20110524,26.6,26.99,26.2,26.59,26.8,-0.21,-0.78,11842.09,31421.554,3142.1554,31.421554,0.31421554
600750.SH,600750,江中药业,20110525,26.6,26.85,26.0,26.09,26.59,-0.5,-1.88,9448.49,24920.862,2492.0862,24.920862000000003,0.24920862
600750.SH,600750,江中药业,20110526,26.06,26.48,25.0,25.19,26.09,-0.9,-3.45,18411.12,47603.193,4760.3193,47.603193000000005,0.47603193
600750.SH,600750,江中药业,20110527,25.21,25.65,25.2,25.5,25.19,0.31,1.23,22908.8,58272.032,5827.2032,58.272032,0.58272032
600750.SH,600750,江中药业,20110530,25.5,25.95,25.03,25.93,25.5,0.43,1.69,14739.28,37748.222,3774.8222,37.748222,0.37748222
600750.SH,600750,江中药业,20110531,26.0,26.05,25.14,25.91,25.93,-0.02,-0.08,8803.43,22610.824,2261.0824,22.610824,0.22610824
600750.SH,600750,江中药业,20110601,25.85,26.13,25.64,25.96,25.91,0.05,0.19,5314.06,13786.741,1378.6741,13.786741,0.13786741
600750.SH,600750,江中药业,20110602,25.91,26.09,25.21,25.72,25.96,-0.24,-0.92,22541.58,57513.04,5751.304,57.51304,0.5751304
600750.SH,600750,江中药业,20110603,25.53,26.15,25.5,26.09,25.72,0.37,1.44,21686.52,56331.693,5633.1693,56.331693,0.5633169299999999
600750.SH,600750,江中药业,20110607,26.0,26.75,25.9,26.57,26.09,0.48,1.84,15487.52,41079.669,4107.9669,41.079669,0.41079669
600750.SH,600750,江中药业,20110608,26.58,26.7,26.38,26.42,26.57,-0.15,-0.56,14511.66,38432.026,3843.2026,38.43202599999999,0.3843202599999999
600750.SH,600750,江中药业,20110609,26.35,26.42,25.63,25.65,26.42,-0.77,-2.91,11390.25,29638.505,2963.8505,29.638505,0.29638505
600750.SH,600750,江中药业,20110610,25.66,26.03,25.4,26.02,25.65,0.37,1.44,8914.91,22922.568,2292.2568,22.922568,0.22922568
600750.SH,600750,江中药业,20110613,25.81,25.81,25.0,25.22,26.02,-0.8,-3.07,15796.26,39833.484,3983.3484,39.833484,0.3983348399999999
600750.SH,600750,江中药业,20110614,25.3,25.48,25.15,25.31,25.22,0.09,0.36,12436.7,31481.1,3148.11,31.4811,0.3148109999999999
600750.SH,600750,江中药业,20110615,25.37,25.39,24.6,24.88,25.31,-0.43,-1.7,19840.77,49524.964,4952.4964,49.524964,0.49524964
600750.SH,600750,江中药业,20110616,24.6,24.85,23.81,23.89,24.88,-0.99,-3.98,16176.99,39086.56,3908.656,39.08656,0.3908656
600750.SH,600750,江中药业,20110617,23.89,24.05,23.33,23.5,23.89,-0.39,-1.63,14465.07,34168.435,3416.8435,34.168435,0.34168435
600750.SH,600750,江中药业,20110620,23.42,23.69,22.8,23.25,23.5,-0.25,-1.06,10322.23,23850.923,2385.0923,23.850923,0.23850923
600750.SH,600750,江中药业,20110621,23.2,23.37,23.0,23.29,23.25,0.04,0.17,6995.93,16219.723,1621.9723,16.219723,0.1621972299999999
600750.SH,600750,江中药业,20110622,23.3,23.43,22.85,22.97,23.29,-0.32,-1.37,9909.67,22806.672,2280.6672,22.806672,0.22806672
600750.SH,600750,江中药业,20110623,22.98,23.22,22.58,23.22,22.97,0.25,1.09,15205.12,35013.485,3501.3485,35.013485,0.35013485
600750.SH,600750,江中药业,20110624,23.28,24.35,23.07,24.28,23.22,1.06,4.57,32655.9,77622.623,7762.2623,77.622623,0.77622623
600750.SH,600750,江中药业,20110627,24.22,24.54,23.78,24.09,24.28,-0.19,-0.78,35513.94,85772.365,8577.2365,85.77236500000001,0.8577236500000001
600750.SH,600750,江中药业,20110628,24.1,24.65,23.85,24.52,24.09,0.43,1.79,38534.0,94127.996,9412.7996,94.127996,0.94127996
600750.SH,600750,江中药业,20110629,24.53,24.53,24.07,24.24,24.52,-0.28,-1.14,26098.43,63355.34,6335.534,63.35534,0.6335533999999999
600750.SH,600750,江中药业,20110630,24.25,24.55,24.14,24.48,24.24,0.24,0.99,31122.02,75777.342,7577.734200000001,75.777342,0.75777342
600750.SH,600750,江中药业,20110701,24.48,25.35,24.35,25.26,24.48,0.78,3.19,47652.09,119188.693,11918.8693,119.188693,1.19188693
600750.SH,600750,江中药业,20110704,25.2,25.63,25.11,25.56,25.26,0.3,1.19,29049.55,73846.529,7384.652899999999,73.84652899999999,0.7384652899999999
600750.SH,600750,江中药业,20110705,25.65,25.7,25.35,25.54,25.56,-0.02,-0.08,19824.24,50500.472,5050.0472,50.500472,0.5050047200000001
600750.SH,600750,江中药业,20110706,25.56,26.03,25.35,25.84,25.54,0.3,1.17,19896.76,51247.765,5124.7765,51.247765,0.51247765
600750.SH,600750,江中药业,20110707,25.9,26.5,25.72,25.96,25.84,0.12,0.46,40739.66,106498.07,10649.807,106.49807,1.0649807000000002
600750.SH,600750,江中药业,20110708,25.8,25.94,24.88,24.94,25.96,-1.02,-3.93,61467.1,155706.939,15570.693900000002,155.70693900000003,1.5570693900000003
600750.SH,600750,江中药业,20110711,24.88,25.38,24.38,25.3,24.94,0.36,1.44,79974.32,198906.328,19890.6328,198.906328,1.98906328
600750.SH,600750,江中药业,20110712,25.08,25.13,24.78,24.91,25.3,-0.39,-1.54,29495.84,73514.173,7351.417299999999,73.51417299999999,0.7351417299999998
600750.SH,600750,江中药业,20110713,24.91,26.38,24.85,26.35,24.91,1.44,5.78,68985.77,176924.862,17692.4862,176.924862,1.76924862
600750.SH,600750,江中药业,20110714,26.53,28.0,26.53,27.98,26.35,1.63,6.19,106401.81,291969.662,29196.966200000003,291.969662,2.9196966200000003
600750.SH,600750,江中药业,20110715,27.7,29.25,27.65,28.09,27.98,0.11,0.39,137242.42,392803.704,39280.3704,392.803704,3.92803704
600750.SH,600750,江中药业,20110718,28.25,29.09,28.25,28.4,28.09,0.31,1.1,101933.78,292968.379,29296.8379,292.968379,2.9296837900000003
600750.SH,600750,江中药业,20110719,28.58,29.65,28.4,29.6,28.4,1.2,4.23,91731.73,266387.819,26638.7819,266.38781900000004,2.66387819
600750.SH,600750,江中药业,20110721,29.5,29.59,27.8,28.75,29.6,-0.85,-2.87,88486.36,254369.498,25436.9498,254.369498,2.54369498
600750.SH,600750,江中药业,20110722,28.68,28.87,28.02,28.59,28.75,-0.16,-0.56,55041.18,156863.093,15686.3093,156.863093,1.56863093
600750.SH,600750,江中药业,20110725,28.8,31.3,28.15,28.65,28.59,0.06,0.21,61077.53,176420.953,17642.0953,176.420953,1.76420953
600750.SH,600750,江中药业,20110726,28.68,29.15,28.38,29.05,28.65,0.4,1.4,47729.59,137776.348,13777.6348,137.77634799999998,1.3777634799999998
600750.SH,600750,江中药业,20110727,28.94,30.0,28.7,29.63,29.05,0.58,2.0,57953.14,171980.37,17198.037,171.98037,1.7198037
600750.SH,600750,江中药业,20110728,29.39,29.75,29.0,29.52,29.63,-0.11,-0.37,32703.55,96255.031,9625.5031,96.255031,0.96255031
600750.SH,600750,江中药业,20110729,29.52,30.11,29.22,29.29,29.52,-0.23,-0.78,39777.85,118126.841,11812.6841,118.126841,1.18126841
600750.SH,600750,江中药业,20110801,29.11,29.3,28.21,28.66,29.29,-0.63,-2.15,33811.02,96846.862,9684.6862,96.846862,0.96846862
600750.SH,600750,江中药业,20110802,28.18,28.18,27.23,27.56,28.66,-1.1,-3.84,53224.41,147880.582,14788.0582,147.880582,1.47880582
600750.SH,600750,江中药业,20110803,27.43,28.32,26.7,27.84,27.56,0.28,1.02,37079.44,103271.888,10327.1888,103.271888,1.03271888
600750.SH,600750,江中药业,20110804,27.51,28.1,27.51,27.89,27.84,0.05,0.18,18764.82,52359.085,5235.9085,52.35908499999999,0.5235908499999999
600750.SH,600750,江中药业,20110805,27.05,27.72,26.8,27.4,27.89,-0.49,-1.76,25326.41,69510.822,6951.0822,69.510822,0.69510822
600750.SH,600750,江中药业,20110808,27.03,27.51,26.5,27.05,27.4,-0.35,-1.28,25804.37,69530.598,6953.0598,69.530598,0.69530598
600750.SH,600750,江中药业,20110809,26.55,27.48,25.3,26.95,27.05,-0.1,-0.37,23543.87,62247.261,6224.7261,62.247261,0.62247261
600750.SH,600750,江中药业,20110810,27.21,27.89,27.1,27.21,26.95,0.26,0.96,27896.7,76726.722,7672.672199999999,76.726722,0.7672672199999999
600750.SH,600750,江中药业,20110811,26.78,27.88,26.55,27.85,27.21,0.64,2.35,21778.1,59316.839,5931.6839,59.316839,0.59316839
600750.SH,600750,江中药业,20110812,28.01,28.46,27.89,28.26,27.85,0.41,1.47,26537.58,74741.406,7474.140600000001,74.74140600000001,0.7474140600000001
600750.SH,600750,江中药业,20110815,28.26,29.15,28.23,28.98,28.26,0.72,2.55,21686.21,62614.582,6261.4582,62.614582,0.62614582
600750.SH,600750,江中药业,20110816,28.8,28.87,28.36,28.53,28.98,-0.45,-1.55,11776.4,33548.55,3354.8550000000005,33.548550000000006,0.3354855
600750.SH,600750,江中药业,20110817,28.3,28.8,27.95,27.97,28.53,-0.56,-1.96,11867.76,33558.871,3355.8871,33.558871,0.3355887099999999
600750.SH,600750,江中药业,20110819,27.18,27.84,26.81,27.27,27.97,-0.7,-2.5,21459.37,58998.835,5899.8835,58.998835,0.58998835
600750.SH,600750,江中药业,20110822,27.16,27.75,26.55,26.67,27.27,-0.6,-2.2,11631.94,31396.553,3139.6553,31.396553,0.31396553
600750.SH,600750,江中药业,20110823,26.68,27.24,26.68,26.96,26.67,0.29,1.09,10390.34,27990.915,2799.0915,27.990915,0.27990915
600750.SH,600750,江中药业,20110824,27.05,27.66,27.05,27.25,26.96,0.29,1.08,11596.66,31726.7,3172.67,31.7267,0.317267
600750.SH,600750,江中药业,20110825,27.37,27.5,27.08,27.38,27.25,0.13,0.48,19469.38,53143.022,5314.3022,53.143022,0.5314302200000001
600750.SH,600750,江中药业,20110826,27.4,28.19,27.3,27.6,27.38,0.22,0.8,24253.61,67200.474,6720.0474,67.200474,0.67200474
600750.SH,600750,江中药业,20110829,27.6,28.51,27.28,28.36,27.6,0.76,2.75,24786.32,69313.162,6931.316199999999,69.31316199999999,0.69313162
600750.SH,600750,江中药业,20110830,28.55,28.78,27.89,27.9,28.36,-0.46,-1.62,16463.25,46624.151,4662.4151,46.624151000000005,0.46624151
600750.SH,600750,江中药业,20110831,27.89,28.13,26.78,27.3,27.9,-0.6,-2.15,20148.35,55157.502,5515.7502,55.157502,0.55157502
600750.SH,600750,江中药业,20110901,27.58,27.58,26.88,27.0,27.3,-0.3,-1.1,11875.43,32250.963,3225.0963,32.250963,0.32250963
600750.SH,600750,江中药业,20110902,26.85,27.13,26.6,26.67,27.0,-0.33,-1.22,9703.13,26015.935,2601.5935,26.015935,0.26015935
600750.SH,600750,江中药业,20110905,26.5,26.5,25.55,25.79,26.67,-0.88,-3.3,11529.37,29739.118,2973.9118,29.739118,0.29739118
600750.SH,600750,江中药业,20110906,25.51,26.0,24.9,25.11,25.79,-0.68,-2.64,13986.22,35492.499,3549.2499000000003,35.492499,0.35492499
600750.SH,600750,江中药业,20110907,25.24,25.68,24.93,25.62,25.11,0.51,2.03,8552.09,21627.167,2162.7167,21.627167,0.21627167
600750.SH,600750,江中药业,20110908,25.63,27.0,25.0,26.64,25.62,1.02,3.98,22493.53,58675.191,5867.5191,58.675191,0.5867519099999999
600750.SH,600750,江中药业,20110909,26.65,27.1,25.9,25.92,26.64,-0.72,-2.7,14520.42,38367.253,3836.7253,38.367253,0.3836725299999999
600750.SH,600750,江中药业,20110914,25.3,25.8,25.05,25.68,25.92,-0.24,-0.93,13535.69,34480.563,3448.0563,34.480563000000004,0.34480563
600750.SH,600750,江中药业,20110915,25.64,25.74,25.45,25.69,25.68,0.01,0.04,8267.56,21196.609,2119.6609,21.196609,0.21196609
600750.SH,600750,江中药业,20110916,25.69,26.22,25.54,26.19,25.69,0.5,1.95,7411.4,19171.65,1917.165,19.171650000000003,0.1917165
600750.SH,600750,江中药业,20110919,26.2,26.2,25.27,25.3,26.19,-0.89,-3.4,12741.98,32429.118,3242.9118,32.429117999999995,0.3242911799999999
600750.SH,600750,江中药业,20110920,25.11,25.45,25.07,25.16,25.3,-0.14,-0.55,8108.76,20388.092,2038.8092,20.388092,0.20388092
600750.SH,600750,江中药业,20110921,25.06,26.38,25.0,26.11,25.16,0.95,3.78,17592.89,45156.91,4515.691000000001,45.15691000000001,0.4515691000000001
600750.SH,600750,江中药业,20110922,25.9,25.98,25.0,25.0,26.11,-1.11,-4.25,9123.88,23179.029,2317.9029,23.179029,0.23179029
600750.SH,600750,江中药业,20110923,24.7,24.99,24.41,24.6,25.0,-0.4,-1.6,8566.09,21109.574,2110.9574,21.109574,0.21109574
600750.SH,600750,江中药业,20110926,24.6,24.73,23.61,23.84,24.6,-0.76,-3.09,7993.55,19355.982,1935.5982,19.355982,0.1935598199999999
600750.SH,600750,江中药业,20110927,24.0,24.25,23.38,23.8,23.84,-0.04,-0.17,8355.27,19731.829,1973.1829,19.731829,0.19731829
600750.SH,600750,江中药业,20110928,24.01,24.01,23.5,23.6,23.8,-0.2,-0.84,6653.36,15718.67,1571.867,15.71867,0.1571866999999999
600750.SH,600750,江中药业,20110929,23.42,23.7,22.78,22.91,23.6,-0.69,-2.92,8816.26,20334.804,2033.4804,20.334804,0.2033480399999999
600750.SH,600750,江中药业,20110930,23.09,23.18,22.89,23.15,22.91,0.24,1.05,3691.8,8501.452,850.1451999999999,8.501451999999999,0.0850145199999999
600750.SH,600750,江中药业,20111010,23.28,23.7,23.2,23.42,23.15,0.27,1.17,6565.33,15397.032,1539.7032,15.397032,0.15397032
600750.SH,600750,江中药业,20111011,24.3,24.47,23.18,23.6,23.42,0.18,0.77,7720.92,18194.709,1819.4709,18.194709,0.18194709
600750.SH,600750,江中药业,20111012,23.4,24.48,23.35,24.39,23.6,0.79,3.35,10323.27,24874.764,2487.4764,24.874764,0.24874764
600750.SH,600750,江中药业,20111013,24.12,25.5,24.12,24.87,24.39,0.48,1.97,13653.0,34210.101,3421.0101000000004,34.210101,0.34210101
600750.SH,600750,江中药业,20111014,24.94,25.39,24.7,24.9,24.87,0.03,0.12,10775.57,26982.569,2698.2569,26.982569,0.26982569
600750.SH,600750,江中药业,20111017,25.15,25.55,24.84,25.48,24.9,0.58,2.33,13533.55,34299.117,3429.9117,34.299116999999995,0.3429911699999999
600750.SH,600750,江中药业,20111018,25.39,25.66,24.79,24.8,25.48,-0.68,-2.67,10520.24,26597.458,2659.7458,26.597458,0.2659745799999999
600750.SH,600750,江中药业,20111019,24.6,25.11,24.6,24.99,24.8,0.19,0.77,12188.36,30313.01,3031.301,30.31301,0.3031300999999999
600750.SH,600750,江中药业,20111020,24.6,25.45,23.9,25.14,24.99,0.15,0.6,8558.68,21059.108,2105.9108,21.059108,0.21059108
600750.SH,600750,江中药业,20111021,25.15,25.15,24.46,24.87,25.14,-0.27,-1.07,6061.21,15060.039,1506.0039000000002,15.060039000000002,0.15060039
600750.SH,600750,江中药业,20111024,24.53,25.22,23.9,25.2,24.87,0.33,1.33,10032.48,24510.162,2451.0162,24.510162,0.24510162
600750.SH,600750,江中药业,20111025,25.2,26.06,25.02,25.93,25.2,0.73,2.9,12246.07,31431.148,3143.1148000000003,31.431148000000004,0.31431148
600750.SH,600750,江中药业,20111026,25.63,27.07,25.41,26.5,25.93,0.57,2.2,19642.73,52286.843,5228.6843,52.286843,0.5228684299999999
600750.SH,600750,江中药业,20111027,26.41,27.01,26.24,26.4,26.5,-0.1,-0.38,9045.59,24109.968,2410.9968,24.109968,0.2410996799999999
600750.SH,600750,江中药业,20111028,26.56,26.86,26.0,26.79,26.4,0.39,1.48,17384.5,45989.074,4598.9074,45.989074,0.45989074
600750.SH,600750,江中药业,20111031,26.77,26.95,26.51,26.86,26.79,0.07,0.26,6493.72,17380.144,1738.0144,17.380144,0.17380144
600750.SH,600750,江中药业,20111101,26.7,27.39,26.5,26.97,26.86,0.11,0.41,10587.33,28644.083,2864.4083,28.644083,0.28644083
600750.SH,600750,江中药业,20111102,26.58,27.8,26.4,27.61,26.97,0.64,2.37,25974.56,70095.003,7009.5003,70.09500299999999,0.7009500299999999
600750.SH,600750,江中药业,20111103,27.6,28.84,27.6,28.19,27.61,0.58,2.1,30833.09,87750.148,8775.0148,87.75014800000001,0.8775014800000001
600750.SH,600750,江中药业,20111104,28.19,28.7,27.9,28.11,28.19,-0.08,-0.28,21394.9,60368.599,6036.8599,60.368599,0.60368599
600750.SH,600750,江中药业,20111107,28.01,28.7,27.5,28.2,28.11,0.09,0.32,16438.91,46554.175,4655.4175000000005,46.55417500000001,0.4655417500000001
600750.SH,600750,江中药业,20111108,28.0,28.3,27.68,27.98,28.2,-0.22,-0.78,14509.03,40634.321,4063.4321,40.63432100000001,0.40634321
600750.SH,600750,江中药业,20111109,27.7,28.25,27.7,28.19,27.98,0.21,0.75,11402.62,31970.413,3197.0413,31.970413,0.31970413
600750.SH,600750,江中药业,20111110,27.99,28.7,27.8,28.48,28.19,0.29,1.03,20739.33,59060.215,5906.0215,59.060215,0.59060215
600750.SH,600750,江中药业,20111111,28.45,28.59,27.82,28.1,28.48,-0.38,-1.33,40338.79,113315.772,11331.5772,113.315772,1.13315772
600750.SH,600750,江中药业,20111114,28.15,28.88,28.0,28.75,28.1,0.65,2.31,14672.98,41839.572,4183.9572,41.839572,0.4183957199999999
600750.SH,600750,江中药业,20111115,28.8,28.8,28.42,28.57,28.75,-0.18,-0.63,7747.64,22173.161,2217.3161,22.173161,0.22173161
600750.SH,600750,江中药业,20111116,28.57,28.58,27.71,27.83,28.57,-0.74,-2.59,15430.01,43245.319,4324.5319,43.245319,0.43245319
600750.SH,600750,江中药业,20111117,27.84,28.88,27.77,28.41,27.83,0.58,2.08,11225.95,32006.383,3200.6383,32.006383,0.32006383
600750.SH,600750,江中药业,20111118,28.38,28.46,27.2,27.56,28.41,-0.85,-2.99,21590.48,60283.415,6028.3415,60.283415000000005,0.6028341500000001
600750.SH,600750,江中药业,20111121,27.2,28.16,27.1,27.45,27.56,-0.11,-0.4,8345.79,23001.704,2300.1704,23.001704,0.23001704
600750.SH,600750,江中药业,20111122,27.35,28.6,27.35,28.3,27.45,0.85,3.1,26470.31,74399.358,7439.935799999999,74.39935799999999,0.7439935799999999
600750.SH,600750,江中药业,20111123,28.44,28.85,28.29,28.79,28.3,0.49,1.73,23027.61,66020.194,6602.0194,66.020194,0.66020194
600750.SH,600750,江中药业,20111124,28.43,29.35,28.3,29.2,28.79,0.41,1.42,45269.01,132021.004,13202.1004,132.021004,1.32021004
600750.SH,600750,江中药业,20111125,29.18,29.26,28.71,29.21,29.2,0.01,0.03,14447.4,41948.907,4194.8907,41.948907,0.4194890699999999
600750.SH,600750,江中药业,20111128,29.02,29.6,28.6,29.41,29.21,0.2,0.68,26959.13,78762.091,7876.2091,78.762091,0.78762091
600750.SH,600750,江中药业,20111129,29.77,30.48,29.32,30.24,29.41,0.83,2.82,29986.58,89678.2,8967.82,89.6782,0.8967820000000001
600750.SH,600750,江中药业,20111130,30.26,30.31,29.33,30.23,30.24,-0.01,-0.03,28983.31,86444.817,8644.4817,86.444817,0.86444817
600750.SH,600750,江中药业,20111201,30.66,30.68,29.79,30.3,30.23,0.07,0.23,30307.36,92029.531,9202.9531,92.029531,0.92029531
600750.SH,600750,江中药业,20111202,30.0,30.0,29.25,29.49,30.3,-0.81,-2.67,14282.69,42236.033,4223.603300000001,42.236033000000006,0.42236033
600750.SH,600750,江中药业,20111205,29.24,29.62,28.85,28.88,29.49,-0.61,-2.07,23752.77,69498.147,6949.8147,69.498147,0.69498147
600750.SH,600750,江中药业,20111206,28.88,28.88,27.51,27.82,28.88,-1.06,-3.67,25008.3,70271.885,7027.188499999999,70.271885,0.70271885
600750.SH,600750,江中药业,20111207,27.81,28.88,27.81,28.69,27.82,0.87,3.13,10132.2,28943.372,2894.3372,28.943372,0.28943372
600750.SH,600750,江中药业,20111208,28.4,28.88,28.02,28.8,28.69,0.11,0.38,5318.21,15206.685,1520.6685,15.206685,0.15206685
600750.SH,600750,江中药业,20111209,28.7,29.1,28.27,28.68,28.8,-0.12,-0.42,5784.77,16581.676,1658.1676,16.581676,0.16581676
600750.SH,600750,江中药业,20111212,28.1,29.03,28.1,28.5,28.68,-0.18,-0.63,4064.09,11619.805,1161.9805,11.619805,0.11619805
600750.SH,600750,江中药业,20111213,28.49,28.49,27.4,27.47,28.5,-1.03,-3.61,12047.07,33753.366,3375.3366,33.753366,0.33753366
600750.SH,600750,江中药业,20111214,27.16,27.78,27.05,27.08,27.47,-0.39,-1.42,4953.16,13531.346,1353.1346,13.531346,0.13531346
600750.SH,600750,江中药业,20111215,27.3,27.3,26.5,26.97,27.08,-0.11,-0.41,12582.01,33858.583,3385.8583,33.858583,0.33858583
600750.SH,600750,江中药业,20111216,27.0,28.08,27.0,27.96,26.97,0.99,3.67,9597.97,26571.65,2657.165,26.57165,0.2657164999999999
600750.SH,600750,江中药业,20111219,27.96,29.79,27.7,29.38,27.96,1.42,5.08,14174.12,40840.847,4084.0847,40.840847,0.40840847
600750.SH,600750,江中药业,20111220,29.4,29.6,28.88,29.0,29.38,-0.38,-1.29,4566.2,13372.028,1337.2028,13.372028,0.13372028
600750.SH,600750,江中药业,20111221,29.29,29.48,28.72,28.98,29.0,-0.02,-0.07,7227.93,20953.197,2095.3197,20.953197,0.2095319699999999
600750.SH,600750,江中药业,20111222,28.95,29.5,27.57,28.84,28.98,-0.14,-0.48,12035.55,33964.806,3396.4806,33.964806,0.33964806
600750.SH,600750,江中药业,20111223,28.76,29.18,28.31,29.07,28.84,0.23,0.8,3303.61,9547.487,954.7487,9.547487,0.0954748699999999
600750.SH,600750,江中药业,20111226,28.69,29.03,28.38,28.5,29.07,-0.57,-1.96,4106.21,11776.877,1177.6877,11.776877,0.11776877
600750.SH,600750,江中药业,20111227,28.3,28.5,27.25,27.68,28.5,-0.82,-2.88,10772.36,29828.046,2982.8046,29.828046,0.29828046
600750.SH,600750,江中药业,20111228,27.04,27.1,25.99,26.75,27.68,-0.93,-3.36,23264.08,61244.788,6124.4788,61.244788,0.61244788
600750.SH,600750,江中药业,20111229,26.13,27.5,25.91,27.42,26.75,0.67,2.5,26712.25,70544.852,7054.4852,70.544852,0.70544852
600750.SH,600750,江中药业,20111230,27.78,29.18,27.2,29.0,27.42,1.58,5.76,23975.18,67452.642,6745.2642000000005,67.45264200000001,0.6745264200000001
600750.SH,600750,江中药业,20120104,28.7,28.7,26.2,26.76,29.0,-2.24,-7.72,10738.2,29516.724,2951.6724,29.516724,0.29516724
600750.SH,600750,江中药业,20120105,26.21,26.45,24.08,24.1,26.76,-2.66,-9.94,21591.83,54009.961,5400.9961,54.009961,0.5400996100000001
600750.SH,600750,江中药业,20120106,24.1,24.1,23.45,23.85,24.1,-0.25,-1.04,12811.34,30372.55,3037.255,30.37255,0.3037255
600750.SH,600750,江中药业,20120109,23.85,24.65,23.65,24.48,23.85,0.63,2.64,7651.89,18597.07,1859.707,18.59707,0.1859707
600750.SH,600750,江中药业,20120110,24.48,25.5,24.45,25.21,24.48,0.73,2.98,14593.34,36680.579,3668.0579,36.680579,0.3668057899999999
600750.SH,600750,江中药业,20120111,25.23,25.23,24.56,24.6,25.21,-0.61,-2.42,9153.32,22700.446,2270.0446,22.700446000000003,0.22700446
600750.SH,600750,江中药业,20120112,24.67,25.5,24.59,24.6,24.6,0.0,0.0,18398.57,45782.689,4578.2689,45.782689,0.45782689
600750.SH,600750,江中药业,20120113,24.89,25.13,23.28,23.77,24.6,-0.83,-3.37,18439.42,44076.323,4407.632299999999,44.076323,0.4407632299999999
600750.SH,600750,江中药业,20120116,23.72,23.72,21.39,21.39,23.77,-2.38,-10.01,26534.17,57967.798,5796.7798,57.967798,0.57967798
600750.SH,600750,江中药业,20120117,21.21,22.56,19.25,22.54,21.39,1.15,5.38,65860.11,135022.478,13502.2478,135.022478,1.35022478
600750.SH,600750,江中药业,20120118,22.0,22.05,20.35,20.48,22.54,-2.06,-9.14,42114.6,88810.198,8881.0198,88.810198,0.88810198
600750.SH,600750,江中药业,20120119,20.2,20.79,19.55,20.47,20.48,-0.01,-0.05,46052.25,92738.249,9273.8249,92.738249,0.92738249
600750.SH,600750,江中药业,20120120,20.49,21.93,20.41,21.78,20.47,1.31,6.4,28399.48,60830.499,6083.0499,60.830499,0.60830499
600750.SH,600750,江中药业,20120130,21.8,22.31,21.03,21.98,21.78,0.2,0.92,19590.98,42799.481,4279.9481,42.79948099999999,0.4279948099999999
600750.SH,600750,江中药业,20120131,21.71,22.18,21.54,22.13,21.98,0.15,0.68,9605.13,20983.823,2098.3823,20.983823,0.20983823
600750.SH,600750,江中药业,20120201,22.14,22.21,21.45,21.6,22.13,-0.53,-2.39,8313.2,18132.525,1813.2525,18.132525,0.18132525
600750.SH,600750,江中药业,20120202,21.59,21.87,21.59,21.84,21.6,0.24,1.11,6283.67,13693.551,1369.3551,13.693551,0.1369355099999999
600750.SH,600750,江中药业,20120203,21.84,22.59,21.82,22.31,21.84,0.47,2.15,24461.33,54566.849,5456.6849,54.566849000000005,0.5456684900000001
600750.SH,600750,江中药业,20120206,22.59,23.06,22.35,22.78,22.31,0.47,2.11,19103.41,43286.917,4328.6917,43.286917,0.43286917
600750.SH,600750,江中药业,20120207,22.72,22.81,22.49,22.56,22.78,-0.22,-0.97,9159.0,20738.612,2073.8612000000003,20.738612000000003,0.20738612
600750.SH,600750,江中药业,20120208,22.31,22.85,22.31,22.69,22.56,0.13,0.58,10335.83,23451.047,2345.1047,23.451047,0.23451047
600750.SH,600750,江中药业,20120209,22.8,23.35,22.68,23.0,22.69,0.31,1.37,19890.41,45799.582,4579.9582,45.799582,0.45799582
600750.SH,600750,江中药业,20120210,22.81,23.12,22.4,22.79,23.0,-0.21,-0.91,27594.05,62608.097,6260.8097,62.608097,0.62608097
600750.SH,600750,江中药业,20120213,22.61,23.55,22.44,23.22,22.79,0.43,1.89,21673.63,50230.712,5023.0712,50.230712,0.50230712
600750.SH,600750,江中药业,20120214,23.2,24.14,23.2,23.84,23.22,0.62,2.67,23794.04,56323.77,5632.377,56.32377,0.5632377
600750.SH,600750,江中药业,20120215,23.84,24.36,23.3,23.99,23.84,0.15,0.63,16298.57,38787.9,3878.79,38.7879,0.387879
600750.SH,600750,江中药业,20120216,23.81,23.97,23.4,23.59,23.99,-0.4,-1.67,9321.29,22101.563,2210.1563,22.101562999999995,0.2210156299999999
600750.SH,600750,江中药业,20120217,23.51,24.44,23.51,23.61,23.59,0.02,0.08,14589.89,34809.596,3480.9596,34.809596,0.34809596
600750.SH,600750,江中药业,20120220,23.98,24.0,23.5,23.51,23.61,-0.1,-0.42,12642.37,30097.652,3009.7652,30.097652,0.3009765199999999
600750.SH,600750,江中药业,20120221,23.48,23.48,22.97,23.39,23.51,-0.12,-0.51,18488.3,42850.829,4285.082899999999,42.850829,0.4285082899999999
600750.SH,600750,江中药业,20120222,23.19,23.58,23.19,23.57,23.39,0.18,0.77,14121.39,33049.859,3304.9859,33.049859,0.33049859
600750.SH,600750,江中药业,20120223,23.6,24.48,23.6,24.0,23.57,0.43,1.82,21859.24,52378.939,5237.8939,52.378939,0.52378939
600750.SH,600750,江中药业,20120224,23.81,24.83,23.81,24.77,24.0,0.77,3.21,16871.9,41128.726,4112.872600000001,41.12872600000001,0.4112872600000001
600750.SH,600750,江中药业,20120227,24.78,24.88,24.52,24.61,24.77,-0.16,-0.65,19886.68,48987.043,4898.704299999999,48.98704299999999,0.4898704299999999
600750.SH,600750,江中药业,20120228,24.53,24.61,24.12,24.19,24.61,-0.42,-1.71,11096.58,26897.898,2689.7898,26.897898,0.26897898
600750.SH,600750,江中药业,20120229,24.18,24.22,23.7,23.83,24.19,-0.36,-1.49,14747.66,35227.283,3522.7283,35.227283,0.35227283
600750.SH,600750,江中药业,20120301,23.66,24.03,23.66,23.75,23.83,-0.08,-0.34,15310.15,36453.288,3645.3288,36.453288,0.36453288
600750.SH,600750,江中药业,20120302,23.82,24.02,23.6,23.85,23.75,0.1,0.42,16006.68,38115.542,3811.5542,38.115542,0.3811554199999999
600750.SH,600750,江中药业,20120305,23.99,24.13,23.61,23.86,23.85,0.01,0.04,24392.39,58179.172,5817.9172,58.179172,0.58179172
600750.SH,600750,江中药业,20120306,23.97,23.98,23.05,23.37,23.86,-0.49,-2.05,15526.19,36241.291,3624.1291,36.241291,0.36241291
600750.SH,600750,江中药业,20120307,23.27,23.6,23.03,23.53,23.37,0.16,0.68,17820.82,41548.618,4154.861800000001,41.548618000000005,0.41548618
600750.SH,600750,江中药业,20120308,23.54,23.63,23.33,23.46,23.53,-0.07,-0.3,15198.33,35695.636,3569.5636,35.695636,0.35695636
600750.SH,600750,江中药业,20120309,23.51,23.94,23.16,23.88,23.46,0.42,1.79,24519.24,57598.088,5759.808800000001,57.598088,0.57598088
600750.SH,600750,江中药业,20120312,23.94,25.08,23.77,24.8,23.88,0.92,3.85,50629.13,124119.359,12411.9359,124.119359,1.24119359
600750.SH,600750,江中药业,20120313,24.78,26.1,24.66,25.82,24.8,1.02,4.11,41077.56,104326.737,10432.6737,104.326737,1.04326737
600750.SH,600750,江中药业,20120314,25.78,25.99,24.8,25.01,25.82,-0.81,-3.14,25041.36,63140.76,6314.076,63.14076,0.6314076
600750.SH,600750,江中药业,20120315,25.01,25.65,25.01,25.48,25.01,0.47,1.88,21675.37,54926.863,5492.686299999999,54.926863,0.5492686299999999
600750.SH,600750,江中药业,20120316,25.48,26.01,25.01,25.91,25.48,0.43,1.69,18629.24,47956.398,4795.6398,47.956398,0.47956398
600750.SH,600750,江中药业,20120319,26.06,26.65,25.75,25.99,25.91,0.08,0.31,34852.63,91556.054,9155.6054,91.556054,0.91556054
600750.SH,600750,江中药业,20120320,25.99,26.19,24.9,25.51,25.99,-0.48,-1.85,15682.76,39572.243,3957.2243,39.572243,0.39572243
600750.SH,600750,江中药业,20120321,25.25,25.6,24.9,25.23,25.51,-0.28,-1.1,11745.6,29796.058,2979.6058000000003,29.796058,0.29796058
600750.SH,600750,江中药业,20120322,25.3,25.3,24.66,25.05,25.23,-0.18,-0.71,10024.01,25004.119,2500.4119,25.004119,0.2500411899999999
600750.SH,600750,江中药业,20120323,24.82,25.07,24.02,24.67,25.05,-0.38,-1.52,11160.72,27366.492,2736.6492,27.366492,0.27366492
600750.SH,600750,江中药业,20120326,24.54,24.88,24.37,24.64,24.67,-0.03,-0.12,5941.91,14602.58,1460.258,14.60258,0.1460257999999999
600750.SH,600750,江中药业,20120327,24.7,24.8,24.43,24.56,24.64,-0.08,-0.32,3986.29,9819.228,981.9228,9.819228,0.0981922799999999
600750.SH,600750,江中药业,20120328,24.56,24.6,23.7,23.84,24.56,-0.72,-2.93,8194.26,19746.765,1974.6765,19.746765,0.19746765
600750.SH,600750,江中药业,20120329,23.51,24.19,23.46,24.02,23.84,0.18,0.76,7244.55,17353.844,1735.3844,17.353844000000002,0.17353844
600750.SH,600750,江中药业,20120330,23.58,24.88,23.54,23.74,24.02,-0.28,-1.17,3323.34,7924.962,792.4962,7.924962000000001,0.07924962
600750.SH,600750,江中药业,20120405,23.8,24.2,23.55,24.19,23.74,0.45,1.9,10001.08,23936.762,2393.6762,23.936762,0.2393676199999999
600750.SH,600750,江中药业,20120406,24.4,24.4,23.92,24.07,24.19,-0.12,-0.5,8110.57,19537.653,1953.7653,19.537653,0.19537653
600750.SH,600750,江中药业,20120409,24.02,24.11,23.73,23.74,24.07,-0.33,-1.37,5796.2,13863.983,1386.3983,13.863983,0.13863983
600750.SH,600750,江中药业,20120410,23.55,23.88,23.3,23.76,23.74,0.02,0.08,8158.98,19251.366,1925.1366000000005,19.251366000000004,0.19251366
600750.SH,600750,江中药业,20120411,23.7,23.76,23.45,23.64,23.76,-0.12,-0.51,6512.08,15367.447,1536.7447,15.367447,0.15367447
600750.SH,600750,江中药业,20120412,23.51,23.99,23.37,23.85,23.64,0.21,0.89,31848.29,75262.083,7526.2083,75.262083,0.75262083
600750.SH,600750,江中药业,20120413,23.88,24.51,23.8,24.24,23.85,0.39,1.64,18522.61,44705.503,4470.5503,44.705503,0.44705503
600750.SH,600750,江中药业,20120416,24.0,24.85,24.0,24.44,24.24,0.2,0.83,15793.23,38743.175,3874.3175,38.743175,0.38743175
600750.SH,600750,江中药业,20120417,24.45,24.45,23.86,23.87,24.44,-0.57,-2.33,7730.37,18636.055,1863.6055,18.636055,0.18636055
600750.SH,600750,江中药业,20120418,24.0,24.62,23.7,24.54,23.87,0.67,2.81,18876.95,45623.22,4562.322,45.62322,0.4562322
600750.SH,600750,江中药业,20120419,24.4,24.5,23.8,24.1,24.54,-0.44,-1.79,13099.3,31546.121,3154.6121,31.546121,0.31546121
600750.SH,600750,江中药业,20120420,24.16,24.35,23.9,24.05,24.1,-0.05,-0.21,13386.52,32222.64,3222.264,32.22264,0.3222263999999999
600750.SH,600750,江中药业,20120423,24.0,24.5,23.95,24.47,24.05,0.42,1.75,16529.97,39882.144,3988.2144,39.882144,0.3988214399999999
600750.SH,600750,江中药业,20120424,24.34,25.7,24.3,25.29,24.47,0.82,3.35,54216.81,135603.097,13560.309700000002,135.60309700000002,1.3560309700000002
600750.SH,600750,江中药业,20120425,25.31,25.48,24.55,24.85,25.29,-0.44,-1.74,30272.34,75250.288,7525.0288,75.250288,0.75250288
600750.SH,600750,江中药业,20120426,24.85,25.5,24.71,25.3,24.85,0.45,1.81,17068.52,42804.572,4280.4572,42.804572,0.42804572
600750.SH,600750,江中药业,20120427,25.02,25.5,24.95,25.1,25.3,-0.2,-0.79,8283.04,20893.413,2089.3413,20.893413,0.20893413
600750.SH,600750,江中药业,20120502,25.41,25.72,25.21,25.7,25.1,0.6,2.39,16895.46,43081.222,4308.1222,43.081222,0.4308122199999999
600750.SH,600750,江中药业,20120503,25.77,26.38,25.51,26.36,25.7,0.66,2.57,31706.25,82835.029,8283.5029,82.83502899999999,0.8283502899999999
600750.SH,600750,江中药业,20120507,26.25,27.8,25.76,27.49,26.36,1.13,4.29,38026.36,102466.452,10246.6452,102.466452,1.02466452
600750.SH,600750,江中药业,20120508,27.3,27.65,26.8,27.21,27.49,-0.28,-1.02,22236.73,60659.146,6065.9146,60.659146,0.60659146
600750.SH,600750,江中药业,20120509,27.0,27.0,26.38,26.5,27.21,-0.71,-2.61,28118.69,74563.969,7456.3969,74.563969,0.74563969
600750.SH,600750,江中药业,20120510,26.54,28.4,26.36,26.87,26.5,0.37,1.4,26429.8,72810.836,7281.0836,72.810836,0.7281083599999999
600750.SH,600750,江中药业,20120511,26.85,27.83,26.48,27.23,26.87,0.36,1.34,17307.84,46637.652,4663.7652,46.637652,0.4663765199999999
600750.SH,600750,江中药业,20120514,27.3,28.12,27.01,27.04,27.23,-0.19,-0.7,22159.36,61206.073,6120.6073,61.206073,0.6120607299999999
600750.SH,600750,江中药业,20120515,26.63,27.3,26.45,27.04,27.04,0.0,0.0,10321.03,27666.17,2766.617,27.66617,0.2766616999999999
600750.SH,600750,江中药业,20120516,26.74,27.68,26.71,26.95,27.04,-0.09,-0.33,15546.75,42170.729,4217.0729,42.170729,0.42170729
600750.SH,600750,江中药业,20120517,26.95,27.61,26.95,27.57,26.95,0.62,2.3,19532.07,53537.823,5353.7823,53.537823,0.53537823
600750.SH,600750,江中药业,20120518,27.49,27.79,26.85,27.3,27.57,-0.27,-0.98,19592.71,53421.313,5342.1313,53.421313,0.5342131299999999
600750.SH,600750,江中药业,20120521,27.38,27.4,25.98,26.53,27.3,-0.77,-2.82,42698.13,113832.281,11383.2281,113.832281,1.13832281
600750.SH,600750,江中药业,20120522,26.51,27.0,26.4,26.8,26.53,0.27,1.02,9968.91,26534.779,2653.4779,26.534779,0.26534779
600750.SH,600750,江中药业,20120523,26.85,26.97,26.33,26.4,26.8,-0.4,-1.49,10384.73,27510.817,2751.0817,27.510817,0.27510817
600750.SH,600750,江中药业,20120524,26.4,26.89,26.3,26.52,26.4,0.12,0.45,6284.93,16704.254,1670.4254,16.704254000000002,0.16704254
600750.SH,600750,江中药业,20120525,26.2,26.76,25.6,26.57,26.22,0.35,1.33,12435.27,32498.521,3249.8521,32.498521000000004,0.32498521
600750.SH,600750,江中药业,20120528,26.48,26.98,26.05,26.68,26.57,0.11,0.41,11601.78,30943.958,3094.3958,30.943958,0.30943958
600750.SH,600750,江中药业,20120529,26.7,27.25,26.7,27.15,26.68,0.47,1.76,11528.65,31127.895,3112.7895,31.127895,0.31127895
600750.SH,600750,江中药业,20120530,27.14,27.6,26.95,27.2,27.15,0.05,0.18,18324.46,49937.722,4993.7722,49.937722,0.49937722
600750.SH,600750,江中药业,20120531,27.15,28.27,26.92,27.81,27.2,0.61,2.24,19957.15,55476.903,5547.6903,55.476903,0.55476903
600750.SH,600750,江中药业,20120601,27.9,28.28,27.6,27.89,27.81,0.08,0.29,8434.05,23541.022,2354.1022000000003,23.541022,0.23541022
600750.SH,600750,江中药业,20120604,27.75,27.78,27.0,27.11,27.89,-0.78,-2.8,24086.62,65916.215,6591.621499999999,65.916215,0.6591621499999999
600750.SH,600750,江中药业,20120605,27.15,27.6,26.31,26.95,27.11,-0.16,-0.59,25699.94,69802.191,6980.2191,69.80219100000001,0.69802191
600750.SH,600750,江中药业,20120606,26.8,27.1,26.4,26.43,26.95,-0.52,-1.93,9685.35,25816.305,2581.6305,25.816305000000003,0.25816305
600750.SH,600750,江中药业,20120607,26.75,26.9,26.11,26.23,26.43,-0.2,-0.76,7523.92,20043.571,2004.3571,20.043571,0.20043571
600750.SH,600750,江中药业,20120608,26.4,26.68,25.84,25.93,26.23,-0.3,-1.14,8468.53,22060.38,2206.038,22.06038,0.2206038
600750.SH,600750,江中药业,20120611,25.88,27.0,25.77,26.68,25.93,0.75,2.89,6725.35,17835.421,1783.5421,17.835421,0.17835421
600750.SH,600750,江中药业,20120612,26.56,27.85,26.33,27.76,26.68,1.08,4.05,30291.88,82867.6,8286.76,82.8676,0.828676
600750.SH,600750,江中药业,20120613,27.74,28.82,27.74,28.79,27.76,1.03,3.71,38951.72,110793.835,11079.3835,110.793835,1.10793835
600750.SH,600750,江中药业,20120614,28.7,29.15,28.41,28.9,28.79,0.11,0.38,31240.11,90052.573,9005.257300000001,90.05257300000001,0.9005257300000001
600750.SH,600750,江中药业,20120615,28.62,29.12,28.62,28.78,28.9,-0.12,-0.42,32758.93,94693.293,9469.3293,94.693293,0.94693293
600750.SH,600750,江中药业,20120618,28.59,29.5,28.5,29.15,28.78,0.37,1.29,35567.41,103601.578,10360.1578,103.601578,1.0360157799999998
600750.SH,600750,江中药业,20120619,29.06,29.19,28.23,28.66,29.15,-0.49,-1.68,24203.25,69708.115,6970.811500000001,69.708115,0.69708115
600750.SH,600750,江中药业,20120620,28.43,28.69,28.01,28.09,28.66,-0.57,-1.99,12758.51,35915.882,3591.5882,35.915882,0.35915882
600750.SH,600750,江中药业,20120621,28.28,28.3,27.56,27.64,28.09,-0.45,-1.6,11516.55,31906.327,3190.6327,31.906327,0.31906327
600750.SH,600750,江中药业,20120625,27.88,28.27,27.56,27.84,27.64,0.2,0.72,8357.91,23400.906,2340.0906,23.400906,0.23400906
600750.SH,600750,江中药业,20120626,27.88,28.09,26.81,27.09,27.84,-0.75,-2.69,16611.84,45054.405,4505.4405,45.054405,0.45054405
600750.SH,600750,江中药业,20120627,27.0,28.01,26.9,27.79,27.09,0.7,2.58,13828.26,38104.548,3810.4548,38.104548,0.38104548
600750.SH,600750,江中药业,20120628,27.99,28.18,27.51,27.79,27.79,0.0,0.0,10184.64,28295.12,2829.512,28.29512,0.2829511999999999
600750.SH,600750,江中药业,20120629,27.72,28.05,27.13,27.91,27.79,0.12,0.43,10306.42,28457.564,2845.7564,28.457564,0.2845756399999999
600750.SH,600750,江中药业,20120702,28.28,28.65,27.7,28.56,27.91,0.65,2.33,26831.02,75248.326,7524.8326,75.24832599999999,0.7524832599999999
600750.SH,600750,江中药业,20120703,28.5,28.52,26.98,27.23,28.56,-1.33,-4.66,44858.66,124253.007,12425.3007,124.253007,1.24253007
600750.SH,600750,江中药业,20120704,26.8,26.87,24.51,25.68,27.23,-1.55,-5.69,87457.16,222897.915,22289.7915,222.897915,2.22897915
600750.SH,600750,江中药业,20120705,25.06,25.9,24.65,25.53,25.68,-0.15,-0.58,30770.17,77919.309,7791.930899999999,77.919309,0.77919309
600750.SH,600750,江中药业,20120706,25.15,26.6,25.15,26.43,25.53,0.9,3.53,28967.99,75873.941,7587.3941,75.873941,0.75873941
600750.SH,600750,江中药业,20120709,26.16,26.77,25.71,25.96,26.43,-0.47,-1.78,20228.19,52774.687,5277.468699999999,52.77468699999999,0.52774687
600750.SH,600750,江中药业,20120710,25.96,25.96,24.75,24.9,25.96,-1.06,-4.08,30389.89,75996.859,7599.685899999999,75.996859,0.75996859
600750.SH,600750,江中药业,20120711,25.02,25.75,24.63,25.63,24.9,0.73,2.93,24110.5,60455.822,6045.5822,60.455822,0.6045582199999999
600750.SH,600750,江中药业,20120712,25.68,26.53,25.4,26.05,25.63,0.42,1.64,25522.1,66505.342,6650.5342,66.505342,0.66505342
600750.SH,600750,江中药业,20120713,26.02,26.4,25.66,26.2,26.05,0.15,0.58,10993.07,28796.986,2879.6986,28.796986,0.28796986
600750.SH,600750,江中药业,20120716,26.07,26.07,24.51,24.53,26.2,-1.67,-6.37,17514.23,43889.347,4388.9347,43.889347,0.43889347
600750.SH,600750,江中药业,20120717,24.77,24.77,23.8,24.18,24.53,-0.35,-1.43,15872.58,38403.385,3840.3385,38.403385,0.38403385
600750.SH,600750,江中药业,20120718,24.18,24.65,23.95,24.58,24.18,0.4,1.65,11548.0,28200.08,2820.0080000000003,28.200080000000003,0.2820008
600750.SH,600750,江中药业,20120719,24.45,24.6,24.2,24.54,24.58,-0.04,-0.16,11378.53,27742.683,2774.2683,27.742683000000003,0.27742683
600750.SH,600750,江中药业,20120720,24.32,24.52,23.71,23.8,24.54,-0.74,-3.02,10421.29,25018.298,2501.8298,25.018298,0.25018298
600750.SH,600750,江中药业,20120723,23.79,23.79,22.1,22.2,23.8,-1.6,-6.72,43210.29,97869.068,9786.9068,97.869068,0.97869068
600750.SH,600750,江中药业,20120724,22.25,22.74,22.11,22.38,22.2,0.18,0.81,17998.51,40415.069,4041.5069,40.415069,0.40415069
600750.SH,600750,江中药业,20120725,22.6,22.65,22.2,22.45,22.38,0.07,0.31,11637.82,26185.584,2618.5584,26.185584,0.26185584
600750.SH,600750,江中药业,20120726,22.47,22.97,22.41,22.69,22.45,0.24,1.07,21467.0,48791.355,4879.1355,48.791355,0.48791355
600750.SH,600750,江中药业,20120727,22.69,22.69,22.05,22.09,22.69,-0.6,-2.64,12638.84,28070.971,2807.0971,28.070971,0.28070971
600750.SH,600750,江中药业,20120730,22.1,22.38,21.88,22.18,22.09,0.09,0.41,10948.43,24209.746,2420.9746,24.209746,0.24209746
600750.SH,600750,江中药业,20120731,22.18,22.35,21.73,21.97,22.18,-0.21,-0.95,10158.67,22426.657,2242.6657,22.426657,0.22426657
600750.SH,600750,江中药业,20120801,21.91,22.79,21.91,22.78,21.97,0.81,3.69,10534.59,23636.025,2363.6025,23.636025,0.23636025
600750.SH,600750,江中药业,20120802,22.58,23.68,22.52,23.25,22.78,0.47,2.06,22626.47,52345.457,5234.545700000001,52.345457,0.5234545700000001
600750.SH,600750,江中药业,20120803,23.27,23.67,23.03,23.66,23.25,0.41,1.76,20308.63,47596.317,4759.6317,47.596317,0.47596317
600750.SH,600750,江中药业,20120806,23.3,23.88,23.3,23.52,23.66,-0.14,-0.59,18474.07,43790.103,4379.0103,43.790103,0.43790103
600750.SH,600750,江中药业,20120807,23.65,24.9,23.65,24.89,23.52,1.37,5.82,32274.57,78702.052,7870.205199999999,78.702052,0.78702052
600750.SH,600750,江中药业,20120808,24.79,25.17,24.37,24.69,24.89,-0.2,-0.8,27699.51,68716.873,6871.6873000000005,68.716873,0.6871687300000001
600750.SH,600750,江中药业,20120809,24.76,24.85,24.2,24.84,24.69,0.15,0.61,17402.02,42849.762,4284.9762,42.849762,0.4284976199999999
600750.SH,600750,江中药业,20120810,24.95,24.95,24.3,24.55,24.84,-0.29,-1.17,17024.03,41737.058,4173.7058,41.737058,0.41737058
600750.SH,600750,江中药业,20120813,24.5,24.7,24.15,24.39,24.55,-0.16,-0.65,15870.66,38828.932,3882.8932,38.828932,0.38828932
600750.SH,600750,江中药业,20120814,24.15,24.55,23.38,23.96,24.39,-0.43,-1.76,24733.87,58688.303,5868.8303,58.688303,0.58688303
600750.SH,600750,江中药业,20120815,23.94,24.0,23.43,23.66,23.96,-0.3,-1.25,12826.72,30420.568,3042.0568,30.420568,0.30420568
600750.SH,600750,江中药业,20120816,23.45,23.82,23.31,23.74,23.66,0.08,0.34,4169.62,9835.968,983.5968,9.835968,0.09835968
600750.SH,600750,江中药业,20120817,23.36,23.68,23.35,23.5,23.74,-0.24,-1.01,3959.02,9290.702,929.0702,9.290702,0.0929070199999999
600750.SH,600750,江中药业,20120820,23.51,24.12,23.03,24.01,23.5,0.51,2.17,7029.78,16572.213,1657.2213,16.572212999999998,0.1657221299999999
600750.SH,600750,江中药业,20120821,24.34,24.42,23.78,24.04,24.01,0.03,0.12,15116.4,36489.178,3648.9178,36.489178,0.36489178
600750.SH,600750,江中药业,20120822,24.04,24.27,23.41,23.55,24.04,-0.49,-2.04,14612.65,34511.232,3451.1232000000005,34.51123200000001,0.3451123200000001
600750.SH,600750,江中药业,20120823,23.53,24.06,23.5,23.72,23.55,0.17,0.72,8939.77,21228.111,2122.8111,21.228111,0.21228111
600750.SH,600750,江中药业,20120824,23.51,23.73,23.37,23.49,23.72,-0.23,-0.97,3774.85,8883.55,888.3549999999999,8.88355,0.0888355
600750.SH,600750,江中药业,20120827,23.4,23.4,22.32,22.48,23.49,-1.01,-4.3,12075.89,27503.313,2750.3313,27.503313,0.2750331299999999
600750.SH,600750,江中药业,20120828,22.69,23.0,22.64,22.8,22.48,0.32,1.42,4714.19,10739.016,1073.9016,10.739016,0.10739016
600750.SH,600750,江中药业,20120829,22.81,23.17,22.0,22.39,22.8,-0.41,-1.8,5027.43,11398.163,1139.8163,11.398163,0.11398163
600750.SH,600750,江中药业,20120830,22.3,22.45,21.31,22.26,22.39,-0.13,-0.58,5038.61,11082.029,1108.2029,11.082029,0.11082029
600750.SH,600750,江中药业,20120831,22.26,22.58,21.82,21.9,22.26,-0.36,-1.62,6362.91,13982.739,1398.2739,13.982739,0.13982739
600750.SH,600750,江中药业,20120903,22.07,22.92,21.9,22.87,21.9,0.97,4.43,7083.91,15913.391,1591.3391,15.913391,0.15913391
600750.SH,600750,江中药业,20120904,22.96,23.11,22.21,22.42,22.87,-0.45,-1.97,5922.85,13444.922,1344.4922,13.444922000000002,0.13444922
600750.SH,600750,江中药业,20120905,22.11,22.65,22.11,22.5,22.42,0.08,0.36,4028.01,9025.343,902.5343,9.025343,0.09025343
600750.SH,600750,江中药业,20120906,22.5,22.75,22.24,22.49,22.5,-0.01,-0.04,7716.57,17273.103,1727.3103,17.273103,0.1727310299999999
600750.SH,600750,江中药业,20120907,22.56,23.55,22.55,23.0,22.49,0.51,2.27,26209.5,60723.899,6072.3899,60.723899,0.60723899
600750.SH,600750,江中药业,20120910,23.13,23.52,23.0,23.44,23.0,0.44,1.91,15558.36,36223.639,3622.3639,36.223639000000006,0.3622363900000001
600750.SH,600750,江中药业,20120911,23.5,23.85,23.24,23.58,23.44,0.14,0.6,12893.41,30362.255,3036.2255,30.362255,0.30362255
600750.SH,600750,江中药业,20120912,23.84,23.99,23.5,23.6,23.58,0.02,0.08,11406.07,27077.079,2707.7079000000003,27.077079000000005,0.27077079
600750.SH,600750,江中药业,20120913,23.75,23.75,23.28,23.29,23.6,-0.31,-1.31,6877.92,16144.958,1614.4958,16.144958000000003,0.16144958
600750.SH,600750,江中药业,20120914,23.47,23.6,22.83,22.92,23.29,-0.37,-1.59,10310.4,23753.521,2375.3521,23.753521,0.23753521
600750.SH,600750,江中药业,20120917,23.0,23.0,22.2,22.52,22.92,-0.4,-1.75,8724.35,19715.985,1971.5985,19.715985,0.19715985
600750.SH,600750,江中药业,20120918,22.62,23.39,22.11,22.18,22.52,-0.34,-1.51,11830.48,26547.637,2654.7637,26.547637,0.2654763699999999
600750.SH,600750,江中药业,20120919,22.18,22.6,22.16,22.19,22.18,0.01,0.05,8460.78,18880.857,1888.0857,18.880857,0.18880857
600750.SH,600750,江中药业,20120920,22.25,22.47,21.15,21.28,22.19,-0.91,-4.1,11186.69,24257.136,2425.7136,24.257136,0.2425713599999999
600750.SH,600750,江中药业,20120921,21.3,21.46,20.43,20.58,21.28,-0.7,-3.29,16388.44,34178.661,3417.8661,34.178661000000005,0.34178661
600750.SH,600750,江中药业,20120924,20.58,20.7,20.2,20.62,20.58,0.04,0.19,11108.76,22760.581,2276.0581,22.760581,0.22760581
600750.SH,600750,江中药业,20120925,20.62,20.95,20.4,20.64,20.62,0.02,0.1,5446.7,11256.043,1125.6043,11.256043,0.11256043
600750.SH,600750,江中药业,20120926,20.8,20.8,19.56,19.8,20.64,-0.84,-4.07,25918.37,51466.534,5146.6534,51.466534,0.5146653400000001
600750.SH,600750,江中药业,20120927,19.6,20.27,19.55,19.94,19.8,0.14,0.71,22020.87,43996.07,4399.607,43.99607,0.4399607
600750.SH,600750,江中药业,20120928,19.95,20.46,19.73,20.23,19.94,0.29,1.45,22727.06,46123.387,4612.3387,46.123387,0.46123387
600750.SH,600750,江中药业,20121008,20.22,20.93,20.22,20.68,20.23,0.45,2.22,11803.63,24360.725,2436.0725,24.360725,0.24360725
600750.SH,600750,江中药业,20121009,20.7,21.5,20.46,21.45,20.68,0.77,3.72,35268.56,74695.745,7469.5745,74.695745,0.74695745
600750.SH,600750,江中药业,20121010,21.4,21.5,20.8,21.03,21.45,-0.42,-1.96,46171.72,97423.297,9742.3297,97.423297,0.97423297
600750.SH,600750,江中药业,20121011,21.4,21.4,20.6,20.63,21.03,-0.4,-1.9,13371.5,27898.25,2789.825,27.89825,0.2789824999999999
600750.SH,600750,江中药业,20121012,20.76,20.8,19.8,20.07,20.63,-0.56,-2.71,30563.67,61480.883,6148.0883,61.480883000000006,0.6148088300000001
600750.SH,600750,江中药业,20121015,20.14,20.45,20.0,20.44,20.07,0.37,1.84,18414.98,37317.623,3731.7623,37.317623,0.37317623
600750.SH,600750,江中药业,20121016,20.4,21.45,20.33,21.0,20.44,0.56,2.74,34401.28,72359.234,7235.9234,72.359234,0.7235923400000001
600750.SH,600750,江中药业,20121017,21.08,21.48,20.84,21.35,21.0,0.35,1.67,23389.26,49794.37,4979.437,49.79437,0.4979437
600750.SH,600750,江中药业,20121018,21.4,21.65,21.34,21.36,21.35,0.01,0.05,18021.17,38660.988,3866.0988,38.660988,0.3866098799999999
600750.SH,600750,江中药业,20121019,21.35,21.67,21.27,21.45,21.36,0.09,0.42,17567.68,37803.885,3780.3885,37.803885,0.37803885
600750.SH,600750,江中药业,20121022,21.4,22.27,21.4,22.23,21.45,0.78,3.64,51201.8,112884.967,11288.4967,112.884967,1.12884967
600750.SH,600750,江中药业,20121023,22.15,22.3,21.58,21.68,22.23,-0.55,-2.47,33136.46,72774.429,7277.4429,72.774429,0.72774429
600750.SH,600750,江中药业,20121024,21.51,21.87,21.33,21.47,21.68,-0.21,-0.97,9618.42,20722.984,2072.2984,20.722984,0.20722984
600750.SH,600750,江中药业,20121025,21.39,21.45,20.35,20.43,21.47,-1.04,-4.84,31961.86,66370.801,6637.080100000001,66.37080100000001,0.6637080100000001
600750.SH,600750,江中药业,20121026,20.4,20.6,20.03,20.38,20.43,-0.05,-0.24,22323.18,45369.767,4536.9767,45.369767,0.45369767
600750.SH,600750,江中药业,20121029,20.36,20.48,19.91,20.03,20.38,-0.35,-1.72,15733.16,31756.818,3175.6818,31.756818,0.31756818
600750.SH,600750,江中药业,20121030,20.02,20.48,20.02,20.41,20.03,0.38,1.9,11817.92,23991.916,2399.1916,23.991916,0.23991916
600750.SH,600750,江中药业,20121031,20.41,20.73,20.22,20.67,20.41,0.26,1.27,6675.39,13670.812,1367.0812,13.670812000000002,0.13670812
600750.SH,600750,江中药业,20121101,20.5,20.9,20.5,20.83,20.67,0.16,0.77,9238.27,19167.923,1916.7923,19.167923,0.1916792299999999
600750.SH,600750,江中药业,20121102,20.86,20.91,20.32,20.51,20.83,-0.32,-1.54,9757.35,20063.536,2006.3536,20.063536,0.2006353599999999
600750.SH,600750,江中药业,20121105,21.2,22.56,21.08,22.56,20.51,2.05,10.0,122646.19,275228.834,27522.8834,275.228834,2.75228834
600750.SH,600750,江中药业,20121106,22.68,23.45,22.5,23.24,22.56,0.68,3.01,102827.73,235437.354,23543.7354,235.437354,2.35437354
600750.SH,600750,江中药业,20121107,23.01,23.01,22.4,22.66,23.24,-0.58,-2.5,42468.15,96265.623,9626.5623,96.26562300000002,0.9626562300000002
600750.SH,600750,江中药业,20121108,22.46,23.0,22.36,22.49,22.66,-0.17,-0.75,31218.64,70991.993,7099.1993,70.99199300000001,0.7099199300000001
600750.SH,600750,江中药业,20121109,22.68,22.72,21.98,22.06,22.49,-0.43,-1.91,21844.44,48566.009,4856.6009,48.566009,0.4856600899999999
600750.SH,600750,江中药业,20121112,22.05,22.19,21.58,22.16,22.06,0.1,0.45,26399.28,57665.283,5766.5283,57.665283,0.57665283
600750.SH,600750,江中药业,20121113,22.07,22.1,21.41,22.01,22.16,-0.15,-0.68,21650.54,47133.081,4713.3081,47.133081,0.47133081
600750.SH,600750,江中药业,20121114,21.95,22.52,21.72,22.49,22.01,0.48,2.18,19214.29,42782.02,4278.201999999999,42.78202,0.4278202
600750.SH,600750,江中药业,20121115,22.5,22.68,21.8,22.11,22.49,-0.38,-1.69,30610.77,67801.507,6780.1507,67.801507,0.67801507
600750.SH,600750,江中药业,20121116,21.9,21.91,19.9,19.99,22.11,-2.12,-9.59,60444.43,123517.022,12351.7022,123.517022,1.23517022
600750.SH,600750,江中药业,20121119,19.8,20.0,18.96,19.69,19.99,-0.3,-1.5,68726.12,132353.378,13235.3378,132.353378,1.32353378
600750.SH,600750,江中药业,20121120,19.58,19.58,19.1,19.16,19.69,-0.53,-2.69,37627.65,72529.331,7252.9331,72.529331,0.72529331
600750.SH,600750,江中药业,20121121,19.01,19.39,18.95,19.35,19.16,0.19,0.99,11664.14,22405.235,2240.5235,22.405235,0.22405235
600750.SH,600750,江中药业,20121122,19.3,19.43,19.05,19.36,19.35,0.01,0.05,7870.08,15191.845,1519.1844999999998,15.191845,0.1519184499999999
600750.SH,600750,江中药业,20121123,19.36,19.68,19.16,19.65,19.36,0.29,1.5,16948.03,33044.515,3304.4515,33.044515000000004,0.33044515
600750.SH,600750,江中药业,20121126,19.66,19.66,19.0,19.17,19.65,-0.48,-2.44,9370.59,18112.668,1811.2668,18.112668,0.1811266799999999
600750.SH,600750,江中药业,20121127,19.0,19.18,17.71,17.98,19.17,-1.19,-6.21,25674.76,46571.007,4657.1007,46.571007,0.46571007
600750.SH,600750,江中药业,20121128,18.2,18.35,17.15,17.38,17.98,-0.6,-3.34,57315.19,101400.263,10140.0263,101.400263,1.01400263
600750.SH,600750,江中药业,20121129,17.45,18.11,17.45,18.06,17.38,0.68,3.91,35135.65,62512.158,6251.2158,62.512158,0.62512158
600750.SH,600750,江中药业,20121130,18.0,18.55,17.8,18.49,18.06,0.43,2.38,22859.34,41640.655,4164.0655,41.640655,0.4164065499999999
600750.SH,600750,江中药业,20121203,18.46,18.46,17.2,18.04,18.49,-0.45,-2.43,30029.28,53287.115,5328.711499999999,53.28711499999999,0.53287115
600750.SH,600750,江中药业,20121204,17.8,18.03,17.2,17.86,18.04,-0.18,-1.0,20741.7,36353.124,3635.3124,36.353124,0.36353124
600750.SH,600750,江中药业,20121205,17.6,18.4,17.6,18.13,17.86,0.27,1.51,42196.35,76633.883,7663.3883,76.63388300000001,0.7663388300000001
600750.SH,600750,江中药业,20121206,18.4,18.4,17.85,17.89,18.13,-0.24,-1.32,20082.78,36207.307,3620.7307,36.207307,0.36207307
600750.SH,600750,江中药业,20121207,17.71,18.35,17.71,18.32,17.89,0.43,2.4,22523.88,40978.947,4097.8947,40.978947,0.40978947
600750.SH,600750,江中药业,20121210,18.28,19.71,18.13,19.26,18.32,0.94,5.13,39883.95,74996.01,7499.601,74.99601,0.7499601
600750.SH,600750,江中药业,20121211,19.18,19.48,18.82,19.03,19.26,-0.23,-1.19,23399.67,44870.88,4487.088,44.87088,0.4487088
600750.SH,600750,江中药业,20121212,18.99,19.17,18.45,18.63,19.03,-0.4,-2.1,24788.97,46425.35,4642.535,46.42535,0.4642535
600750.SH,600750,江中药业,20121213,18.55,18.72,18.21,18.37,18.63,-0.26,-1.4,20261.97,37358.984,3735.8984,37.35898399999999,0.3735898399999999
600750.SH,600750,江中药业,20121214,18.39,19.68,18.27,19.39,18.37,1.02,5.55,45449.31,85732.465,8573.2465,85.73246499999999,0.8573246499999999
600750.SH,600750,江中药业,20121217,19.4,19.4,18.74,19.09,19.39,-0.3,-1.55,33375.77,63321.129,6332.1129,63.321129,0.63321129
600750.SH,600750,江中药业,20121218,19.01,19.7,18.79,19.2,19.09,0.11,0.58,40612.75,77810.467,7781.046700000001,77.810467,0.77810467
600750.SH,600750,江中药业,20121219,19.11,19.37,19.06,19.09,19.2,-0.11,-0.57,20932.08,40094.772,4009.4772,40.094772,0.40094772
600750.SH,600750,江中药业,20121220,19.07,19.07,18.53,18.76,19.09,-0.33,-1.73,29155.2,54628.581,5462.8581,54.628581,0.54628581
600750.SH,600750,江中药业,20121221,18.8,19.36,18.6,19.1,18.76,0.34,1.81,42777.87,81223.34,8122.334,81.22334,0.8122333999999999
600750.SH,600750,江中药业,20121224,18.91,19.6,18.75,19.27,19.1,0.17,0.89,56527.73,108884.805,10888.4805,108.884805,1.08884805
600750.SH,600750,江中药业,20121225,19.31,19.87,19.3,19.75,19.27,0.48,2.49,56391.33,110412.755,11041.2755,110.412755,1.10412755
600750.SH,600750,江中药业,20121226,19.75,19.8,19.56,19.79,19.75,0.04,0.2,32944.01,64883.165,6488.3165,64.883165,0.6488316500000001
600750.SH,600750,江中药业,20121227,19.78,19.86,19.2,19.31,19.79,-0.48,-2.43,54020.74,104934.948,10493.4948,104.934948,1.04934948
600750.SH,600750,江中药业,20121228,19.32,19.4,19.11,19.33,19.31,0.02,0.1,26512.67,51078.329,5107.832899999999,51.078329,0.51078329
600750.SH,600750,江中药业,20121231,19.31,20.17,19.23,19.72,19.33,0.39,2.02,72685.62,143625.785,14362.5785,143.625785,1.43625785
600750.SH,600750,江中药业,20130104,19.78,19.88,19.36,19.48,19.72,-0.24,-1.22,46820.92,91477.606,9147.7606,91.477606,0.91477606
600750.SH,600750,江中药业,20130107,19.6,20.0,19.22,19.95,19.48,0.47,2.41,60243.96,117945.712,11794.5712,117.945712,1.17945712
600750.SH,600750,江中药业,20130108,19.79,21.2,19.79,21.16,19.95,1.21,6.07,107254.9,220491.873,22049.1873,220.491873,2.20491873
600750.SH,600750,江中药业,20130109,21.17,21.38,20.78,20.84,21.16,-0.32,-1.51,52096.9,109640.075,10964.0075,109.640075,1.09640075
600750.SH,600750,江中药业,20130110,20.84,21.35,20.77,21.32,20.84,0.48,2.3,34638.99,73067.382,7306.7382,73.067382,0.7306738199999999
600750.SH,600750,江中药业,20130111,21.4,21.6,20.92,20.97,21.32,-0.35,-1.64,49352.21,104848.323,10484.8323,104.848323,1.04848323
600750.SH,600750,江中药业,20130114,21.0,21.8,21.0,21.54,20.97,0.57,2.72,36506.21,78607.178,7860.7178,78.607178,0.78607178
600750.SH,600750,江中药业,20130115,21.53,22.5,21.42,22.29,21.54,0.75,3.48,52710.49,115694.671,11569.4671,115.694671,1.15694671
600750.SH,600750,江中药业,20130116,22.1,22.35,21.9,22.28,22.29,-0.01,-0.04,35913.19,79462.961,7946.2961,79.46296099999999,0.7946296099999999
600750.SH,600750,江中药业,20130117,22.25,23.07,21.76,21.9,22.28,-0.38,-1.71,37874.3,85246.166,8524.6166,85.24616599999999,0.8524616599999999
600750.SH,600750,江中药业,20130118,21.92,22.5,21.8,22.2,21.9,0.3,1.37,27378.97,60663.956,6066.3956,60.663956,0.60663956
600750.SH,600750,江中药业,20130121,22.25,22.61,22.0,22.53,22.2,0.33,1.49,35037.49,77902.592,7790.2592,77.902592,0.77902592
600750.SH,600750,江中药业,20130122,22.5,22.51,21.7,21.97,22.53,-0.56,-2.49,26630.21,58577.319,5857.731900000001,58.57731900000001,0.58577319
600750.SH,600750,江中药业,20130123,21.9,22.0,21.5,21.65,21.97,-0.32,-1.46,19557.22,42341.221,4234.1221,42.341221,0.4234122099999999
600750.SH,600750,江中药业,20130124,21.66,21.87,20.2,20.47,21.65,-1.18,-5.45,35862.6,75471.69,7547.169,75.47169,0.7547168999999999
600750.SH,600750,江中药业,20130125,20.57,20.98,20.2,20.5,20.47,0.03,0.15,38623.41,79321.268,7932.1268,79.321268,0.79321268
600750.SH,600750,江中药业,20130128,20.8,21.47,20.42,21.36,20.5,0.86,4.2,54970.42,114489.865,11448.9865,114.489865,1.14489865
600750.SH,600750,江中药业,20130129,21.31,21.34,20.57,20.79,21.36,-0.57,-2.67,57955.65,120812.947,12081.2947,120.812947,1.20812947
600750.SH,600750,江中药业,20130130,20.79,20.94,20.29,20.48,20.79,-0.31,-1.49,35633.03,72997.814,7299.7814,72.997814,0.72997814
600750.SH,600750,江中药业,20130131,20.48,20.67,20.18,20.32,20.48,-0.16,-0.78,35590.17,72352.28,7235.228,72.35228000000001,0.7235228
600750.SH,600750,江中药业,20130201,20.21,20.5,20.1,20.31,20.32,-0.01,-0.05,45766.8,92538.777,9253.8777,92.538777,0.92538777
600750.SH,600750,江中药业,20130204,20.4,20.4,19.82,19.91,20.31,-0.4,-1.97,50236.92,100745.978,10074.5978,100.745978,1.00745978
600750.SH,600750,江中药业,20130205,19.85,20.43,19.79,20.32,19.91,0.41,2.06,45078.74,90968.852,9096.8852,90.968852,0.90968852
600750.SH,600750,江中药业,20130206,20.38,21.98,20.35,21.35,20.32,1.03,5.07,101565.92,215554.773,21555.4773,215.554773,2.15554773
600750.SH,600750,江中药业,20130207,21.18,21.95,21.11,21.89,21.35,0.54,2.53,48127.54,103890.404,10389.0404,103.890404,1.03890404
600750.SH,600750,江中药业,20130208,21.89,22.52,21.7,22.49,21.89,0.6,2.74,45353.71,101222.559,10122.2559,101.222559,1.01222559
600750.SH,600750,江中药业,20130218,22.5,22.68,21.7,22.15,22.49,-0.34,-1.51,39255.25,86686.919,8668.6919,86.686919,0.8668691900000001
600750.SH,600750,江中药业,20130219,22.15,22.39,21.75,21.99,22.15,-0.16,-0.72,45062.66,99601.891,9960.1891,99.601891,0.99601891
600750.SH,600750,江中药业,20130220,21.88,23.39,21.88,23.3,21.99,1.31,5.96,97354.4,223843.002,22384.3002,223.843002,2.23843002
600750.SH,600750,江中药业,20130221,23.26,23.4,22.67,23.0,23.3,-0.3,-1.29,57794.39,133261.435,13326.1435,133.261435,1.33261435
600750.SH,600750,江中药业,20130222,22.95,23.68,22.7,22.98,23.0,-0.02,-0.09,49107.07,114173.906,11417.3906,114.173906,1.14173906
600750.SH,600750,江中药业,20130225,23.0,23.5,22.9,23.29,22.98,0.31,1.35,33274.45,77104.738,7710.4738,77.104738,0.77104738
600750.SH,600750,江中药业,20130226,23.25,23.96,23.01,23.54,23.29,0.25,1.07,55826.38,132226.851,13222.6851,132.22685099999998,1.3222685099999998
600750.SH,600750,江中药业,20130227,23.7,23.7,22.6,22.98,23.54,-0.56,-2.38,40778.05,93501.595,9350.1595,93.501595,0.93501595
600750.SH,600750,江中药业,20130228,22.91,23.26,22.5,23.05,22.98,0.07,0.3,45018.21,102844.87,10284.487,102.84487,1.0284486999999998
600750.SH,600750,江中药业,20130301,23.01,23.89,22.68,23.68,23.05,0.63,2.73,44977.53,105909.793,10590.9793,105.909793,1.05909793
600750.SH,600750,江中药业,20130304,23.52,24.35,22.57,22.98,23.68,-0.7,-2.96,54537.24,128575.714,12857.5714,128.575714,1.28575714
600750.SH,600750,江中药业,20130305,22.97,24.23,22.82,24.19,22.98,1.21,5.27,57438.93,136850.781,13685.0781,136.85078099999998,1.36850781
600750.SH,600750,江中药业,20130306,24.37,25.05,24.01,24.7,24.19,0.51,2.11,41245.5,101777.494,10177.7494,101.777494,1.01777494
600750.SH,600750,江中药业,20130307,24.68,24.68,23.51,23.91,24.7,-0.79,-3.2,41322.4,99130.992,9913.0992,99.130992,0.99130992
600750.SH,600750,江中药业,20130308,23.9,24.45,23.3,24.24,23.91,0.33,1.38,38257.79,91098.887,9109.8887,91.098887,0.91098887
600750.SH,600750,江中药业,20130311,24.06,24.63,23.68,24.35,24.24,0.11,0.45,31824.32,77639.84,7763.983999999999,77.63983999999999,0.7763983999999999
600750.SH,600750,江中药业,20130312,24.33,24.33,23.16,23.41,24.35,-0.94,-3.86,37744.1,89097.008,8909.7008,89.097008,0.89097008
600750.SH,600750,江中药业,20130313,23.27,23.53,22.8,23.01,23.41,-0.4,-1.71,29307.28,67512.741,6751.2741,67.51274099999999,0.6751274099999999
600750.SH,600750,江中药业,20130314,23.01,23.6,22.81,23.39,23.01,0.38,1.65,37041.05,86332.678,8633.2678,86.332678,0.86332678
600750.SH,600750,江中药业,20130315,23.39,23.92,23.0,23.31,23.39,-0.08,-0.34,30985.41,73171.331,7317.133100000001,73.17133100000001,0.7317133100000001
600750.SH,600750,江中药业,20130318,23.58,23.58,22.43,22.7,23.31,-0.61,-2.62,31619.78,72359.453,7235.945299999999,72.35945299999999,0.7235945299999998
600750.SH,600750,江中药业,20130319,22.7,23.03,22.37,22.68,22.7,-0.02,-0.09,25407.37,57478.961,5747.8961,57.478961,0.57478961
600750.SH,600750,江中药业,20130320,22.7,23.17,22.58,23.14,22.68,0.46,2.03,25297.26,57966.113,5796.6113,57.96611299999999,0.57966113
600750.SH,600750,江中药业,20130321,23.01,23.66,22.94,23.45,23.14,0.31,1.34,29441.4,68522.227,6852.2227,68.522227,0.68522227
600750.SH,600750,江中药业,20130322,23.33,23.47,22.65,22.68,23.45,-0.77,-3.28,46852.67,107152.576,10715.2576,107.152576,1.07152576
600750.SH,600750,江中药业,20130325,22.67,23.17,22.15,22.98,22.68,0.3,1.32,46513.55,105181.885,10518.1885,105.181885,1.05181885
600750.SH,600750,江中药业,20130326,22.9,23.22,22.36,22.81,22.98,-0.17,-0.74,40336.84,91722.171,9172.2171,91.722171,0.91722171
600750.SH,600750,江中药业,20130327,22.78,23.66,22.73,23.54,22.81,0.73,3.2,49499.97,115807.936,11580.7936,115.807936,1.15807936
600750.SH,600750,江中药业,20130328,23.66,23.66,22.75,23.09,23.54,-0.45,-1.91,36294.26,83738.957,8373.8957,83.73895699999998,0.8373895699999998
600750.SH,600750,江中药业,20130329,23.02,23.05,22.48,22.8,23.09,-0.29,-1.26,24352.72,55240.689,5524.0689,55.240689,0.55240689
600750.SH,600750,江中药业,20130401,22.75,23.07,22.6,22.91,22.8,0.11,0.48,11845.28,27050.302,2705.0302,27.050302,0.27050302
600750.SH,600750,江中药业,20130402,22.89,22.89,21.18,21.61,22.91,-1.3,-5.67,48317.1,106062.168,10606.2168,106.062168,1.06062168
600750.SH,600750,江中药业,20130403,21.58,21.58,20.8,20.99,21.61,-0.62,-2.87,30953.55,65345.609,6534.5609,65.345609,0.6534560899999999
600750.SH,600750,江中药业,20130408,21.0,21.09,20.51,20.87,20.99,-0.12,-0.57,28826.19,59685.155,5968.5155,59.685155,0.5968515499999999
600750.SH,600750,江中药业,20130409,20.87,21.14,20.5,20.6,20.87,-0.27,-1.29,39333.11,81484.098,8148.409799999999,81.48409799999999,0.8148409799999999
600750.SH,600750,江中药业,20130410,20.78,20.78,19.85,19.98,20.6,-0.62,-3.01,57437.59,115292.517,11529.2517,115.292517,1.15292517
600750.SH,600750,江中药业,20130411,20.1,20.18,19.96,20.13,19.98,0.15,0.75,35497.91,71216.627,7121.662699999999,71.21662699999999,0.7121662699999999
600750.SH,600750,江中药业,20130412,20.12,20.31,19.79,19.92,20.13,-0.21,-1.04,24418.23,49144.5,4914.45,49.1445,0.491445
600750.SH,600750,江中药业,20130415,19.89,20.05,19.49,19.62,19.92,-0.3,-1.51,28831.04,56764.398,5676.4398,56.764398,0.56764398
600750.SH,600750,江中药业,20130416,19.28,19.8,19.07,19.4,19.62,-0.22,-1.12,42234.09,81629.974,8162.9974,81.629974,0.81629974
600750.SH,600750,江中药业,20130417,19.5,19.76,19.26,19.73,19.4,0.33,1.7,47651.35,92909.922,9290.9922,92.909922,0.92909922
600750.SH,600750,江中药业,20130418,19.66,19.9,19.38,19.6,19.73,-0.13,-0.66,43366.23,85000.262,8500.0262,85.000262,0.85000262
600750.SH,600750,江中药业,20130419,19.61,20.5,19.61,20.33,19.6,0.73,3.72,74357.0,149740.813,14974.0813,149.740813,1.49740813
600750.SH,600750,江中药业,20130422,20.3,20.64,20.13,20.57,20.33,0.24,1.18,39085.05,79724.046,7972.4046,79.724046,0.79724046
600750.SH,600750,江中药业,20130423,20.51,20.6,19.8,19.83,20.57,-0.74,-3.6,34035.55,68060.494,6806.049400000001,68.060494,0.68060494
600750.SH,600750,江中药业,20130424,19.79,20.3,19.72,20.26,19.83,0.43,2.17,26429.24,53008.475,5300.8475,53.008475,0.53008475
600750.SH,600750,江中药业,20130425,20.2,20.2,19.72,19.88,20.26,-0.38,-1.88,30059.89,59920.349,5992.034900000001,59.92034900000001,0.5992034900000001
600750.SH,600750,江中药业,20130426,19.85,20.3,19.74,19.9,19.88,0.02,0.1,22584.75,45263.468,4526.3468,45.263468,0.45263468
600750.SH,600750,江中药业,20130502,19.6,19.75,18.8,19.42,19.9,-0.48,-2.41,68837.64,131401.196,13140.1196,131.401196,1.31401196
600750.SH,600750,江中药业,20130503,19.21,19.5,19.05,19.33,19.42,-0.09,-0.46,50731.72,98012.278,9801.2278,98.012278,0.98012278
600750.SH,600750,江中药业,20130506,19.42,19.79,19.21,19.67,19.33,0.34,1.76,31883.42,62242.368,6224.236800000001,62.242368000000006,0.62242368
600750.SH,600750,江中药业,20130507,20.23,20.23,19.54,19.71,19.67,0.04,0.2,31387.37,61930.42,6193.042,61.93042,0.6193042
600750.SH,600750,江中药业,20130508,20.2,20.5,19.75,20.4,19.71,0.69,3.5,57245.12,114994.216,11499.4216,114.994216,1.14994216
600750.SH,600750,江中药业,20130509,20.39,20.69,20.19,20.31,20.4,-0.09,-0.44,48369.83,98978.721,9897.8721,98.978721,0.98978721
600750.SH,600750,江中药业,20130510,20.3,20.47,20.23,20.33,20.31,0.02,0.1,38129.39,77541.07,7754.107000000001,77.54107,0.7754107
600750.SH,600750,江中药业,20130513,20.34,20.55,20.08,20.47,20.33,0.14,0.69,27454.21,55816.081,5581.6081,55.816081,0.55816081
600750.SH,600750,江中药业,20130514,20.48,20.55,20.16,20.29,20.47,-0.18,-0.88,25746.71,52184.937,5218.4937,52.184937,0.52184937
600750.SH,600750,江中药业,20130515,20.38,21.68,20.35,21.54,20.29,1.25,6.16,83115.08,176079.819,17607.9819,176.079819,1.7607981899999998
600750.SH,600750,江中药业,20130516,21.48,22.14,21.3,21.64,21.54,0.1,0.46,74673.89,163164.195,16316.4195,163.164195,1.63164195
600750.SH,600750,江中药业,20130517,21.72,22.11,21.45,22.1,21.64,0.46,2.13,52380.56,114104.229,11410.4229,114.10422900000002,1.14104229
600750.SH,600750,江中药业,20130520,22.18,22.25,21.56,21.69,22.1,-0.41,-1.86,69680.08,151955.975,15195.5975,151.955975,1.51955975
600750.SH,600750,江中药业,20130521,21.67,22.73,21.5,22.6,21.69,0.91,4.2,60287.3,134152.211,13415.2211,134.152211,1.34152211
600750.SH,600750,江中药业,20130522,22.8,22.8,22.15,22.37,22.6,-0.23,-1.02,34661.22,77495.628,7749.5628,77.495628,0.7749562799999999
600750.SH,600750,江中药业,20130523,22.02,22.27,21.72,21.8,22.07,-0.27,-1.22,27764.91,60828.938,6082.8938,60.828938,0.60828938
600750.SH,600750,江中药业,20130524,21.78,22.09,21.52,22.04,21.8,0.24,1.1,26271.57,57237.846,5723.7846,57.237846,0.5723784599999999
600750.SH,600750,江中药业,20130527,22.3,22.3,21.8,21.87,22.04,-0.17,-0.77,41979.27,92133.251,9213.3251,92.133251,0.92133251
600750.SH,600750,江中药业,20130528,21.9,21.9,20.97,21.26,21.87,-0.61,-2.79,57303.19,122141.592,12214.1592,122.141592,1.22141592
600750.SH,600750,江中药业,20130529,21.31,21.79,21.2,21.61,21.26,0.35,1.65,50746.1,109164.552,10916.4552,109.164552,1.09164552
600750.SH,600750,江中药业,20130530,21.51,22.59,21.34,22.43,21.61,0.82,3.79,82054.46,181969.778,18196.9778,181.969778,1.8196977800000005
600750.SH,600750,江中药业,20130531,22.41,22.77,22.2,22.32,22.43,-0.11,-0.49,69505.93,155873.725,15587.3725,155.873725,1.55873725
600750.SH,600750,江中药业,20130603,22.4,22.84,22.0,22.26,22.32,-0.06,-0.27,67160.3,151242.057,15124.2057,151.24205700000002,1.5124205700000002
600750.SH,600750,江中药业,20130604,22.3,22.4,21.43,21.82,22.26,-0.44,-1.98,36172.12,78756.637,7875.6637,78.756637,0.78756637
600750.SH,600750,江中药业,20130605,21.75,22.02,21.52,22.01,21.82,0.19,0.87,26007.23,56525.781,5652.578100000001,56.52578100000001,0.5652578100000001
600750.SH,600750,江中药业,20130606,21.91,21.91,21.33,21.38,22.01,-0.63,-2.86,19840.13,42877.72,4287.772,42.87772,0.4287771999999999
600750.SH,600750,江中药业,20130607,21.3,21.48,20.15,20.61,21.38,-0.77,-3.6,52344.64,108324.886,10832.4886,108.324886,1.08324886
600750.SH,600750,江中药业,20130613,20.15,20.2,19.68,19.81,20.61,-0.8,-3.88,38204.13,75735.605,7573.5605,75.73560499999999,0.75735605
600750.SH,600750,江中药业,20130614,19.75,20.46,19.75,20.24,19.81,0.43,2.17,22866.26,46124.051,4612.4051,46.124051,0.46124051
600750.SH,600750,江中药业,20130617,20.22,20.36,19.9,20.19,20.24,-0.05,-0.25,24963.68,50160.987,5016.0987000000005,50.160987000000006,0.50160987
600750.SH,600750,江中药业,20130618,20.18,20.45,20.01,20.34,20.19,0.15,0.74,18983.59,38401.617,3840.1617,38.401617,0.3840161699999999
600750.SH,600750,江中药业,20130619,20.22,20.28,19.85,20.21,20.34,-0.13,-0.64,14000.14,28076.983,2807.6983,28.076983,0.28076983
600750.SH,600750,江中药业,20130620,20.18,20.18,19.4,19.48,20.21,-0.73,-3.61,13699.66,27146.256,2714.6256000000003,27.146256000000005,0.27146256
600750.SH,600750,江中药业,20130621,19.11,19.8,18.69,19.42,19.48,-0.06,-0.31,15791.18,30521.585,3052.1585,30.521585,0.30521585
600750.SH,600750,江中药业,20130624,19.46,19.56,18.02,18.22,19.42,-1.2,-6.18,40033.76,74137.442,7413.744199999999,74.137442,0.74137442
600750.SH,600750,江中药业,20130625,18.25,18.48,17.0,18.31,18.22,0.09,0.49,34035.74,60629.366,6062.9366,60.629366,0.60629366
600750.SH,600750,江中药业,20130626,18.35,18.66,18.25,18.46,18.31,0.15,0.82,21095.97,38968.957,3896.8957,38.968957,0.38968957
600750.SH,600750,江中药业,20130627,18.52,18.7,17.88,17.95,18.46,-0.51,-2.76,26673.87,48976.873,4897.6873,48.976873,0.48976873
600750.SH,600750,江中药业,20130628,17.92,18.1,17.4,17.83,17.95,-0.12,-0.67,21997.62,38859.532,3885.9532,38.859532,0.38859532
600750.SH,600750,江中药业,20130701,17.8,18.27,17.52,18.24,17.83,0.41,2.3,22986.41,41178.363,4117.8363,41.178363,0.4117836299999999
600750.SH,600750,江中药业,20130702,18.2,18.76,17.68,18.66,18.24,0.42,2.3,50295.97,91589.802,9158.9802,91.589802,0.91589802
600750.SH,600750,江中药业,20130703,18.45,19.19,18.26,19.1,18.66,0.44,2.36,44027.22,82909.154,8290.9154,82.909154,0.82909154
600750.SH,600750,江中药业,20130704,18.9,19.3,18.73,18.91,19.1,-0.19,-0.99,28627.79,54585.007,5458.5007,54.585007,0.54585007
600750.SH,600750,江中药业,20130705,18.96,19.07,18.62,18.68,18.91,-0.23,-1.22,16772.92,31584.886,3158.4886,31.584886,0.3158488599999999
600750.SH,600750,江中药业,20130708,18.31,18.4,17.41,17.5,18.68,-1.18,-6.32,51244.74,91194.357,9119.4357,91.194357,0.91194357
600750.SH,600750,江中药业,20130709,17.44,17.76,17.28,17.61,17.5,0.11,0.63,15417.59,27034.222,2703.4222,27.034222,0.27034222
600750.SH,600750,江中药业,20130710,17.63,18.05,17.47,17.98,17.61,0.37,2.1,28294.66,50219.278,5021.9278,50.219278,0.50219278
600750.SH,600750,江中药业,20130711,18.05,18.75,17.88,18.51,17.98,0.53,2.95,46347.15,85308.645,8530.8645,85.308645,0.8530864499999999
600750.SH,600750,江中药业,20130712,18.55,18.82,18.33,18.37,18.51,-0.14,-0.76,28858.49,53665.832,5366.5832,53.665832,0.53665832
600750.SH,600750,江中药业,20130715,18.52,18.9,18.4,18.84,18.37,0.47,2.56,28780.44,53863.899,5386.3899,53.863899,0.53863899
600750.SH,600750,江中药业,20130716,18.84,18.94,18.5,18.84,18.84,0.0,0.0,30150.4,56306.697,5630.6697,56.30669700000001,0.56306697
600750.SH,600750,江中药业,20130717,18.85,19.12,18.2,18.47,18.84,-0.37,-1.96,47059.32,87843.457,8784.3457,87.843457,0.87843457
600750.SH,600750,江中药业,20130718,18.38,18.43,18.13,18.32,18.47,-0.15,-0.81,19282.55,35215.628,3521.5628,35.215627999999995,0.3521562799999999
600750.SH,600750,江中药业,20130719,18.26,18.38,17.68,17.75,18.32,-0.57,-3.11,25702.64,46215.354,4621.5354,46.215354,0.46215354
600750.SH,600750,江中药业,20130722,17.5,18.05,17.47,18.04,17.75,0.29,1.63,16741.91,29850.834,2985.0834,29.850834,0.29850834
600750.SH,600750,江中药业,20130723,18.08,18.85,18.0,18.72,18.04,0.68,3.77,48583.78,89860.343,8986.0343,89.860343,0.89860343
600750.SH,600750,江中药业,20130724,18.67,18.87,18.42,18.65,18.72,-0.07,-0.37,40368.59,75187.574,7518.757399999999,75.187574,0.75187574
600750.SH,600750,江中药业,20130725,18.72,19.67,18.72,18.98,18.65,0.33,1.77,78832.6,151868.918,15186.8918,151.868918,1.51868918
600750.SH,600750,江中药业,20130726,19.0,19.53,18.98,19.3,18.98,0.32,1.69,55339.11,106885.409,10688.5409,106.885409,1.06885409
600750.SH,600750,江中药业,20130729,19.3,19.42,18.8,19.12,19.3,-0.18,-0.93,31443.81,60110.479,6011.0479,60.110479,0.6011047899999999
600750.SH,600750,江中药业,20130730,19.22,19.22,18.48,18.8,19.12,-0.32,-1.67,33337.63,62622.914,6262.2914,62.622914,0.62622914
600750.SH,600750,江中药业,20130731,18.9,19.1,18.41,18.51,18.8,-0.29,-1.54,24097.2,45091.515,4509.1515,45.091515,0.45091515
600750.SH,600750,江中药业,20130801,18.53,19.0,18.42,18.97,18.51,0.46,2.49,38622.34,72675.806,7267.580599999999,72.675806,0.72675806
600750.SH,600750,江中药业,20130802,19.16,19.38,18.4,18.51,18.97,-0.46,-2.42,61865.47,116710.761,11671.0761,116.710761,1.16710761
600750.SH,600750,江中药业,20130805,18.45,19.78,18.39,19.73,18.51,1.22,6.59,79879.07,153032.576,15303.2576,153.032576,1.53032576
600750.SH,600750,江中药业,20130806,19.1,19.35,18.85,19.27,19.73,-0.46,-2.33,168647.2,321561.649,32156.1649,321.561649,3.21561649
600750.SH,600750,江中药业,20130807,19.2,19.2,18.72,18.83,19.27,-0.44,-2.28,79823.13,151536.316,15153.6316,151.536316,1.51536316
600750.SH,600750,江中药业,20130808,18.83,19.27,18.71,18.99,18.83,0.16,0.85,55600.07,105929.258,10592.9258,105.929258,1.0592925800000002
600750.SH,600750,江中药业,20130809,19.11,19.21,18.72,18.91,18.99,-0.08,-0.42,51713.27,97934.551,9793.4551,97.934551,0.97934551
600750.SH,600750,江中药业,20130812,18.86,19.11,18.85,19.1,18.91,0.19,1.0,76290.12,144795.097,14479.5097,144.795097,1.44795097
600750.SH,600750,江中药业,20130813,19.16,19.42,19.03,19.31,19.1,0.21,1.1,71621.61,137798.803,13779.8803,137.79880300000002,1.3779880300000005
600750.SH,600750,江中药业,20130814,19.28,19.34,18.94,19.0,19.31,-0.31,-1.61,59142.23,112875.925,11287.5925,112.875925,1.12875925
600750.SH,600750,江中药业,20130815,18.92,19.09,18.38,18.46,19.0,-0.54,-2.84,51899.25,97229.29,9722.929,97.22929,0.9722929
600750.SH,600750,江中药业,20130816,18.35,18.59,17.91,17.93,18.46,-0.53,-2.87,57843.01,105044.054,10504.4054,105.044054,1.05044054
600750.SH,600750,江中药业,20130819,17.81,18.17,17.81,18.1,17.93,0.17,0.95,29887.23,53959.542,5395.9542,53.959542,0.5395954199999999
600750.SH,600750,江中药业,20130820,18.15,18.28,17.92,18.01,18.1,-0.09,-0.5,26182.57,47377.597,4737.7597000000005,47.37759700000001,0.4737759700000001
600750.SH,600750,江中药业,20130821,18.09,18.15,17.92,18.03,18.01,0.02,0.11,28337.5,51082.976,5108.2976,51.082976,0.51082976
600750.SH,600750,江中药业,20130822,18.05,18.1,17.83,17.88,18.03,-0.15,-0.83,38106.99,68369.543,6836.9543,68.36954300000001,0.6836954300000001
600750.SH,600750,江中药业,20130823,17.9,17.99,17.66,17.77,17.88,-0.11,-0.62,35740.12,63671.96,6367.196,63.67196,0.6367195999999999
600750.SH,600750,江中药业,20130826,17.77,18.1,17.66,18.09,17.77,0.32,1.8,45933.32,82532.581,8253.258100000001,82.53258100000001,0.82532581
600750.SH,600750,江中药业,20130827,18.05,18.09,17.86,17.98,18.09,-0.11,-0.61,45728.26,82120.074,8212.007399999999,82.12007399999999,0.8212007399999999
600750.SH,600750,江中药业,20130828,17.97,17.97,17.7,17.76,17.98,-0.22,-1.22,37887.0,67447.16,6744.716,67.44716,0.6744716
600750.SH,600750,江中药业,20130829,17.96,18.3,17.94,18.07,17.76,0.31,1.75,52740.92,95408.12,9540.812,95.40812,0.9540812
600750.SH,600750,江中药业,20130830,18.08,18.08,17.8,17.85,18.07,-0.22,-1.22,34030.25,60886.17,6088.617,60.88617,0.6088617
600750.SH,600750,江中药业,20130902,17.85,17.96,17.42,17.52,17.85,-0.33,-1.85,56545.43,99170.328,9917.0328,99.17032799999998,0.99170328
600750.SH,600750,江中药业,20130903,17.54,17.85,17.45,17.82,17.52,0.3,1.71,31092.1,55051.08,5505.108,55.05108,0.5505108
600750.SH,600750,江中药业,20130904,17.78,17.89,17.62,17.74,17.82,-0.08,-0.45,25251.12,44773.914,4477.3914,44.773914,0.44773914
600750.SH,600750,江中药业,20130905,17.73,17.75,17.52,17.55,17.74,-0.19,-1.07,36046.79,63419.742,6341.9742,63.419742,0.63419742
600750.SH,600750,江中药业,20130906,17.58,17.61,17.28,17.39,17.55,-0.16,-0.91,52300.73,90900.035,9090.0035,90.900035,0.90900035
600750.SH,600750,江中药业,20130909,17.47,17.68,17.35,17.55,17.39,0.16,0.92,49224.68,86235.42,8623.542,86.23541999999999,0.8623542
600750.SH,600750,江中药业,20130910,17.61,17.81,17.48,17.76,17.55,0.21,1.2,43341.36,76365.805,7636.580499999999,76.365805,0.76365805
600750.SH,600750,江中药业,20130911,17.78,17.89,17.54,17.87,17.76,0.11,0.62,60895.12,107883.848,10788.3848,107.883848,1.07883848
600750.SH,600750,江中药业,20130912,17.81,18.03,17.81,17.98,17.87,0.11,0.62,54740.25,98155.15,9815.515,98.15515,0.9815515
600750.SH,600750,江中药业,20130913,17.98,18.05,17.83,17.94,17.98,-0.04,-0.22,32481.4,58225.376,5822.5376,58.225376,0.58225376
600750.SH,600750,江中药业,20130916,18.02,18.08,17.83,17.85,17.94,-0.09,-0.5,41503.99,74573.772,7457.3772,74.573772,0.74573772
600750.SH,600750,江中药业,20130917,17.86,17.99,17.31,17.32,17.85,-0.53,-2.97,50593.93,88715.438,8871.5438,88.71543799999999,0.8871543799999999
600750.SH,600750,江中药业,20130918,17.32,17.51,17.27,17.42,17.32,0.1,0.58,30032.77,52198.573,5219.8573,52.198573,0.5219857299999999
600750.SH,600750,江中药业,20130923,17.41,17.77,17.38,17.69,17.42,0.27,1.55,37423.76,65881.223,6588.1223,65.881223,0.6588122300000001
600750.SH,600750,江中药业,20130924,17.8,17.8,17.41,17.51,17.69,-0.18,-1.02,36406.44,63854.308,6385.4308,63.854308,0.63854308
600750.SH,600750,江中药业,20130925,17.53,17.68,17.4,17.62,17.51,0.11,0.63,33848.68,59321.988,5932.1988,59.321988000000005,0.59321988
600750.SH,600750,江中药业,20130926,17.69,18.06,17.53,17.86,17.62,0.24,1.36,69998.44,125148.148,12514.8148,125.148148,1.25148148
600750.SH,600750,江中药业,20130927,17.83,18.4,17.83,18.22,17.86,0.36,2.02,94167.02,170971.508,17097.1508,170.971508,1.70971508
600750.SH,600750,江中药业,20130930,18.45,18.48,17.95,18.05,18.22,-0.17,-0.93,59693.54,107900.141,10790.0141,107.900141,1.07900141
600750.SH,600750,江中药业,20131008,18.05,18.2,17.88,18.13,18.05,0.08,0.44,48692.21,87807.637,8780.7637,87.807637,0.87807637
600750.SH,600750,江中药业,20131009,18.1,18.1,17.97,18.03,18.13,-0.1,-0.55,53407.55,96218.823,9621.8823,96.218823,0.9621882300000002
600750.SH,600750,江中药业,20131010,18.03,18.03,17.49,17.51,18.03,-0.52,-2.88,62904.97,111746.02,11174.602,111.74602,1.1174602
600750.SH,600750,江中药业,20131011,17.61,17.66,17.45,17.58,17.51,0.07,0.4,94194.48,165375.414,16537.5414,165.37541399999998,1.6537541399999998
600750.SH,600750,江中药业,20131014,17.6,18.13,17.6,18.08,17.58,0.5,2.84,106562.65,190956.912,19095.6912,190.956912,1.90956912
600750.SH,600750,江中药业,20131015,18.2,18.58,18.12,18.25,18.08,0.17,0.94,99546.78,182456.765,18245.6765,182.456765,1.82456765
600750.SH,600750,江中药业,20131016,18.19,18.19,17.56,17.76,18.25,-0.49,-2.68,72304.53,128526.976,12852.6976,128.526976,1.2852697599999998
600750.SH,600750,江中药业,20131017,17.83,17.99,17.66,17.89,17.76,0.13,0.73,56509.26,100438.811,10043.8811,100.438811,1.00438811
600750.SH,600750,江中药业,20131018,17.88,18.71,17.81,18.55,17.89,0.66,3.69,147859.96,272420.483,27242.0483,272.42048300000005,2.724204830000001
600750.SH,600750,江中药业,20131021,18.66,18.94,18.5,18.64,18.55,0.09,0.49,134258.06,251447.084,25144.7084,251.447084,2.51447084
600750.SH,600750,江中药业,20131022,18.64,19.49,18.64,19.42,18.64,0.78,4.18,200031.09,383896.642,38389.6642,383.896642,3.83896642
600750.SH,600750,江中药业,20131023,18.98,19.12,18.27,18.3,19.42,-1.12,-5.77,165890.81,310124.097,31012.4097,310.124097,3.10124097
600750.SH,600750,江中药业,20131024,18.18,18.2,17.47,17.63,18.3,-0.67,-3.66,126864.41,224690.034,22469.0034,224.69003400000005,2.2469003400000003
600750.SH,600750,江中药业,20131025,17.62,17.62,16.76,16.82,17.63,-0.81,-4.59,105598.97,180322.509,18032.2509,180.322509,1.80322509
600750.SH,600750,江中药业,20131028,16.85,16.86,16.18,16.26,16.82,-0.56,-3.33,66819.06,109348.855,10934.8855,109.348855,1.09348855
600750.SH,600750,江中药业,20131029,16.23,16.42,15.2,15.69,16.26,-0.57,-3.51,81470.57,128943.638,12894.3638,128.94363800000002,1.2894363800000002
600750.SH,600750,江中药业,20131030,15.69,16.13,15.49,16.02,15.69,0.33,2.1,62493.32,98757.993,9875.7993,98.757993,0.98757993
600750.SH,600750,江中药业,20131107,17.45,17.45,16.5,16.63,16.02,0.61,3.81,115903.92,195867.883,19586.7883,195.867883,1.95867883
600750.SH,600750,江中药业,20131108,16.3,16.6,16.15,16.34,16.63,-0.29,-1.74,35685.04,58301.627,5830.1627,58.301627,0.58301627
600750.SH,600750,江中药业,20131111,16.28,16.69,16.19,16.62,16.34,0.28,1.71,32991.51,54597.043,5459.704299999999,54.59704299999999,0.5459704299999999
600750.SH,600750,江中药业,20131112,16.6,16.84,16.5,16.82,16.62,0.2,1.2,38246.91,63689.495,6368.949500000001,63.68949500000001,0.6368949500000001
600750.SH,600750,江中药业,20131113,16.68,16.8,16.25,16.26,16.82,-0.56,-3.33,33156.6,54823.252,5482.3252,54.823252,0.54823252
600750.SH,600750,江中药业,20131114,16.27,16.55,16.27,16.47,16.26,0.21,1.2915,18099.61,29751.982,2975.1982,29.751982,0.29751982
600750.SH,600750,江中药业,20131115,16.41,16.83,16.41,16.69,16.47,0.22,1.34,35057.95,58638.368,5863.8368,58.638368,0.58638368
600750.SH,600750,江中药业,20131118,16.8,17.02,16.74,16.97,16.69,0.28,1.68,46587.61,78655.05,7865.505,78.65505,0.7865505
600750.SH,600750,江中药业,20131119,16.96,16.99,16.69,16.87,16.97,-0.1,-0.59,37682.59,63411.308,6341.1308,63.411308,0.63411308
600750.SH,600750,江中药业,20131120,16.88,17.1,16.85,17.06,16.87,0.19,1.13,39899.93,67846.07,6784.607000000001,67.84607000000001,0.6784607000000001
600750.SH,600750,江中药业,20131121,17.1,17.11,16.74,16.85,17.06,-0.21,-1.23,36205.62,61124.326,6112.4326,61.124326,0.6112432600000001
600750.SH,600750,江中药业,20131122,16.86,17.02,16.77,16.97,16.85,0.12,0.71,31707.75,53640.429,5364.0429,53.640429,0.53640429
600750.SH,600750,江中药业,20131125,16.97,17.26,16.91,17.21,16.97,0.24,1.41,37406.29,64079.379,6407.9379,64.079379,0.64079379
600750.SH,600750,江中药业,20131126,17.21,17.28,17.03,17.1,17.21,-0.11,-0.64,15454.37,26453.582,2645.3582,26.453582,0.26453582
600750.SH,600750,江中药业,20131127,17.2,17.2,16.73,16.98,17.1,-0.12,-0.7,45979.9,77782.896,7778.289599999999,77.782896,0.7778289599999999
600750.SH,600750,江中药业,20131128,16.9,17.15,16.87,16.99,16.98,0.01,0.06,31167.74,53083.061,5308.3061,53.083061,0.53083061
600750.SH,600750,江中药业,20131129,17.05,17.2,16.9,17.06,16.99,0.07,0.41,27830.62,47449.072,4744.9072,47.449072,0.4744907199999999
600750.SH,600750,江中药业,20131202,16.92,16.94,16.31,16.4,17.06,-0.66,-3.87,47273.68,78471.549,7847.154899999999,78.471549,0.78471549
600750.SH,600750,江中药业,20131203,16.3,16.65,16.3,16.62,16.4,0.22,1.34,27267.72,44959.74,4495.974,44.95974,0.4495974
600750.SH,600750,江中药业,20131204,16.68,17.07,16.6,16.91,16.62,0.29,1.74,40820.74,69102.616,6910.2616,69.102616,0.69102616
600750.SH,600750,江中药业,20131205,16.92,17.16,16.88,17.0,16.91,0.09,0.53,30486.58,51950.206,5195.0206,51.950206,0.51950206
600750.SH,600750,江中药业,20131206,16.8,17.03,16.8,16.89,17.0,-0.11,-0.65,15963.32,27027.923,2702.7923,27.027923,0.27027923
600750.SH,600750,江中药业,20131209,16.89,16.99,16.88,16.9,16.89,0.01,0.06,22564.51,38184.624,3818.4624,38.18462400000001,0.38184624
600750.SH,600750,江中药业,20131210,16.89,16.98,16.8,16.82,16.9,-0.08,-0.47,28061.35,47348.989,4734.8989,47.348989,0.47348989
600750.SH,600750,江中药业,20131211,16.79,16.8,16.45,16.53,16.82,-0.29,-1.72,24333.3,40339.87,4033.987,40.33987,0.4033987
600750.SH,600750,江中药业,20131212,16.54,16.63,16.4,16.46,16.53,-0.07,-0.42,20939.35,34549.023,3454.9023,34.549023000000005,0.34549023
600750.SH,600750,江中药业,20131213,16.61,16.81,16.5,16.77,16.46,0.31,1.88,33600.63,56158.023,5615.8023,56.158023,0.56158023
600750.SH,600750,江中药业,20131216,16.77,16.84,16.46,16.49,16.77,-0.28,-1.67,27261.71,45163.034,4516.3034,45.163034,0.4516303399999999
600750.SH,600750,江中药业,20131217,16.49,16.61,16.33,16.57,16.49,0.08,0.49,19097.7,31479.214,3147.9214,31.479214,0.31479214
600750.SH,600750,江中药业,20131218,16.59,17.0,16.53,16.88,16.57,0.31,1.87,37558.4,63266.683,6326.668299999999,63.26668299999999,0.6326668299999999
600750.SH,600750,江中药业,20131219,16.92,16.92,16.58,16.6,16.88,-0.28,-1.66,26143.13,43616.991,4361.6991,43.616991,0.43616991
600750.SH,600750,江中药业,20131220,16.7,16.7,16.2,16.37,16.6,-0.23,-1.39,23562.47,38618.396,3861.8396,38.618396,0.38618396
600750.SH,600750,江中药业,20131223,16.37,16.55,16.1,16.47,16.37,0.1,0.61,22831.86,37418.072,3741.8072,37.418072,0.37418072
600750.SH,600750,江中药业,20131224,16.5,16.54,16.15,16.28,16.47,-0.19,-1.15,23888.53,39100.246,3910.0246,39.100246,0.39100246
600750.SH,600750,江中药业,20131225,16.3,16.46,16.02,16.32,16.28,0.04,0.25,28244.13,45711.884,4571.1884,45.711884,0.4571188399999999
600750.SH,600750,江中药业,20131226,16.3,16.33,15.7,15.83,16.32,-0.49,-3.0,43463.45,69474.279,6947.4279,69.474279,0.6947427899999999
600750.SH,600750,江中药业,20131227,15.77,15.96,15.65,15.89,15.83,0.06,0.38,22409.2,35519.709,3551.9709000000003,35.519709000000006,0.35519709
600750.SH,600750,江中药业,20131230,15.96,15.97,15.72,15.73,15.89,-0.16,-1.01,40745.62,64371.425,6437.1425,64.371425,0.64371425
600750.SH,600750,江中药业,20131231,15.69,15.87,15.67,15.86,15.73,0.13,0.83,51231.55,80800.222,8080.022199999999,80.80022199999999,0.8080022199999999
600750.SH,600750,江中药业,20140102,15.86,16.11,15.78,16.0,15.86,0.14,0.88,64373.83,102694.157,10269.4157,102.69415700000002,1.0269415700000002
600750.SH,600750,江中药业,20140103,15.98,16.0,15.81,15.93,16.0,-0.07,-0.44,36292.78,57713.725,5771.3725,57.713725,0.5771372499999999
600750.SH,600750,江中药业,20140106,15.94,16.3,15.81,15.99,15.93,0.06,0.38,55145.25,88813.925,8881.3925,88.813925,0.8881392499999999
600750.SH,600750,江中药业,20140107,15.89,16.16,15.89,16.08,15.99,0.09,0.56,25010.85,40085.748,4008.5748,40.085748,0.4008574799999999
600750.SH,600750,江中药业,20140108,16.12,16.12,15.93,16.05,16.08,-0.03,-0.19,30782.47,49334.772,4933.477199999999,49.334772,0.4933477199999999
600750.SH,600750,江中药业,20140109,16.16,16.5,16.16,16.3,16.05,0.25,1.56,56449.29,92342.762,9234.2762,92.342762,0.92342762
600750.SH,600750,江中药业,20140110,16.21,16.35,15.97,16.02,16.3,-0.28,-1.72,27997.85,45208.251,4520.8251,45.208251,0.45208251
600750.SH,600750,江中药业,20140113,16.01,16.3,15.88,16.21,16.02,0.19,1.19,41416.42,66782.308,6678.2308,66.782308,0.66782308
600750.SH,600750,江中药业,20140114,16.19,16.47,16.08,16.46,16.21,0.25,1.54,32536.73,52984.239,5298.4239,52.984239,0.52984239
600750.SH,600750,江中药业,20140115,16.44,16.55,16.26,16.39,16.46,-0.07,-0.43,24771.99,40579.274,4057.9274,40.579274,0.40579274
600750.SH,600750,江中药业,20140116,16.36,16.38,16.16,16.18,16.39,-0.21,-1.28,26077.03,42408.075,4240.8075,42.408075,0.4240807499999999
600750.SH,600750,江中药业,20140117,16.18,16.24,15.98,16.02,16.18,-0.16,-0.99,19980.97,32042.698,3204.2698,32.042698,0.32042698
600750.SH,600750,江中药业,20140120,15.96,16.0,15.51,15.59,16.02,-0.43,-2.68,34065.18,53536.23,5353.6230000000005,53.53623,0.5353623000000001
600750.SH,600750,江中药业,20140121,15.59,15.75,15.55,15.72,15.59,0.13,0.83,21039.99,32936.408,3293.6408,32.936408,0.32936408
600750.SH,600750,江中药业,20140122,15.7,16.05,15.62,16.01,15.72,0.29,1.84,32795.89,52007.193,5200.7193,52.007193,0.52007193
600750.SH,600750,江中药业,20140123,15.93,16.05,15.91,16.01,16.01,0.0,0.0,23850.42,38163.079,3816.3079,38.163079,0.3816307899999999
600750.SH,600750,江中药业,20140124,15.96,16.25,15.93,16.15,16.01,0.14,0.87,31701.91,51099.387,5109.938700000001,51.09938700000001,0.5109938700000001
600750.SH,600750,江中药业,20140127,16.01,16.05,15.75,15.79,16.15,-0.36,-2.23,38139.38,60599.418,6059.9418,60.59941799999999,0.6059941799999999
600750.SH,600750,江中药业,20140128,15.65,16.25,15.51,16.22,15.79,0.43,2.72,45037.79,72129.379,7212.9379,72.129379,0.72129379
600750.SH,600750,江中药业,20140129,16.2,16.25,16.08,16.15,16.22,-0.07,-0.43,26290.55,42515.196,4251.5196000000005,42.515196,0.42515196
600750.SH,600750,江中药业,20140130,16.15,16.18,15.86,15.99,16.15,-0.16,-0.99,23759.79,37960.301,3796.0301,37.960301,0.37960301
600750.SH,600750,江中药业,20140207,15.88,16.23,15.88,16.21,15.99,0.22,1.38,21022.99,33764.075,3376.4075,33.764075,0.33764075
600750.SH,600750,江中药业,20140210,16.32,16.74,16.23,16.58,16.21,0.37,2.28,75122.99,124046.665,12404.6665,124.046665,1.24046665
600750.SH,600750,江中药业,20140211,16.65,16.98,16.46,16.97,16.58,0.39,2.35,100516.33,168686.126,16868.6126,168.686126,1.68686126
600750.SH,600750,江中药业,20140212,16.96,18.28,16.85,18.02,16.97,1.05,6.19,215184.55,379878.798,37987.8798,379.878798,3.79878798
600750.SH,600750,江中药业,20140213,17.73,17.96,17.36,17.38,18.02,-0.64,-3.55,110300.6,194691.499,19469.1499,194.691499,1.94691499
600750.SH,600750,江中药业,20140214,17.39,17.75,17.2,17.65,17.38,0.27,1.55,59868.74,104520.525,10452.0525,104.520525,1.04520525
600750.SH,600750,江中药业,20140217,17.74,17.85,17.5,17.7,17.65,0.05,0.28,82564.88,145569.216,14556.921599999998,145.56921599999998,1.45569216
600750.SH,600750,江中药业,20140218,17.68,17.68,17.26,17.3,17.7,-0.4,-2.26,69312.12,120539.732,12053.9732,120.539732,1.20539732
600750.SH,600750,江中药业,20140219,17.3,17.65,17.29,17.39,17.3,0.09,0.52,43915.19,76623.411,7662.3411,76.62341099999999,0.7662341099999999
600750.SH,600750,江中药业,20140220,17.43,17.43,16.9,16.94,17.39,-0.45,-2.59,60460.27,103229.838,10322.9838,103.229838,1.03229838
600750.SH,600750,江中药业,20140221,16.88,17.08,16.8,16.98,16.94,0.04,0.24,39173.83,66504.823,6650.482300000001,66.504823,0.66504823
600750.SH,600750,江中药业,20140224,16.9,17.4,16.84,17.29,16.98,0.31,1.83,52477.26,90102.153,9010.2153,90.102153,0.90102153
600750.SH,600750,江中药业,20140225,17.4,17.52,16.73,16.84,17.29,-0.45,-2.6,69862.55,120417.066,12041.7066,120.41706600000002,1.2041706600000002
600750.SH,600750,江中药业,20140226,16.85,17.34,16.66,17.3,16.84,0.46,2.73,49478.02,84371.358,8437.1358,84.371358,0.84371358
600750.SH,600750,江中药业,20140227,17.34,17.57,17.09,17.17,17.3,-0.13,-0.75,58955.27,102253.609,10225.3609,102.253609,1.02253609
600750.SH,600750,江中药业,20140228,17.25,17.65,17.01,17.59,17.17,0.42,2.45,80939.35,141073.292,14107.329199999998,141.07329199999998,1.4107329199999998
600750.SH,600750,江中药业,20140303,17.71,17.88,17.35,17.62,17.59,0.03,0.17,86697.08,152811.397,15281.1397,152.811397,1.52811397
600750.SH,600750,江中药业,20140304,17.5,17.51,17.05,17.27,17.62,-0.35,-1.99,65162.71,112465.927,11246.5927,112.465927,1.12465927
600750.SH,600750,江中药业,20140305,17.26,17.3,16.87,16.88,17.27,-0.39,-2.26,46204.59,78803.323,7880.3323,78.803323,0.78803323
600750.SH,600750,江中药业,20140306,16.76,16.88,16.39,16.61,16.88,-0.27,-1.6,52681.27,87413.931,8741.3931,87.41393099999999,0.8741393099999999
600750.SH,600750,江中药业,20140307,16.56,16.88,16.56,16.78,16.61,0.17,1.02,36465.72,60990.106,6099.0106,60.990106,0.60990106
600750.SH,600750,江中药业,20140310,16.73,16.73,16.05,16.15,16.78,-0.63,-3.75,31552.21,51527.789,5152.778899999999,51.52778899999999,0.5152778899999999
600750.SH,600750,江中药业,20140311,16.16,16.29,16.05,16.24,16.15,0.09,0.56,20795.64,33674.213,3367.4213000000004,33.674213,0.33674213
600750.SH,600750,江中药业,20140312,16.25,16.25,16.02,16.14,16.24,-0.1,-0.62,34269.31,55145.468,5514.5468,55.145468,0.55145468
600750.SH,600750,江中药业,20140313,16.19,16.32,16.11,16.29,16.14,0.15,0.93,17668.29,28700.713,2870.0713,28.700713,0.28700713
600750.SH,600750,江中药业,20140314,16.21,16.28,16.05,16.17,16.29,-0.12,-0.74,19299.69,31232.186,3123.2186,31.232186,0.31232186
600750.SH,600750,江中药业,20140317,16.25,16.45,16.15,16.37,16.17,0.2,1.24,17142.39,27956.583,2795.6583,27.956583,0.27956583
600750.SH,600750,江中药业,20140318,16.37,16.54,16.27,16.41,16.37,0.04,0.24,23437.35,38470.919,3847.0919,38.470919,0.38470919
600750.SH,600750,江中药业,20140319,16.44,16.44,16.02,16.11,16.41,-0.3,-1.83,25729.52,41578.055,4157.8055,41.578055000000006,0.4157805500000001
600750.SH,600750,江中药业,20140320,16.09,16.2,15.97,15.98,16.11,-0.13,-0.81,22161.5,35635.774,3563.5774,35.635774,0.35635774
600750.SH,600750,江中药业,20140321,15.84,16.19,15.76,16.17,15.98,0.19,1.19,24718.25,39542.158,3954.2158,39.542158,0.39542158
600750.SH,600750,江中药业,20140324,16.15,16.33,16.03,16.26,16.17,0.09,0.56,26601.54,43031.986,4303.1986,43.031986,0.4303198599999999
600750.SH,600750,江中药业,20140325,16.26,16.45,16.23,16.28,16.26,0.02,0.12,18275.67,29819.172,2981.9172,29.819172,0.29819172
600750.SH,600750,江中药业,20140326,16.31,17.3,16.2,17.17,16.28,0.89,5.47,97366.03,164028.009,16402.8009,164.028009,1.64028009
600750.SH,600750,江中药业,20140327,17.07,17.07,16.64,16.67,17.17,-0.5,-2.91,69747.35,117369.445,11736.9445,117.369445,1.1736944500000002
600750.SH,600750,江中药业,20140328,16.74,17.14,16.69,16.72,16.67,0.05,0.3,67615.58,114471.54,11447.154,114.47154,1.1447154
600750.SH,600750,江中药业,20140331,16.72,16.85,16.38,16.44,16.72,-0.28,-1.67,34507.22,57000.554,5700.055399999999,57.000554,0.5700055399999999
600750.SH,600750,江中药业,20140401,16.44,16.76,16.44,16.58,16.44,0.14,0.85,25486.95,42310.277,4231.027700000001,42.310277000000006,0.4231027700000001
600750.SH,600750,江中药业,20140402,16.65,16.87,16.58,16.76,16.58,0.18,1.09,28279.36,47307.192,4730.7192000000005,47.30719200000001,0.4730719200000001
600750.SH,600750,江中药业,20140403,16.77,16.77,16.43,16.49,16.76,-0.27,-1.61,29942.55,49480.74,4948.074,49.48074,0.4948073999999999
600750.SH,600750,江中药业,20140404,16.48,16.6,16.34,16.55,16.49,0.06,0.36,16884.59,27827.732,2782.7732,27.827732,0.27827732
600750.SH,600750,江中药业,20140408,16.48,16.74,16.45,16.7,16.55,0.15,0.91,26455.11,44034.605,4403.4605,44.034605,0.44034605
600750.SH,600750,江中药业,20140409,16.7,16.8,16.65,16.74,16.7,0.04,0.24,23994.46,40080.459,4008.0459,40.080459,0.4008045899999999
600750.SH,600750,江中药业,20140410,16.76,16.86,16.69,16.77,16.74,0.03,0.18,30703.89,51498.049,5149.8049,51.498049,0.51498049
600750.SH,600750,江中药业,20140411,16.77,17.04,16.65,16.92,16.77,0.15,0.89,47730.79,80522.381,8052.2381,80.522381,0.80522381
600750.SH,600750,江中药业,20140414,17.0,17.08,16.83,16.93,16.92,0.01,0.06,22145.1,37437.129,3743.7129,37.437129,0.3743712899999999
600750.SH,600750,江中药业,20140415,16.93,16.93,16.68,16.7,16.93,-0.23,-1.36,22523.44,37728.464,3772.8464,37.728464,0.37728464
600750.SH,600750,江中药业,20140416,16.69,16.87,16.61,16.73,16.7,0.03,0.18,27271.54,45543.986,4554.3986,45.543986,0.45543986
600750.SH,600750,江中药业,20140417,16.8,16.81,16.61,16.69,16.73,-0.04,-0.24,18519.55,30946.725,3094.6725,30.946725,0.3094672499999999
600750.SH,600750,江中药业,20140418,16.69,16.72,16.57,16.66,16.69,-0.03,-0.18,17564.59,29249.335,2924.9335,29.249335,0.29249335
600750.SH,600750,江中药业,20140421,16.55,16.68,16.11,16.16,16.66,-0.5,-3.0,28561.87,46851.781,4685.1781,46.851781,0.46851781
600750.SH,600750,江中药业,20140422,16.15,16.26,16.0,16.22,16.16,0.06,0.37,25399.8,40984.92,4098.492,40.98492,0.4098492
600750.SH,600750,江中药业,20140423,16.22,16.24,16.08,16.1,16.22,-0.12,-0.74,12686.76,20478.545,2047.8545,20.478545,0.20478545
600750.SH,600750,江中药业,20140424,16.25,16.25,15.95,15.99,16.1,-0.11,-0.68,21081.31,33855.184,3385.5184,33.855184,0.33855184
600750.SH,600750,江中药业,20140425,15.89,16.12,15.89,16.01,15.99,0.02,0.13,18979.48,30370.796,3037.0796,30.370796,0.30370796
600750.SH,600750,江中药业,20140428,15.93,15.95,15.52,15.54,16.01,-0.47,-2.94,27768.81,43448.402,4344.840200000001,43.44840200000001,0.4344840200000001
600750.SH,600750,江中药业,20140429,15.54,15.8,15.5,15.78,15.54,0.24,1.54,16796.19,26251.914,2625.1914,26.251914000000003,0.26251914
600750.SH,600750,江中药业,20140430,15.82,15.92,15.71,15.84,15.78,0.06,0.38,14895.48,23623.814,2362.3814,23.623814,0.2362381399999999
600750.SH,600750,江中药业,20140505,15.86,15.99,15.77,15.95,15.84,0.11,0.69,12344.24,19643.289,1964.3289,19.643289,0.19643289
600750.SH,600750,江中药业,20140506,16.0,16.11,15.98,16.01,15.95,0.06,0.38,10007.78,16070.084,1607.0084000000002,16.070084,0.16070084
600750.SH,600750,江中药业,20140507,16.0,16.23,15.94,16.08,16.01,0.07,0.44,17355.0,27988.796,2798.8796,27.988796,0.27988796
600750.SH,600750,江中药业,20140508,16.08,16.23,16.01,16.17,16.08,0.09,0.56,18379.2,29725.568,2972.5568,29.725568,0.2972556799999999
600750.SH,600750,江中药业,20140509,16.21,16.3,16.07,16.16,16.17,-0.01,-0.06,21994.57,35551.352,3555.1352,35.551351999999994,0.3555135199999999
600750.SH,600750,江中药业,20140512,16.22,16.34,16.05,16.32,16.16,0.16,0.99,17903.95,29124.322,2912.4322,29.124322000000003,0.29124322
600750.SH,600750,江中药业,20140513,16.35,16.35,16.1,16.12,16.32,-0.2,-1.23,15033.3,24346.296,2434.6296,24.346296,0.2434629599999999
600750.SH,600750,江中药业,20140514,16.13,16.19,16.05,16.11,16.12,-0.01,-0.06,15792.81,25451.63,2545.163,25.45163,0.2545163
600750.SH,600750,江中药业,20140515,16.05,16.11,15.83,15.87,16.11,-0.24,-1.49,16683.84,26693.209,2669.3209,26.693209,0.2669320899999999
600750.SH,600750,江中药业,20140516,15.81,16.28,15.81,15.95,15.87,0.08,0.5,13556.76,21638.213,2163.8213,21.638213,0.21638213
600750.SH,600750,江中药业,20140519,15.98,16.07,15.87,16.02,15.95,0.07,0.44,13853.01,22123.569,2212.3569,22.123569,0.2212356899999999
600750.SH,600750,江中药业,20140520,16.07,16.13,15.87,15.91,16.02,-0.11,-0.69,20395.06,32593.905,3259.3905,32.593905,0.32593905
600750.SH,600750,江中药业,20140521,15.82,15.95,15.77,15.89,15.91,-0.02,-0.13,25802.14,40906.303,4090.6303,40.906303,0.40906303
600750.SH,600750,江中药业,20140522,15.89,15.95,15.68,15.71,15.89,-0.18,-1.13,23220.86,36811.877,3681.1877,36.811877,0.36811877
600750.SH,600750,江中药业,20140523,15.71,15.82,15.69,15.81,15.71,0.1,0.64,9847.27,15530.712,1553.0712,15.530712,0.15530712
600750.SH,600750,江中药业,20140526,15.83,15.96,15.78,15.94,15.81,0.13,0.82,21134.31,33590.519,3359.0519,33.590519,0.33590519
600750.SH,600750,江中药业,20140527,16.0,16.05,15.88,15.9,15.94,-0.04,-0.25,14336.31,22886.076,2288.6076000000003,22.886076000000003,0.22886076
600750.SH,600750,江中药业,20140528,15.88,15.97,15.85,15.95,15.9,0.05,0.31,16401.8,26109.297,2610.9297,26.109297,0.26109297
600750.SH,600750,江中药业,20140529,15.97,16.04,15.73,15.77,15.95,-0.18,-1.13,19028.07,30257.379,3025.7379,30.257379,0.30257379
600750.SH,600750,江中药业,20140530,15.79,15.92,15.61,15.79,15.77,0.02,0.13,16580.21,26145.547,2614.5547,26.145547,0.2614554699999999
600750.SH,600750,江中药业,20140603,15.82,15.87,15.5,15.57,15.79,-0.22,-1.39,21666.56,33976.069,3397.6069,33.976069,0.33976069
600750.SH,600750,江中药业,20140604,15.65,15.65,15.3,15.36,15.57,-0.21,-1.35,25219.55,38903.119,3890.3119,38.903119,0.3890311899999999
600750.SH,600750,江中药业,20140605,15.37,15.64,15.28,15.62,15.36,0.26,1.69,19681.94,30446.528,3044.6528,30.446528,0.3044652799999999
600750.SH,600750,江中药业,20140606,15.6,15.61,15.36,15.4,15.62,-0.22,-1.41,21903.99,33928.157,3392.8157,33.928157,0.33928157
600750.SH,600750,江中药业,20140609,15.49,15.49,15.3,15.31,15.4,-0.09,-0.58,16880.03,25960.759,2596.0759,25.960759,0.25960759
600750.SH,600750,江中药业,20140610,15.32,15.61,15.29,15.58,15.31,0.27,1.76,22243.36,34466.261,3446.6261,34.466261,0.34466261
600750.SH,600750,江中药业,20140611,15.63,16.05,15.53,16.0,15.58,0.42,2.7,50322.66,79566.686,7956.6686,79.566686,0.7956668600000001
600750.SH,600750,江中药业,20140612,16.01,16.03,15.78,15.82,16.0,-0.18,-1.13,21265.45,33724.919,3372.4919,33.724919,0.33724919
600750.SH,600750,江中药业,20140613,15.85,16.1,15.8,16.09,15.82,0.27,1.71,25390.33,40561.092,4056.1092,40.561092,0.40561092
600750.SH,600750,江中药业,20140616,16.06,16.18,15.89,16.04,16.09,-0.05,-0.31,27811.31,44607.508,4460.7508,44.607508,0.4460750799999999
600750.SH,600750,江中药业,20140617,16.04,16.12,15.94,16.03,16.04,-0.01,-0.06,20195.88,32347.983,3234.7983,32.347983,0.3234798299999999
600750.SH,600750,江中药业,20140618,15.91,16.01,15.79,15.82,16.03,-0.21,-1.31,20910.0,33132.886,3313.2886,33.132886,0.33132886
600750.SH,600750,江中药业,20140619,15.79,15.96,15.39,15.45,15.82,-0.37,-2.34,21649.59,33848.303,3384.8303,33.848303,0.33848303
600750.SH,600750,江中药业,20140620,15.45,15.65,15.43,15.57,15.45,0.12,0.78,11074.72,17194.453,1719.4453,17.194453,0.1719445299999999
600750.SH,600750,江中药业,20140623,15.55,15.55,15.27,15.35,15.27,0.08,0.52,13289.97,20449.424,2044.9424,20.449424,0.20449424
600750.SH,600750,江中药业,20140624,15.3,15.5,15.3,15.46,15.35,0.11,0.72,9963.58,15361.377,1536.1377,15.361377,0.1536137699999999
600750.SH,600750,江中药业,20140625,15.4,15.62,15.35,15.47,15.46,0.01,0.06,14094.51,21756.951,2175.6951,21.756951,0.21756951
600750.SH,600750,江中药业,20140626,15.5,15.67,15.45,15.65,15.47,0.18,1.16,18305.23,28529.325,2852.9325,28.529325,0.28529325
600750.SH,600750,江中药业,20140627,15.64,15.72,15.51,15.64,15.65,-0.01,-0.06,12398.07,19393.866,1939.3866000000005,19.393866000000003,0.19393866
600750.SH,600750,江中药业,20140630,15.55,15.73,15.55,15.67,15.64,0.03,0.19,13430.41,21008.352,2100.8352,21.008352,0.21008352
600750.SH,600750,江中药业,20140701,15.63,15.73,15.55,15.7,15.67,0.03,0.19,16559.76,25897.56,2589.7560000000003,25.89756,0.2589756
600750.SH,600750,江中药业,20140702,15.71,15.73,15.56,15.68,15.7,-0.02,-0.13,17358.2,27170.53,2717.053,27.17053,0.2717053
600750.SH,600750,江中药业,20140703,15.68,15.95,15.59,15.81,15.68,0.13,0.83,32602.36,51650.536,5165.0536,51.650536,0.51650536
600750.SH,600750,江中药业,20140704,15.82,15.86,15.65,15.68,15.81,-0.13,-0.82,16654.97,26169.343,2616.9343,26.169343,0.26169343
600750.SH,600750,江中药业,20140707,15.66,15.79,15.59,15.62,15.68,-0.06,-0.38,18011.35,28200.537,2820.0537,28.200537,0.28200537
600750.SH,600750,江中药业,20140708,15.61,15.71,15.51,15.63,15.62,0.01,0.06,16808.05,26201.174,2620.1174,26.201174,0.26201174
600750.SH,600750,江中药业,20140709,15.6,15.67,15.48,15.49,15.63,-0.14,-0.9,17174.92,26732.091,2673.2091,26.732091,0.26732091
600750.SH,600750,江中药业,20140710,15.45,15.55,15.43,15.49,15.49,0.0,0.0,14038.36,21737.635,2173.7635,21.737635,0.21737635
600750.SH,600750,江中药业,20140711,15.54,15.77,15.46,15.77,15.49,0.28,1.81,20392.92,31916.313,3191.6313,31.916313,0.3191631299999999
600750.SH,600750,江中药业,20140714,15.88,16.3,15.87,16.28,15.77,0.51,3.23,68188.07,109901.226,10990.1226,109.901226,1.09901226
600750.SH,600750,江中药业,20140715,16.21,16.49,16.1,16.28,16.28,0.0,0.0,45526.59,74184.014,7418.4014,74.18401399999999,0.7418401399999999
600750.SH,600750,江中药业,20140716,16.26,16.47,16.08,16.19,16.28,-0.09,-0.55,32321.3,52521.647,5252.164699999999,52.521647,0.5252164699999999
600750.SH,600750,江中药业,20140717,16.19,16.2,15.88,16.01,16.19,-0.18,-1.11,23929.79,38289.32,3828.932,38.28932,0.3828932
600750.SH,600750,江中药业,20140718,16.0,16.1,15.89,16.09,16.01,0.08,0.5,15133.19,24296.622,2429.6622,24.296622,0.2429662199999999
600750.SH,600750,江中药业,20140721,16.1,16.24,15.92,16.18,16.09,0.09,0.56,21522.4,34616.607,3461.6607000000004,34.616607,0.34616607
600750.SH,600750,江中药业,20140722,16.17,16.28,16.12,16.18,16.18,0.0,0.0,19679.54,31883.987,3188.3987,31.883987,0.31883987
600750.SH,600750,江中药业,20140723,16.2,16.21,15.91,16.04,16.18,-0.14,-0.87,25917.76,41603.016,4160.301600000001,41.603016,0.41603016
600750.SH,600750,江中药业,20140724,16.03,16.2,15.88,16.18,16.04,0.14,0.87,30314.8,48685.039,4868.5039,48.685039,0.4868503899999999
600750.SH,600750,江中药业,20140725,16.18,16.74,16.09,16.61,16.18,0.43,2.66,84808.43,139843.083,13984.3083,139.843083,1.39843083
600750.SH,600750,江中药业,20140728,16.65,16.97,16.51,16.84,16.61,0.23,1.38,73933.12,124095.369,12409.5369,124.095369,1.24095369
600750.SH,600750,江中药业,20140729,16.85,17.11,16.72,17.06,16.84,0.22,1.31,77141.2,131048.387,13104.8387,131.048387,1.31048387
600750.SH,600750,江中药业,20140730,17.01,17.06,16.85,16.98,17.06,-0.08,-0.47,42110.32,71436.551,7143.655100000001,71.43655100000001,0.71436551
600750.SH,600750,江中药业,20140731,16.92,17.02,16.88,16.96,16.98,-0.02,-0.12,25163.98,42626.538,4262.6538,42.626538,0.42626538
600750.SH,600750,江中药业,20140801,16.95,17.3,16.8,16.82,16.96,-0.14,-0.83,52142.47,89015.305,8901.530499999999,89.01530499999998,0.8901530499999999
600750.SH,600750,江中药业,20140804,16.86,17.23,16.84,17.17,16.82,0.35,2.08,45981.04,78597.373,7859.737300000001,78.597373,0.78597373
600750.SH,600750,江中药业,20140805,17.2,17.2,17.0,17.09,17.17,-0.08,-0.47,22383.88,38174.564,3817.4564,38.174564,0.38174564
600750.SH,600750,江中药业,20140806,17.08,17.14,16.71,17.05,17.09,-0.04,-0.23,49518.63,83704.175,8370.4175,83.70417499999999,0.8370417499999999
600750.SH,600750,江中药业,20140807,16.99,16.99,16.75,16.81,17.05,-0.24,-1.41,25295.32,42679.857,4267.9857,42.679857,0.42679857
600750.SH,600750,江中药业,20140808,16.74,16.95,16.74,16.83,16.81,0.02,0.12,19545.36,32911.243,3291.1243000000004,32.911243000000006,0.32911243
600750.SH,600750,江中药业,20140811,16.84,17.05,16.8,17.0,16.83,0.17,1.01,30781.01,52234.437,5223.4437,52.234437,0.52234437
600750.SH,600750,江中药业,20140812,17.03,17.05,16.89,16.94,17.0,-0.06,-0.35,21543.25,36503.722,3650.3722,36.503722,0.36503722
600750.SH,600750,江中药业,20140813,16.91,17.23,16.91,17.03,16.94,0.09,0.53,31518.36,53726.905,5372.6905,53.726905,0.5372690499999999
600750.SH,600750,江中药业,20140814,17.02,17.08,16.75,16.86,17.03,-0.17,-1.0,53734.94,90735.237,9073.5237,90.735237,0.90735237
600750.SH,600750,江中药业,20140815,16.83,17.04,16.82,17.02,16.86,0.16,0.95,29499.88,50066.004,5006.6004,50.066004,0.50066004
600750.SH,600750,江中药业,20140818,17.09,17.67,17.05,17.62,17.02,0.6,3.53,88140.25,153563.673,15356.367300000002,153.56367300000002,1.5356367300000002
600750.SH,600750,江中药业,20140819,17.62,17.72,17.4,17.58,17.62,-0.04,-0.23,49330.06,86568.159,8656.8159,86.568159,0.8656815899999999
600750.SH,600750,江中药业,20140820,17.6,17.8,17.47,17.57,17.58,-0.01,-0.06,42398.02,74869.475,7486.9475,74.86947500000001,0.7486947500000001
600750.SH,600750,江中药业,20140821,17.55,17.7,17.36,17.54,17.57,-0.03,-0.17,32816.19,57442.542,5744.2542,57.442542,0.5744254200000001
600750.SH,600750,江中药业,20140822,17.5,18.0,17.5,17.82,17.54,0.28,1.6,40284.62,71893.28,7189.328,71.89327999999999,0.7189327999999999
600750.SH,600750,江中药业,20140825,17.8,18.2,17.76,17.96,17.82,0.14,0.79,68656.8,123942.998,12394.2998,123.942998,1.23942998
600750.SH,600750,江中药业,20140826,17.88,18.07,17.39,17.43,17.96,-0.53,-2.95,50907.33,89608.489,8960.8489,89.608489,0.89608489
600750.SH,600750,江中药业,20140827,17.5,17.56,17.16,17.31,17.43,-0.12,-0.69,39018.58,67691.078,6769.1078,67.691078,0.67691078
600750.SH,600750,江中药业,20140828,17.3,17.37,17.01,17.1,17.31,-0.21,-1.21,31363.42,53753.319,5375.3319,53.753319000000005,0.53753319
600750.SH,600750,江中药业,20140829,17.11,17.47,17.06,17.4,17.1,0.3,1.75,21299.52,36793.044,3679.3044,36.793044,0.36793044
600750.SH,600750,江中药业,20140901,17.4,17.53,17.34,17.48,17.4,0.08,0.46,21580.4,37666.52,3766.652,37.66652,0.3766652
600750.SH,600750,江中药业,20140902,17.5,17.73,17.5,17.7,17.48,0.22,1.26,34058.12,60124.461,6012.4461,60.124461,0.6012446100000001
600750.SH,600750,江中药业,20140903,17.7,17.76,17.48,17.69,17.7,-0.01,-0.06,35151.94,62015.766,6201.5766,62.015766000000006,0.62015766
600750.SH,600750,江中药业,20140904,17.72,17.85,17.6,17.79,17.69,0.1,0.57,29150.0,51673.559,5167.3559000000005,51.673559,0.51673559
600750.SH,600750,江中药业,20140905,17.88,17.88,17.59,17.71,17.79,-0.08,-0.45,28352.96,50130.053,5013.0053,50.130053,0.50130053
600750.SH,600750,江中药业,20140909,17.82,18.22,17.75,18.08,17.71,0.37,2.09,56433.64,101667.686,10166.7686,101.667686,1.0166768599999998
600750.SH,600750,江中药业,20140910,18.07,18.1,17.88,18.05,18.08,-0.03,-0.17,29494.11,53110.873,5311.0873,53.110873,0.53110873
600750.SH,600750,江中药业,20140911,18.1,18.29,17.77,17.89,18.05,-0.16,-0.89,42624.09,77021.677,7702.1677,77.021677,0.77021677
600750.SH,600750,江中药业,20140912,17.8,18.17,17.8,18.15,17.89,0.26,1.45,32649.26,58926.528,5892.6528,58.926528,0.58926528
600750.SH,600750,江中药业,20140915,18.45,18.45,18.1,18.17,18.15,0.02,0.11,41914.24,76281.443,7628.1443,76.281443,0.7628144299999999
600750.SH,600750,江中药业,20140916,18.17,18.23,17.57,17.6,18.17,-0.57,-3.14,70908.15,127343.725,12734.3725,127.343725,1.27343725
600750.SH,600750,江中药业,20140917,17.69,17.87,17.5,17.81,17.6,0.21,1.19,31285.89,55224.664,5522.466399999999,55.22466399999999,0.5522466399999999
600750.SH,600750,江中药业,20140918,17.8,18.4,17.65,18.29,17.81,0.48,2.7,65451.31,118711.392,11871.1392,118.71139200000002,1.1871139200000005
600750.SH,600750,江中药业,20140919,18.23,18.5,18.22,18.35,18.29,0.06,0.33,57265.86,105377.192,10537.7192,105.377192,1.05377192
600750.SH,600750,江中药业,20140922,18.5,18.82,18.3,18.49,18.35,0.14,0.76,56995.14,105815.674,10581.5674,105.815674,1.05815674
600750.SH,600750,江中药业,20140923,18.42,18.68,18.26,18.67,18.49,0.18,0.97,32339.78,59740.559,5974.0559,59.740559000000005,0.59740559
600750.SH,600750,江中药业,20140924,18.51,18.65,18.4,18.56,18.67,-0.11,-0.59,69274.65,128189.75,12818.975,128.18975,1.2818975
600750.SH,600750,江中药业,20140925,18.5,18.6,18.01,18.15,18.56,-0.41,-2.21,98230.51,179462.419,17946.2419,179.462419,1.7946241900000002
600750.SH,600750,江中药业,20140926,18.04,18.32,18.04,18.3,18.15,0.15,0.83,42899.07,78169.728,7816.9728,78.169728,0.78169728
600750.SH,600750,江中药业,20140929,18.38,18.41,18.2,18.31,18.3,0.01,0.05,42670.18,78184.448,7818.4448,78.184448,0.7818444800000001
600750.SH,600750,江中药业,20140930,18.34,18.64,18.28,18.5,18.31,0.19,1.04,52447.6,96845.812,9684.5812,96.845812,0.96845812
600750.SH,600750,江中药业,20141008,18.53,19.12,18.49,18.99,18.5,0.49,2.65,79419.51,149703.952,14970.3952,149.703952,1.49703952
600750.SH,600750,江中药业,20141009,18.95,19.07,18.6,18.93,18.99,-0.06,-0.32,56947.02,107477.882,10747.7882,107.477882,1.07477882
600750.SH,600750,江中药业,20141010,18.88,19.13,18.72,18.78,18.93,-0.15,-0.79,56122.59,106239.783,10623.9783,106.239783,1.06239783
600750.SH,600750,江中药业,20141013,18.86,19.15,18.8,19.12,18.78,0.34,1.81,59480.4,113094.531,11309.4531,113.094531,1.13094531
600750.SH,600750,江中药业,20141014,19.14,19.24,18.76,18.86,19.12,-0.26,-1.36,40291.65,76581.018,7658.101799999999,76.581018,0.76581018
600750.SH,600750,江中药业,20141015,18.96,19.4,18.53,19.26,18.86,0.4,2.12,87475.76,166633.457,16663.345699999998,166.633457,1.6663345699999998
600750.SH,600750,江中药业,20141016,19.2,19.85,18.92,19.31,19.26,0.05,0.26,100941.26,196399.885,19639.9885,196.399885,1.96399885
600750.SH,600750,江中药业,20141017,19.28,19.31,18.66,19.08,19.31,-0.23,-1.19,72394.05,137615.633,13761.5633,137.615633,1.37615633
600750.SH,600750,江中药业,20141020,19.08,19.51,19.08,19.41,19.08,0.33,1.73,50740.62,98269.941,9826.9941,98.269941,0.98269941
600750.SH,600750,江中药业,20141021,19.44,19.69,19.3,19.34,19.41,-0.07,-0.36,66132.28,128791.795,12879.1795,128.791795,1.28791795
600750.SH,600750,江中药业,20141022,19.28,19.37,18.9,18.98,19.34,-0.36,-1.86,44663.95,85383.52,8538.352,85.38352,0.8538352
600750.SH,600750,江中药业,20141023,19.08,19.08,18.52,18.63,18.98,-0.35,-1.84,48471.34,91042.196,9104.2196,91.042196,0.91042196
600750.SH,600750,江中药业,20141024,18.65,19.09,18.62,18.91,18.63,0.28,1.5,35480.12,66837.194,6683.7194,66.837194,0.66837194
600750.SH,600750,江中药业,20141027,19.31,19.52,19.14,19.4,18.91,0.49,2.59,68734.85,132988.296,13298.8296,132.98829600000002,1.3298829600000002
600750.SH,600750,江中药业,20141028,19.5,20.18,19.44,19.93,19.4,0.53,2.73,78127.34,154970.746,15497.074600000002,154.97074600000002,1.5497074600000005
600750.SH,600750,江中药业,20141029,20.0,20.09,19.73,19.87,19.93,-0.06,-0.3,63727.28,126888.449,12688.8449,126.888449,1.26888449
600750.SH,600750,江中药业,20141030,19.87,21.86,19.8,21.86,19.87,1.99,10.02,137639.87,286231.499,28623.1499,286.231499,2.86231499
600750.SH,600750,江中药业,20141031,21.86,21.86,20.91,21.29,21.86,-0.57,-2.61,84641.31,180439.925,18043.9925,180.439925,1.80439925
600750.SH,600750,江中药业,20141103,21.29,22.0,20.92,21.67,21.29,0.38,1.78,77006.07,166619.254,16661.9254,166.619254,1.6661925400000002
600750.SH,600750,江中药业,20141104,21.59,21.79,20.66,20.68,21.67,-0.99,-4.57,73828.71,155569.273,15556.9273,155.56927299999998,1.55569273
600750.SH,600750,江中药业,20141105,20.55,21.18,20.35,20.88,20.68,0.2,0.97,59760.44,123919.738,12391.9738,123.919738,1.23919738
600750.SH,600750,江中药业,20141106,20.9,21.0,20.31,20.58,20.88,-0.3,-1.44,83750.25,172129.008,17212.9008,172.129008,1.72129008
600750.SH,600750,江中药业,20141107,20.58,20.63,20.09,20.39,20.58,-0.19,-0.92,82365.36,167705.083,16770.5083,167.705083,1.67705083
600750.SH,600750,江中药业,20141110,20.25,20.54,20.0,20.34,20.39,-0.05,-0.25,77230.35,156565.765,15656.5765,156.565765,1.56565765
600750.SH,600750,江中药业,20141111,20.39,20.75,19.88,20.28,20.34,-0.06,-0.3,87564.17,178655.016,17865.5016,178.655016,1.78655016
600750.SH,600750,江中药业,20141112,20.15,20.55,20.13,20.43,20.28,0.15,0.74,46168.6,93881.839,9388.1839,93.881839,0.93881839
600750.SH,600750,江中药业,20141113,20.44,20.88,20.4,20.7,20.43,0.27,1.32,54295.24,112080.47,11208.047,112.08047,1.1208047
600750.SH,600750,江中药业,20141114,20.5,20.71,20.18,20.36,20.7,-0.34,-1.64,40056.08,81839.14,8183.914,81.83914,0.8183914
600750.SH,600750,江中药业,20141117,20.44,22.31,20.44,21.67,20.36,1.31,6.43,130923.92,280637.094,28063.7094,280.637094,2.80637094
600750.SH,600750,江中药业,20141118,21.5,21.74,21.23,21.68,21.67,0.01,0.05,43459.08,93509.38,9350.938,93.50938,0.9350938
600750.SH,600750,江中药业,20141119,21.59,21.93,21.31,21.72,21.68,0.04,0.18,27676.03,59669.442,5966.9442,59.669442,0.59669442
600750.SH,600750,江中药业,20141120,21.65,21.68,21.32,21.38,21.72,-0.34,-1.57,26232.74,56381.392,5638.1392,56.381392,0.56381392
600750.SH,600750,江中药业,20141121,21.2,21.89,21.1,21.36,21.38,-0.02,-0.09,42157.26,90474.031,9047.4031,90.474031,0.90474031
600750.SH,600750,江中药业,20141124,21.53,21.85,21.15,21.38,21.36,0.02,0.09,52763.98,113176.609,11317.6609,113.17660899999998,1.13176609
600750.SH,600750,江中药业,20141125,21.39,21.63,21.25,21.39,21.38,0.01,0.05,49099.78,105292.675,10529.2675,105.292675,1.05292675
600750.SH,600750,江中药业,20141126,21.4,22.13,21.28,21.83,21.39,0.44,2.06,67605.16,146791.398,14679.1398,146.791398,1.4679139799999998
600750.SH,600750,江中药业,20141127,21.82,22.18,21.48,21.62,21.83,-0.21,-0.96,52533.64,114519.87,11451.987,114.51987,1.1451987
600750.SH,600750,江中药业,20141128,21.67,21.68,20.83,20.98,21.62,-0.64,-2.96,73782.19,156090.671,15609.0671,156.090671,1.5609067100000005
600750.SH,600750,江中药业,20141201,20.9,20.9,20.38,20.64,20.98,-0.34,-1.62,74006.31,152348.921,15234.8921,152.34892100000002,1.52348921
600750.SH,600750,江中药业,20141202,20.57,21.28,20.48,20.79,20.64,0.15,0.73,55724.28,116320.479,11632.0479,116.32047900000002,1.1632047900000002
600750.SH,600750,江中药业,20141203,20.78,20.79,20.22,20.57,20.79,-0.22,-1.06,88148.42,179819.556,17981.9556,179.819556,1.79819556
600750.SH,600750,江中药业,20141204,20.59,21.25,20.59,21.16,20.57,0.59,2.87,90930.65,191127.019,19112.7019,191.127019,1.91127019
600750.SH,600750,江中药业,20141205,21.21,21.37,20.28,21.08,21.16,-0.08,-0.38,82080.48,171128.183,17112.8183,171.12818299999998,1.71128183
600750.SH,600750,江中药业,20141208,21.5,22.98,21.31,22.45,21.08,1.37,6.5,213304.1,475153.508,47515.3508,475.153508,4.75153508
600750.SH,600750,江中药业,20141209,22.2,22.4,21.26,21.29,22.45,-1.16,-5.17,141059.89,307415.276,30741.5276,307.415276,3.07415276
600750.SH,600750,江中药业,20141210,21.32,22.57,21.0,22.41,21.29,1.12,5.26,105609.96,231825.606,23182.5606,231.825606,2.31825606
600750.SH,600750,江中药业,20141211,22.4,22.42,21.82,22.35,22.41,-0.06,-0.27,59831.41,132573.796,13257.3796,132.57379600000002,1.32573796
600750.SH,600750,江中药业,20141212,22.37,22.4,21.84,21.98,22.35,-0.37,-1.66,50913.56,112255.105,11225.5105,112.255105,1.12255105
600750.SH,600750,江中药业,20141215,21.9,22.32,21.7,22.19,21.98,0.21,0.96,50132.07,110932.475,11093.2475,110.932475,1.10932475
600750.SH,600750,江中药业,20141216,22.19,22.33,21.92,21.98,22.19,-0.21,-0.95,39800.45,87728.615,8772.8615,87.728615,0.8772861500000001
600750.SH,600750,江中药业,20141217,21.88,21.88,21.23,21.38,21.98,-0.6,-2.73,57120.59,122676.117,12267.6117,122.676117,1.2267611699999998
600750.SH,600750,江中药业,20141218,21.38,21.71,21.21,21.4,21.38,0.02,0.09,36607.36,78542.84,7854.284,78.54284,0.7854284
600750.SH,600750,江中药业,20141219,21.38,21.38,20.69,21.08,21.4,-0.32,-1.5,51739.68,108379.671,10837.9671,108.379671,1.08379671
600750.SH,600750,江中药业,20141222,21.0,21.0,20.34,20.81,21.08,-0.27,-1.28,53375.25,109866.359,10986.6359,109.866359,1.09866359
600750.SH,600750,江中药业,20141223,20.69,21.0,20.46,20.59,20.81,-0.22,-1.06,36888.94,76457.95,7645.795,76.45795,0.7645795
600750.SH,600750,江中药业,20141224,20.61,20.95,20.48,20.93,20.59,0.34,1.65,40220.88,83296.209,8329.6209,83.296209,0.8329620900000001
600750.SH,600750,江中药业,20141225,20.93,21.53,20.81,21.45,20.93,0.52,2.48,46217.16,98219.0,9821.9,98.219,0.98219
600750.SH,600750,江中药业,20141226,21.48,21.93,21.3,21.81,21.45,0.36,1.68,57532.48,125213.413,12521.3413,125.213413,1.25213413
600750.SH,600750,江中药业,20141229,21.8,21.81,20.86,20.99,21.81,-0.82,-3.76,59637.71,126281.54,12628.154,126.28154,1.2628154
600750.SH,600750,江中药业,20141230,20.81,21.3,20.72,20.86,20.99,-0.13,-0.62,30952.08,64895.366,6489.5366,64.89536600000001,0.6489536600000001
600750.SH,600750,江中药业,20141231,20.76,20.92,20.1,20.25,20.86,-0.61,-2.92,64302.14,131056.516,13105.6516,131.05651600000002,1.31056516
600750.SH,600750,江中药业,20150105,20.21,20.74,19.55,20.41,20.25,0.16,0.79,66598.57,135522.241,13552.2241,135.522241,1.35522241
600750.SH,600750,江中药业,20150106,20.38,21.55,20.01,21.27,20.41,0.86,4.21,93669.74,197929.065,19792.9065,197.929065,1.97929065
600750.SH,600750,江中药业,20150107,21.27,21.38,20.25,20.59,21.27,-0.68,-3.2,75899.37,157233.544,15723.3544,157.233544,1.57233544
600750.SH,600750,江中药业,20150108,20.5,20.74,20.23,20.4,20.59,-0.19,-0.92,41449.14,84652.428,8465.2428,84.652428,0.84652428
600750.SH,600750,江中药业,20150109,20.36,20.8,20.23,20.43,20.4,0.03,0.15,36217.26,74731.907,7473.190700000001,74.731907,0.7473190700000001
600750.SH,600750,江中药业,20150112,20.4,20.52,19.93,20.45,20.43,0.02,0.1,28210.12,57083.38,5708.338,57.08338,0.5708338
600750.SH,600750,江中药业,20150113,20.39,20.97,20.28,20.62,20.45,0.17,0.83,44966.91,92993.887,9299.3887,92.993887,0.92993887
600750.SH,600750,江中药业,20150114,20.7,20.74,20.44,20.54,20.62,-0.08,-0.39,24390.91,50161.034,5016.1034,50.161034,0.50161034
600750.SH,600750,江中药业,20150115,20.6,21.09,20.53,20.95,20.54,0.41,2.0,43011.86,89578.033,8957.8033,89.57803299999999,0.8957803299999999
600750.SH,600750,江中药业,20150116,20.9,21.08,20.74,21.02,20.95,0.07,0.33,36872.06,77318.831,7731.883100000001,77.318831,0.77318831
600750.SH,600750,江中药业,20150119,20.6,21.66,20.35,20.83,21.02,-0.19,-0.9,68362.16,144902.475,14490.2475,144.902475,1.4490247500000002
600750.SH,600750,江中药业,20150120,21.0,22.0,21.0,21.89,20.83,1.06,5.09,91328.4,198282.146,19828.2146,198.282146,1.98282146
600750.SH,600750,江中药业,20150121,21.84,22.98,21.71,22.23,21.89,0.34,1.55,93938.58,211206.121,21120.6121,211.206121,2.11206121
600750.SH,600750,江中药业,20150122,22.23,22.96,22.15,22.86,22.23,0.63,2.83,95638.07,217855.421,21785.5421,217.855421,2.17855421
600750.SH,600750,江中药业,20150123,22.95,23.14,22.51,22.68,22.86,-0.18,-0.79,51023.08,116037.397,11603.7397,116.037397,1.16037397
600750.SH,600750,江中药业,20150126,24.87,24.94,23.81,24.39,22.68,1.71,7.54,169680.98,414302.332,41430.2332,414.302332,4.14302332
600750.SH,600750,江中药业,20150127,24.58,25.7,24.28,25.57,24.39,1.18,4.84,137524.05,347710.633,34771.063299999994,347.7106329999999,3.47710633
600750.SH,600750,江中药业,20150128,25.5,26.55,25.1,25.5,25.57,-0.07,-0.27,117898.57,304945.216,30494.5216,304.945216,3.04945216
600750.SH,600750,江中药业,20150129,25.35,25.98,25.29,25.91,25.5,0.41,1.61,70605.64,181347.055,18134.7055,181.347055,1.81347055
600750.SH,600750,江中药业,20150130,25.8,26.02,25.02,25.58,25.91,-0.33,-1.27,56297.61,143532.737,14353.2737,143.532737,1.43532737
600750.SH,600750,江中药业,20150202,25.2,26.0,24.9,25.57,25.58,-0.01,-0.04,40224.4,102956.468,10295.6468,102.956468,1.0295646799999998
600750.SH,600750,江中药业,20150203,25.56,26.18,25.4,26.02,25.57,0.45,1.76,58305.92,150044.418,15004.4418,150.044418,1.50044418
600750.SH,600750,江中药业,20150204,26.0,27.33,25.79,27.01,26.02,0.99,3.8,69143.07,184402.204,18440.2204,184.402204,1.84402204
600750.SH,600750,江中药业,20150205,27.0,27.6,26.71,26.95,27.01,-0.06,-0.22,47427.93,129356.983,12935.6983,129.356983,1.29356983
600750.SH,600750,江中药业,20150206,26.96,27.75,26.42,26.88,26.95,-0.07,-0.26,44511.29,120761.652,12076.1652,120.761652,1.20761652
600750.SH,600750,江中药业,20150209,26.75,27.14,25.51,25.72,26.88,-1.16,-4.32,61261.65,161061.737,16106.1737,161.061737,1.61061737
600750.SH,600750,江中药业,20150210,25.7,27.49,25.53,26.98,25.72,1.26,4.9,48508.25,129597.441,12959.7441,129.597441,1.29597441
600750.SH,600750,江中药业,20150211,27.0,27.29,26.33,26.69,26.98,-0.29,-1.07,32585.08,86869.881,8686.988099999999,86.86988099999999,0.8686988099999999
600750.SH,600750,江中药业,20150212,26.63,26.84,26.01,26.67,26.69,-0.02,-0.07,26197.08,69169.236,6916.9236,69.169236,0.69169236
600750.SH,600750,江中药业,20150213,26.62,27.06,26.51,26.64,26.67,-0.03,-0.11,49327.9,132078.407,13207.8407,132.078407,1.32078407
600750.SH,600750,江中药业,20150216,26.62,27.3,26.39,27.13,26.64,0.49,1.84,40150.95,108465.278,10846.5278,108.465278,1.08465278
600750.SH,600750,江中药业,20150217,27.13,27.19,26.88,26.98,27.13,-0.15,-0.55,28127.57,75925.184,7592.518399999999,75.92518399999999,0.7592518399999999
600750.SH,600750,江中药业,20150225,27.05,29.68,27.05,29.68,26.98,2.7,10.01,136918.51,398406.973,39840.6973,398.406973,3.98406973
600750.SH,600750,江中药业,20150226,29.97,30.0,29.0,29.45,29.68,-0.23,-0.77,66359.8,195935.544,19593.5544,195.935544,1.95935544
600750.SH,600750,江中药业,20150227,29.5,29.78,28.77,29.64,29.45,0.19,0.65,42589.76,124594.477,12459.4477,124.594477,1.24594477
600750.SH,600750,江中药业,20150302,29.1,29.83,28.59,29.23,29.64,-0.41,-1.38,100648.44,292365.062,29236.5062,292.365062,2.92365062
600750.SH,600750,江中药业,20150303,29.0,29.0,28.11,28.15,29.23,-1.08,-3.69,71682.6,203662.056,20366.2056,203.662056,2.03662056
600750.SH,600750,江中药业,20150304,28.11,28.83,27.68,28.8,28.15,0.65,2.31,58745.41,166205.445,16620.5445,166.205445,1.66205445
600750.SH,600750,江中药业,20150305,28.78,28.85,28.04,28.72,28.8,-0.08,-0.28,55845.74,158261.727,15826.1727,158.261727,1.58261727
600750.SH,600750,江中药业,20150306,28.53,28.62,27.85,28.1,28.72,-0.62,-2.16,35988.56,101217.748,10121.7748,101.217748,1.01217748
600750.SH,600750,江中药业,20150309,28.0,28.42,27.72,28.25,28.1,0.15,0.53,26954.97,75806.013,7580.6013,75.80601300000001,0.75806013
600750.SH,600750,江中药业,20150310,28.4,28.7,28.1,28.59,28.25,0.34,1.2,34371.6,97918.262,9791.8262,97.918262,0.97918262
600750.SH,600750,江中药业,20150311,28.37,28.55,28.01,28.38,28.59,-0.21,-0.73,38887.69,109671.433,10967.1433,109.671433,1.09671433
600750.SH,600750,江中药业,20150312,28.22,28.47,27.66,28.17,28.38,-0.21,-0.74,34283.01,95939.264,9593.9264,95.939264,0.95939264
600750.SH,600750,江中药业,20150313,28.2,28.46,27.79,28.41,28.17,0.24,0.85,26875.85,75596.272,7559.6272,75.596272,0.75596272
600750.SH,600750,江中药业,20150316,28.82,30.04,28.81,29.78,28.41,1.37,4.82,60365.88,177996.067,17799.6067,177.996067,1.77996067
600750.SH,600750,江中药业,20150317,30.6,32.55,29.5,29.72,29.78,-0.06,-0.2,102726.98,317484.452,31748.4452,317.484452,3.17484452
600750.SH,600750,江中药业,20150318,29.85,30.3,29.27,29.83,29.72,0.11,0.37,51657.37,153395.23,15339.523,153.39523,1.5339523
600750.SH,600750,江中药业,20150319,29.97,30.0,29.05,29.67,29.83,-0.16,-0.54,56660.33,166705.917,16670.591699999997,166.70591699999997,1.6670591699999997
600750.SH,600750,江中药业,20150320,29.56,29.74,29.1,29.47,29.67,-0.2,-0.67,63786.4,187162.963,18716.2963,187.162963,1.87162963
600750.SH,600750,江中药业,20150323,29.39,31.33,29.35,30.96,29.47,1.49,5.06,79592.19,240664.408,24066.4408,240.664408,2.40664408
600750.SH,600750,江中药业,20150324,30.78,30.96,29.52,30.19,30.96,-0.77,-2.49,71204.86,214830.571,21483.0571,214.830571,2.14830571
600750.SH,600750,江中药业,20150325,29.97,30.1,29.5,29.94,30.19,-0.25,-0.83,47523.81,141713.409,14171.3409,141.713409,1.4171340900000002
600750.SH,600750,江中药业,20150326,29.86,30.32,29.5,29.97,29.94,0.03,0.1,51697.95,154836.59,15483.659,154.83659,1.5483659
600750.SH,600750,江中药业,20150327,29.93,30.47,29.65,30.09,29.97,0.12,0.4,43819.18,131307.72,13130.772,131.30772000000002,1.3130772000000002
600750.SH,600750,江中药业,20150330,30.05,30.55,29.51,30.1,30.09,0.01,0.03,67431.9,202320.014,20232.0014,202.320014,2.02320014
600750.SH,600750,江中药业,20150331,30.03,30.2,29.65,29.97,30.1,-0.13,-0.43,55297.27,165320.051,16532.005100000002,165.32005100000003,1.6532005100000005
600750.SH,600750,江中药业,20150401,29.81,31.28,29.71,30.97,29.97,1.0,3.34,86242.53,265246.696,26524.6696,265.246696,2.65246696
600750.SH,600750,江中药业,20150402,31.0,32.1,30.98,32.06,30.97,1.09,3.52,68181.76,214572.167,21457.2167,214.572167,2.14572167
600750.SH,600750,江中药业,20150403,32.0,32.37,31.31,31.96,32.06,-0.1,-0.31,47879.35,151955.358,15195.5358,151.95535800000002,1.5195535800000002
600750.SH,600750,江中药业,20150407,31.9,32.0,30.9,31.86,31.96,-0.1,-0.31,77748.73,245127.911,24512.7911,245.127911,2.45127911
600750.SH,600750,江中药业,20150408,31.8,31.85,30.4,31.35,31.86,-0.51,-1.6,55526.6,172900.256,17290.0256,172.900256,1.72900256
600750.SH,600750,江中药业,20150409,31.21,31.67,30.3,31.5,31.35,0.15,0.48,49409.19,152555.292,15255.5292,152.55529199999998,1.5255529199999998
600750.SH,600750,江中药业,20150410,31.5,32.4,31.12,32.08,31.5,0.58,1.84,66017.33,209935.348,20993.5348,209.935348,2.09935348
600750.SH,600750,江中药业,20150413,32.2,34.36,31.55,33.32,32.08,1.24,3.87,103552.68,342696.425,34269.6425,342.69642500000003,3.42696425
600750.SH,600750,江中药业,20150414,33.21,35.99,32.52,35.93,33.32,2.61,7.83,123579.59,427152.003,42715.2003,427.152003,4.2715200300000005
600750.SH,600750,江中药业,20150415,35.18,35.6,33.68,34.32,35.93,-1.61,-4.48,88263.04,305930.436,30593.0436,305.930436,3.05930436
600750.SH,600750,江中药业,20150416,34.0,35.3,33.3,34.28,34.32,-0.04,-0.12,53787.92,185793.935,18579.3935,185.793935,1.85793935
600750.SH,600750,江中药业,20150417,34.39,34.78,33.5,33.6,34.28,-0.68,-1.98,84055.61,285603.62,28560.362,285.60362000000003,2.8560362
600750.SH,600750,江中药业,20150420,33.6,34.18,32.08,32.16,33.6,-1.44,-4.29,72228.56,238049.729,23804.9729,238.049729,2.38049729
600750.SH,600750,江中药业,20150421,32.25,33.15,32.0,33.06,32.16,0.9,2.8,47121.92,154186.578,15418.6578,154.186578,1.54186578
600750.SH,600750,江中药业,20150422,33.18,34.58,33.1,33.98,33.06,0.92,2.78,57764.92,196002.128,19600.2128,196.002128,1.96002128
600750.SH,600750,江中药业,20150423,33.99,34.0,32.8,33.32,33.98,-0.66,-1.94,61550.48,204895.965,20489.5965,204.895965,2.04895965
600750.SH,600750,江中药业,20150424,32.8,34.3,32.6,33.86,33.32,0.54,1.62,74934.2,251642.766,25164.2766,251.642766,2.51642766
600750.SH,600750,江中药业,20150427,33.41,33.76,32.34,33.37,33.86,-0.49,-1.45,113739.38,375402.809,37540.2809,375.402809,3.75402809
600750.SH,600750,江中药业,20150428,33.58,34.18,32.63,32.88,33.37,-0.49,-1.47,94321.98,314899.483,31489.9483,314.899483,3.14899483
600750.SH,600750,江中药业,20150429,32.89,32.89,32.02,32.72,32.88,-0.16,-0.49,68990.83,224442.3,22444.23,224.4423,2.244423
600750.SH,600750,江中药业,20150430,32.7,33.0,32.44,32.5,32.72,-0.22,-0.67,50744.08,166023.866,16602.3866,166.02386600000003,1.6602386600000003
600750.SH,600750,江中药业,20150504,32.45,33.77,32.45,33.25,32.5,0.75,2.31,75369.59,250673.943,25067.3943,250.673943,2.50673943
600750.SH,600750,江中药业,20150505,33.16,33.39,31.21,31.59,33.25,-1.66,-4.99,42399.1,137138.732,13713.873199999998,137.13873199999998,1.3713873199999995
600750.SH,600750,江中药业,20150506,31.69,32.74,30.88,31.58,31.59,-0.01,-0.03,52825.61,168620.802,16862.0802,168.620802,1.68620802
600750.SH,600750,江中药业,20150507,31.31,32.33,31.1,31.34,31.58,-0.24,-0.76,31730.16,101276.569,10127.6569,101.276569,1.01276569
600750.SH,600750,江中药业,20150508,31.72,34.14,31.62,33.39,31.34,2.05,6.54,68500.24,227546.615,22754.6615,227.546615,2.27546615
600750.SH,600750,江中药业,20150511,33.4,36.73,33.4,36.73,33.39,3.34,10.0,152919.62,555013.611,55501.3611,555.013611,5.55013611
600750.SH,600750,江中药业,20150512,36.77,39.29,36.3,38.48,36.73,1.75,4.76,156513.95,588476.802,58847.6802,588.476802,5.88476802
600750.SH,600750,江中药业,20150513,38.0,39.0,37.3,37.87,38.48,-0.61,-1.59,63304.18,241565.309,24156.5309,241.565309,2.41565309
600750.SH,600750,江中药业,20150514,37.96,38.55,36.92,38.2,37.87,0.33,0.87,48818.62,184345.946,18434.5946,184.345946,1.84345946
600750.SH,600750,江中药业,20150515,38.5,38.5,36.75,37.47,38.2,-0.73,-1.91,56363.52,210676.825,21067.682500000003,210.67682500000004,2.1067682500000005
600750.SH,600750,江中药业,20150518,38.3,41.22,38.3,41.18,37.47,3.71,9.9,114650.38,465852.928,46585.2928,465.852928,4.65852928
600750.SH,600750,江中药业,20150519,41.8,42.67,40.54,41.67,41.18,0.49,1.19,81929.95,341743.904,34174.3904,341.743904,3.41743904
600750.SH,600750,江中药业,20150520,41.72,43.0,40.51,41.71,41.67,0.04,0.1,57012.38,238995.919,23899.5919,238.995919,2.38995919
600750.SH,600750,江中药业,20150521,42.44,45.6,40.99,44.3,41.71,2.59,6.21,87900.82,378604.434,37860.4434,378.604434,3.78604434
600750.SH,600750,江中药业,20150522,44.29,45.39,42.41,43.78,44.3,-0.52,-1.17,54942.19,239498.183,23949.8183,239.498183,2.39498183
600750.SH,600750,江中药业,20150525,43.6,46.48,42.5,44.29,43.78,0.51,1.16,82796.69,366771.262,36677.1262,366.771262,3.66771262
600750.SH,600750,江中药业,20150526,44.01,45.0,42.49,44.05,44.29,-0.24,-0.54,89857.11,390699.602,39069.9602,390.699602,3.90699602
600750.SH,600750,江中药业,20150527,44.1,44.41,41.65,42.74,44.05,-1.31,-2.97,94269.38,402790.565,40279.0565,402.790565,4.02790565
600750.SH,600750,江中药业,20150528,42.68,43.5,38.88,39.12,42.74,-3.62,-8.47,81331.44,338420.728,33842.0728,338.420728,3.38420728
600750.SH,600750,江中药业,20150529,39.05,41.2,38.1,40.0,39.12,0.88,2.25,74851.13,298136.64,29813.664,298.13664,2.9813664
600750.SH,600750,江中药业,20150601,40.0,43.99,40.0,43.8,40.0,3.8,9.5,82432.7,351048.468,35104.8468,351.048468,3.51048468
600750.SH,600750,江中药业,20150602,44.01,47.85,43.12,47.85,43.5,4.35,10.0,104812.02,484483.914,48448.3914,484.483914,4.84483914
600750.SH,600750,江中药业,20150603,47.85,49.18,46.7,47.31,47.85,-0.54,-1.13,101903.11,486483.294,48648.3294,486.483294,4.86483294
600750.SH,600750,江中药业,20150604,47.2,47.2,43.0,45.2,47.31,-2.11,-4.46,59447.63,267573.339,26757.3339,267.573339,2.6757333899999995
600750.SH,600750,江中药业,20150605,45.23,46.8,43.51,44.15,45.2,-1.05,-2.32,77979.29,349961.105,34996.110499999995,349.961105,3.49961105
600750.SH,600750,江中药业,20150608,44.31,45.6,43.8,45.47,44.15,1.32,2.99,54878.86,245208.423,24520.8423,245.208423,2.45208423
600750.SH,600750,江中药业,20150609,45.47,45.66,43.5,43.6,45.47,-1.87,-4.11,58239.56,257561.404,25756.1404,257.561404,2.57561404
600750.SH,600750,江中药业,20150610,43.6,45.2,42.9,44.34,43.6,0.74,1.7,51304.5,227937.736,22793.7736,227.937736,2.27937736
600750.SH,600750,江中药业,20150611,44.02,46.5,44.01,44.52,44.34,0.18,0.41,68718.32,309749.495,30974.9495,309.749495,3.09749495
600750.SH,600750,江中药业,20150612,44.58,45.29,44.31,44.89,44.52,0.37,0.83,65187.96,291595.873,29159.587300000003,291.59587300000004,2.9159587300000003
600750.SH,600750,江中药业,20150615,45.06,45.15,41.94,42.23,44.89,-2.66,-5.93,77881.83,338185.784,33818.5784,338.185784,3.3818578400000003
600750.SH,600750,江中药业,20150616,42.0,42.69,40.6,40.72,42.23,-1.51,-3.58,51223.71,213587.847,21358.7847,213.587847,2.13587847
600750.SH,600750,江中药业,20150617,40.68,42.09,39.6,41.6,40.72,0.88,2.16,62957.95,256634.381,25663.4381,256.634381,2.56634381
600750.SH,600750,江中药业,20150618,41.6,41.8,37.92,38.99,41.6,-2.61,-6.27,63183.91,255044.649,25504.4649,255.044649,2.55044649
600750.SH,600750,江中药业,20150619,38.59,38.59,35.13,35.42,38.99,-3.57,-9.16,111789.72,407024.499,40702.4499,407.024499,4.07024499
600750.SH,600750,江中药业,20150623,36.0,36.48,33.7,36.08,35.42,0.66,1.86,81062.14,288243.443,28824.344300000004,288.24344300000007,2.882434430000001
600750.SH,600750,江中药业,20150624,36.3,38.37,36.11,38.27,36.08,2.19,6.07,79875.31,296874.931,29687.4931,296.874931,2.96874931
600750.SH,600750,江中药业,20150625,38.13,38.13,34.88,35.7,38.27,-2.57,-6.72,68226.66,251998.471,25199.8471,251.998471,2.51998471
600750.SH,600750,江中药业,20150626,35.01,35.01,32.13,32.13,35.7,-3.57,-10.0,94156.72,311820.555,31182.0555,311.820555,3.1182055500000003
600750.SH,600750,江中药业,20150629,33.0,33.27,28.92,29.26,32.13,-2.87,-8.93,134163.33,406590.562,40659.0562,406.590562,4.06590562
600750.SH,600750,江中药业,20150630,29.26,32.19,26.72,32.19,29.26,2.93,10.01,142418.31,423508.47,42350.847,423.50846999999993,4.235084699999999
600750.SH,600750,江中药业,20150701,32.22,35.12,31.8,32.22,32.19,0.03,0.09,138274.57,468369.316,46836.9316,468.369316,4.68369316
600750.SH,600750,江中药业,20150702,31.15,34.93,30.0,32.06,32.22,-0.16,-0.5,150725.98,491016.654,49101.6654,491.016654,4.91016654
600750.SH,600750,江中药业,20150703,30.53,34.8,30.5,33.41,32.06,1.35,4.21,194265.28,638576.839,63857.6839,638.5768390000001,6.385768390000001
600750.SH,600750,江中药业,20150706,36.75,36.75,30.07,33.42,33.41,0.01,0.03,191587.24,639679.264,63967.9264,639.679264,6.39679264
600750.SH,600750,江中药业,20150707,32.01,33.0,30.08,30.08,33.42,-3.34,-9.99,74122.44,228690.049,22869.0049,228.690049,2.28690049
600750.SH,600750,江中药业,20150708,27.07,30.08,27.07,28.79,30.08,-1.29,-4.29,341808.21,966256.396,96625.6396,966.256396,9.66256396
600750.SH,600750,江中药业,20150709,27.24,31.67,27.24,31.67,28.79,2.88,10.0,110294.52,340851.957,34085.1957,340.851957,3.40851957
600750.SH,600750,江中药业,20150710,34.3,34.84,32.0,34.84,31.67,3.17,10.01,63977.68,221260.932,22126.0932,221.260932,2.21260932
600750.SH,600750,江中药业,20150713,37.9,38.32,35.01,38.32,34.84,3.48,9.99,151063.38,562314.737,56231.4737,562.3147369999999,5.623147369999999
600750.SH,600750,江中药业,20150714,41.88,41.88,36.75,37.92,38.32,-0.4,-1.04,167861.92,650462.263,65046.2263,650.462263,6.50462263
600750.SH,600750,江中药业,20150715,37.5,41.0,34.13,39.72,37.92,1.8,4.75,101602.47,362518.655,36251.8655,362.518655,3.625186550000001
600750.SH,600750,江中药业,20150716,39.67,43.69,35.83,43.47,39.72,3.75,9.44,149047.38,589332.54,58933.254,589.33254,5.8933254
600750.SH,600750,江中药业,20150717,42.9,44.48,41.3,42.87,43.47,-0.6,-1.38,157483.87,678306.702,67830.67020000001,678.3067020000001,6.783067020000001
600750.SH,600750,江中药业,20150720,41.28,42.0,39.6,40.63,42.87,-2.24,-5.23,128438.92,524389.707,52438.970700000005,524.389707,5.24389707
600750.SH,600750,江中药业,20150721,39.7,41.19,38.6,39.52,40.63,-1.11,-2.73,112597.17,446735.005,44673.5005,446.735005,4.46735005
600750.SH,600750,江中药业,20150722,39.61,39.98,38.06,39.67,39.52,0.15,0.38,96112.92,376052.495,37605.2495,376.052495,3.76052495
600750.SH,600750,江中药业,20150723,39.55,41.19,39.0,40.87,39.67,1.2,3.03,100349.71,404499.793,40449.9793,404.499793,4.04499793
600750.SH,600750,江中药业,20150724,40.84,40.87,38.78,39.86,40.87,-1.01,-2.47,112312.53,446482.775,44648.2775,446.48277500000006,4.46482775
600750.SH,600750,江中药业,20150727,38.02,39.35,35.87,35.87,39.86,-3.99,-10.01,74972.27,280141.053,28014.105300000003,280.14105300000006,2.8014105300000005
600750.SH,600750,江中药业,20150728,35.0,39.46,32.4,39.46,35.87,3.59,10.01,170323.93,631272.61,63127.261,631.27261,6.3127261
600750.SH,600750,江中药业,20150729,39.48,43.41,39.4,43.41,39.46,3.95,10.01,169187.14,705624.208,70562.42079999999,705.624208,7.05624208
600750.SH,600750,江中药业,20150730,44.0,44.23,40.3,41.78,43.41,-1.63,-3.75,95133.08,406898.137,40689.8137,406.898137,4.06898137
600750.SH,600750,江中药业,20150731,41.79,43.9,40.3,43.24,41.78,1.46,3.49,109336.51,456951.122,45695.1122,456.951122,4.569511219999999
600750.SH,600750,江中药业,20150803,41.5,42.0,38.92,40.56,43.24,-2.68,-6.2,100420.51,402308.227,40230.8227,402.308227,4.023082270000001
600750.SH,600750,江中药业,20150804,41.56,42.49,39.82,41.41,40.56,0.85,2.1,92838.14,381276.53,38127.653000000006,381.27653,3.8127653000000006
600750.SH,600750,江中药业,20150805,41.38,42.52,37.27,41.66,41.41,0.25,0.6,86782.55,348908.443,34890.844300000004,348.90844300000003,3.48908443
600750.SH,600750,江中药业,20150806,40.1,42.0,39.2,41.45,41.66,-0.21,-0.5,77415.13,313253.135,31325.3135,313.253135,3.13253135
600750.SH,600750,江中药业,20150807,40.3,41.45,39.97,40.67,41.45,-0.78,-1.88,80480.16,326602.524,32660.2524,326.602524,3.2660252399999994
600750.SH,600750,江中药业,20150810,40.7,42.3,39.85,42.14,40.67,1.47,3.61,110261.48,454563.822,45456.3822,454.563822,4.54563822
600750.SH,600750,江中药业,20150811,42.53,46.35,41.1,46.35,42.14,4.21,9.99,200038.54,888615.136,88861.5136,888.615136,8.88615136
600750.SH,600750,江中药业,20150812,46.0,46.0,44.0,44.74,46.35,-1.61,-3.47,103363.08,462944.138,46294.4138,462.944138,4.629441379999999
600750.SH,600750,江中药业,20150813,44.0,44.51,43.0,43.83,44.74,-0.91,-2.03,73534.12,321415.845,32141.5845,321.415845,3.21415845
600750.SH,600750,江中药业,20150814,44.01,44.28,42.6,43.55,43.83,-0.28,-0.64,70086.66,304380.537,30438.0537,304.380537,3.04380537
600750.SH,600750,江中药业,20150817,43.27,44.0,42.91,43.79,43.55,0.24,0.55,63671.56,277476.151,27747.615100000003,277.476151,2.7747615100000003
600750.SH,600750,江中药业,20150818,43.5,43.56,39.41,43.01,43.79,-0.78,-1.78,98129.93,408000.416,40800.0416,408.000416,4.0800041600000005
600750.SH,600750,江中药业,20150819,40.58,42.93,39.58,42.45,43.01,-0.56,-1.3,53904.66,223421.081,22342.1081,223.421081,2.23421081
600750.SH,600750,江中药业,20150820,42.0,42.99,40.51,42.64,42.45,0.19,0.45,89319.46,375787.962,37578.7962,375.787962,3.75787962
600750.SH,600750,江中药业,20150821,41.5,42.15,38.38,38.51,42.64,-4.13,-9.69,63726.49,254399.717,25439.9717,254.399717,2.54399717
600750.SH,600750,江中药业,20150824,35.45,41.06,34.66,38.97,38.51,0.46,1.19,126689.99,461001.489,46100.1489,461.001489,4.61001489
600750.SH,600750,江中药业,20150825,36.6,40.86,35.07,39.77,38.97,0.8,2.05,243886.0,917236.131,91723.6131,917.236131,9.17236131
600750.SH,600750,江中药业,20150826,38.44,42.7,37.5,41.99,39.77,2.22,5.58,175449.79,709191.566,70919.1566,709.191566,7.09191566
600750.SH,600750,江中药业,20150827,42.23,43.1,39.93,42.12,41.99,0.13,0.31,99021.74,408926.564,40892.6564,408.926564,4.08926564
600750.SH,600750,江中药业,20150828,43.2,46.33,41.7,46.33,42.12,4.21,10.0,269135.21,1222961.143,122296.1143,1222.9611429999998,12.22961143
600750.SH,600750,江中药业,20150831,46.5,50.6,44.8,50.19,46.33,3.86,8.33,209772.75,1003693.356,100369.3356,1003.693356,10.03693356
600750.SH,600750,江中药业,20150901,49.51,49.9,45.17,48.53,50.19,-1.66,-3.31,179052.5,834673.138,83467.3138,834.673138,8.34673138
600750.SH,600750,江中药业,20150902,44.0,51.0,43.68,49.95,48.53,1.42,2.93,187483.07,869597.601,86959.7601,869.5976009999999,8.695976009999999
600750.SH,600750,江中药业,20150907,48.51,51.88,44.96,49.62,49.95,-0.33,-0.66,214995.33,1017727.511,101772.7511,1017.727511,10.17727511
600750.SH,600750,江中药业,20150908,48.2,49.6,45.75,49.38,49.62,-0.24,-0.48,121368.21,576538.181,57653.8181,576.538181,5.76538181
600750.SH,600750,江中药业,20150909,49.0,49.88,45.72,47.65,49.38,-1.73,-3.5,178767.22,849693.641,84969.36409999999,849.693641,8.49693641
600750.SH,600750,江中药业,20150910,45.28,45.51,43.18,44.73,47.65,-2.92,-6.13,115877.76,511532.305,51153.2305,511.532305,5.11532305
600750.SH,600750,江中药业,20150911,45.0,48.55,43.98,48.4,44.73,3.67,8.2,186090.83,869262.024,86926.2024,869.262024,8.69262024
600750.SH,600750,江中药业,20150914,49.0,50.36,46.5,48.45,48.4,0.05,0.1,161595.07,785405.362,78540.5362,785.405362,7.854053619999999
600750.SH,600750,江中药业,20150915,46.28,48.43,43.61,47.97,48.45,-0.48,-0.99,108549.6,495480.991,49548.0991,495.480991,4.95480991
600750.SH,600750,江中药业,20150916,46.86,50.0,45.0,48.97,47.97,1.0,2.08,141575.55,674024.467,67402.4467,674.024467,6.740244669999999
600750.SH,600750,江中药业,20150917,47.0,48.51,45.5,47.36,48.97,-1.61,-3.29,144080.19,675001.658,67500.1658,675.001658,6.7500165800000005
600750.SH,600750,江中药业,20150918,46.5,46.89,44.65,46.33,47.36,-1.03,-2.17,81564.82,371631.213,37163.1213,371.631213,3.71631213
600750.SH,600750,江中药业,20150921,46.19,46.19,43.2,45.02,46.33,-1.31,-2.83,77645.75,344254.189,34425.418900000004,344.25418900000005,3.4425418900000007
600750.SH,600750,江中药业,20150922,43.74,46.22,43.27,45.18,45.02,0.16,0.36,97760.82,442784.341,44278.4341,442.784341,4.42784341
600750.SH,600750,江中药业,20150923,44.95,45.5,43.18,44.8,45.18,-0.38,-0.84,70938.24,313620.89,31362.089,313.62089,3.1362089
600750.SH,600750,江中药业,20150924,44.51,46.16,43.98,45.62,44.8,0.82,1.83,63789.66,290750.86,29075.086,290.75086,2.9075086
600750.SH,600750,江中药业,20150925,45.38,45.95,43.35,45.02,45.62,-0.6,-1.32,51089.72,230364.514,23036.4514,230.364514,2.30364514
600750.SH,600750,江中药业,20150928,45.02,46.4,43.55,46.24,45.02,1.22,2.71,45570.1,206587.71,20658.771,206.58771,2.0658771
600750.SH,600750,江中药业,20150929,45.49,46.99,45.08,45.81,46.24,-0.43,-0.93,39890.36,183055.122,18305.5122,183.055122,1.83055122
600750.SH,600750,江中药业,20150930,45.28,46.06,44.78,45.88,45.81,0.07,0.15,28239.65,128601.035,12860.1035,128.60103500000002,1.2860103500000002
600750.SH,600750,江中药业,20151008,47.0,47.48,44.77,45.74,45.88,-0.14,-0.31,102975.22,469291.496,46929.1496,469.291496,4.69291496
600750.SH,600750,江中药业,20151009,45.69,45.69,44.0,44.86,45.74,-0.88,-1.92,79644.78,356074.114,35607.4114,356.07411399999995,3.5607411399999997
600750.SH,600750,江中药业,20151012,44.28,45.28,43.4,43.68,44.86,-1.18,-2.63,232729.49,1020224.312,102022.4312,1020.224312,10.20224312
600750.SH,600750,江中药业,20151013,42.7,43.08,40.39,42.31,43.68,-1.37,-3.14,223064.81,929578.754,92957.8754,929.578754,9.29578754
600750.SH,600750,江中药业,20151014,41.38,42.53,39.96,42.42,42.31,0.11,0.26,242310.68,992948.794,99294.8794,992.948794,9.92948794
600750.SH,600750,江中药业,20151015,41.29,41.8,40.0,41.24,42.42,-1.18,-2.78,188829.57,773692.084,77369.2084,773.692084,7.73692084
600750.SH,600750,江中药业,20151016,41.0,41.59,40.44,41.15,41.24,-0.09,-0.22,193253.24,793544.92,79354.492,793.5449199999999,7.935449199999999
600750.SH,600750,江中药业,20151019,41.01,41.75,40.7,41.17,41.15,0.02,0.05,118879.98,489810.511,48981.0511,489.810511,4.89810511
600750.SH,600750,江中药业,20151020,41.37,41.39,39.51,40.94,41.17,-0.23,-0.56,205157.3,829386.03,82938.603,829.38603,8.2938603
600750.SH,600750,江中药业,20151021,40.3,40.48,38.51,39.58,40.94,-1.36,-3.32,183555.7,726050.983,72605.0983,726.050983,7.26050983
600750.SH,600750,江中药业,20151022,39.21,39.21,38.05,38.74,39.58,-0.84,-2.12,118385.18,458374.763,45837.4763,458.374763,4.58374763
600750.SH,600750,江中药业,20151023,38.58,40.7,38.38,40.28,38.74,1.54,3.98,176972.17,708089.449,70808.9449,708.0894490000001,7.08089449
600750.SH,600750,江中药业,20151026,40.8,40.8,39.41,39.46,40.28,-0.82,-2.04,101530.85,404157.001,40415.7001,404.157001,4.04157001
600750.SH,600750,江中药业,20151027,39.42,39.42,37.39,38.08,39.46,-1.38,-3.5,106033.77,404263.448,40426.3448,404.263448,4.04263448
600750.SH,600750,江中药业,20151028,37.79,38.65,37.6,37.73,38.08,-0.35,-0.92,72499.99,275954.342,27595.4342,275.954342,2.75954342
600750.SH,600750,江中药业,20151029,37.81,38.19,37.28,37.95,37.73,0.22,0.58,73448.92,277283.131,27728.3131,277.283131,2.7728313099999995
600750.SH,600750,江中药业,20151030,38.26,38.97,37.62,38.62,37.95,0.67,1.77,96945.47,372531.82,37253.182,372.53182,3.7253182
600750.SH,600750,江中药业,20151102,38.01,38.88,37.6,37.71,38.62,-0.91,-2.36,66251.71,253436.557,25343.6557,253.436557,2.53436557
600750.SH,600750,江中药业,20151103,37.61,37.9,36.28,36.37,37.71,-1.34,-3.55,74078.98,273914.749,27391.4749,273.91474900000003,2.73914749
600750.SH,600750,江中药业,20151104,36.39,37.99,36.39,37.97,36.37,1.6,4.4,125741.65,468563.025,46856.302500000005,468.563025,4.68563025
600750.SH,600750,江中药业,20151105,37.83,39.24,37.03,38.68,37.97,0.71,1.87,203590.43,776202.478,77620.2478,776.2024779999999,7.762024779999999
600750.SH,600750,江中药业,20151106,38.61,38.79,38.32,38.49,38.68,-0.19,-0.49,123526.69,475776.176,47577.6176,475.776176,4.757761759999999
600750.SH,600750,江中药业,20151109,38.3,39.68,38.1,39.52,38.49,1.03,2.68,170738.76,671061.096,67106.1096,671.0610959999999,6.71061096
600750.SH,600750,江中药业,20151110,39.49,39.49,38.64,38.94,39.52,-0.58,-1.47,114254.87,444918.415,44491.8415,444.9184149999999,4.449184149999999
600750.SH,600750,江中药业,20151111,39.0,39.09,38.0,38.42,38.94,-0.52,-1.34,117507.26,450651.211,45065.1211,450.6512110000001,4.50651211
600750.SH,600750,江中药业,20151112,38.47,38.66,38.02,38.46,38.42,0.04,0.1,105315.22,402996.181,40299.6181,402.996181,4.02996181
600750.SH,600750,江中药业,20151113,38.46,40.25,38.2,39.99,38.46,1.53,3.98,268900.92,1058232.073,105823.2073,1058.232073,10.58232073
600750.SH,600750,江中药业,20151116,39.5,39.9,39.04,39.57,39.99,-0.42,-1.05,127714.3,502220.08,50222.008,502.22008,5.0222008
600750.SH,600750,江中药业,20151117,39.9,40.44,39.3,39.5,39.57,-0.07,-0.18,186655.62,744748.571,74474.8571,744.748571,7.44748571
600750.SH,600750,江中药业,20151118,39.5,39.68,37.2,37.42,39.5,-2.08,-5.27,146348.18,564215.572,56421.5572,564.2155720000001,5.642155720000001
600750.SH,600750,江中药业,20151119,37.2,37.8,36.35,37.76,37.42,0.34,0.91,145600.58,537764.088,53776.4088,537.764088,5.37764088
600750.SH,600750,江中药业,20151120,37.49,37.5,36.85,37.49,37.76,-0.27,-0.72,152224.94,564740.357,56474.03569999999,564.7403569999999,5.647403569999999
600750.SH,600750,江中药业,20151123,37.45,38.09,37.05,37.95,37.49,0.46,1.23,159903.89,601074.907,60107.4907,601.074907,6.01074907
600750.SH,600750,江中药业,20151124,37.93,37.95,37.2,37.54,37.95,-0.41,-1.08,109142.93,410253.755,41025.3755,410.253755,4.10253755
600750.SH,600750,江中药业,20151125,37.43,37.56,37.01,37.18,37.54,-0.36,-0.96,123741.84,460033.375,46003.3375,460.033375,4.600333750000001
600750.SH,600750,江中药业,20151126,37.2,37.55,37.01,37.53,37.18,0.35,0.94,136282.07,507822.383,50782.2383,507.822383,5.07822383
600750.SH,600750,江中药业,20151127,37.33,37.36,34.0,35.49,37.53,-2.04,-5.44,138907.75,501790.65,50179.065,501.79065,5.0179065000000005
600750.SH,600750,江中药业,20151130,35.2,35.3,33.03,34.51,35.49,-0.98,-2.76,123115.46,423273.522,42327.3522,423.273522,4.23273522
600750.SH,600750,江中药业,20151201,34.39,34.77,33.3,34.4,34.51,-0.11,-0.32,116419.55,395699.057,39569.9057,395.699057,3.95699057
600750.SH,600750,江中药业,20151202,34.38,34.76,33.61,34.71,34.4,0.31,0.9,88841.06,304445.566,30444.5566,304.445566,3.04445566
600750.SH,600750,江中药业,20151203,34.66,35.48,34.38,35.43,34.71,0.72,2.07,110560.34,386714.622,38671.4622,386.714622,3.86714622
600750.SH,600750,江中药业,20151204,35.3,36.58,35.01,36.51,35.43,1.08,3.05,174977.74,626713.09,62671.309,626.71309,6.2671309
600750.SH,600750,江中药业,20151207,36.53,36.77,36.01,36.4,36.51,-0.11,-0.3,106178.23,385932.306,38593.2306,385.9323059999999,3.85932306
600750.SH,600750,江中药业,20151208,36.34,36.34,35.8,35.9,36.4,-0.5,-1.37,92334.84,332243.722,33224.3722,332.243722,3.32243722
600750.SH,600750,江中药业,20151209,35.9,35.9,35.01,35.47,35.9,-0.43,-1.2,82182.27,289937.314,28993.7314,289.937314,2.89937314
600750.SH,600750,江中药业,20151210,35.6,36.49,35.3,36.37,35.47,0.9,2.54,137601.67,496653.248,49665.3248,496.653248,4.966532480000001
600750.SH,600750,江中药业,20151211,36.37,36.37,35.69,36.0,36.37,-0.37,-1.02,79247.09,285030.007,28503.0007,285.030007,2.8503000699999994
600750.SH,600750,江中药业,20151214,35.65,36.42,35.21,36.33,36.0,0.33,0.92,94799.75,340764.046,34076.404599999994,340.76404599999995,3.40764046
600750.SH,600750,江中药业,20151215,36.15,36.59,36.0,36.12,36.33,-0.21,-0.58,86766.07,314853.428,31485.3428,314.853428,3.14853428
600750.SH,600750,江中药业,20151216,36.16,36.38,35.78,35.82,36.12,-0.3,-0.83,81756.65,293611.381,29361.1381,293.611381,2.93611381
600750.SH,600750,江中药业,20151217,35.87,36.76,35.82,36.64,35.82,0.82,2.29,153263.59,555663.664,55566.3664,555.663664,5.556636640000001
600750.SH,600750,江中药业,20151218,36.67,36.67,36.06,36.13,36.64,-0.51,-1.39,93553.96,339288.013,33928.8013,339.288013,3.39288013
600750.SH,600750,江中药业,20151221,35.98,37.95,35.85,37.81,36.13,1.68,4.65,199862.17,745587.927,74558.7927,745.587927,7.45587927
600750.SH,600750,江中药业,20151222,38.08,38.08,36.9,37.26,37.81,-0.55,-1.45,149035.79,555863.357,55586.3357,555.863357,5.55863357
600750.SH,600750,江中药业,20151223,37.6,38.88,37.5,37.62,37.26,0.36,0.97,202930.03,775070.037,77507.0037,775.070037,7.75070037
600750.SH,600750,江中药业,20151224,37.34,37.99,36.51,37.82,37.62,0.2,0.53,107091.22,399064.975,39906.4975,399.064975,3.99064975
600750.SH,600750,江中药业,20151225,37.97,38.15,37.3,37.72,37.82,-0.1,-0.26,109274.58,411843.523,41184.3523,411.843523,4.11843523
600750.SH,600750,江中药业,20151228,37.96,38.26,36.81,36.91,37.72,-0.81,-2.15,108663.54,408437.097,40843.7097,408.437097,4.08437097
600750.SH,600750,江中药业,20151229,36.75,36.98,35.84,36.22,36.91,-0.69,-1.87,94583.91,342345.163,34234.5163,342.345163,3.42345163
600750.SH,600750,江中药业,20151230,36.39,36.4,35.84,36.04,36.22,-0.18,-0.5,86557.87,311987.181,31198.7181,311.987181,3.11987181
600750.SH,600750,江中药业,20151231,36.15,36.25,35.22,35.29,36.04,-0.75,-2.08,76813.74,274982.252,27498.2252,274.982252,2.7498225199999995
600750.SH,600750,江中药业,20160104,35.28,35.4,31.76,31.81,35.29,-3.48,-9.86,77915.11,260785.4,26078.54,260.7854,2.607854
600750.SH,600750,江中药业,20160105,29.25,31.81,29.15,30.15,31.81,-1.66,-5.22,104002.19,315460.52,31546.052000000003,315.46052000000003,3.1546052
600750.SH,600750,江中药业,20160106,30.45,30.79,29.86,30.58,30.15,0.43,1.43,81027.36,245375.502,24537.5502,245.375502,2.45375502
600750.SH,600750,江中药业,20160107,30.0,30.01,27.52,28.17,30.58,-2.41,-7.88,34643.37,98778.785,9877.8785,98.778785,0.98778785
600750.SH,600750,江中药业,20160108,28.91,29.18,26.0,28.28,28.17,0.11,0.39,105302.25,298449.743,29844.9743,298.449743,2.98449743
600750.SH,600750,江中药业,20160111,27.6,27.98,25.45,25.45,28.28,-2.83,-10.01,90210.98,240890.807,24089.0807,240.890807,2.40890807
600750.SH,600750,江中药业,20160112,25.09,25.8,24.6,25.66,25.45,0.21,0.83,77272.22,195797.855,19579.7855,195.79785500000003,1.95797855
600750.SH,600750,江中药业,20160113,25.88,26.22,24.38,24.54,25.66,-1.12,-4.36,67559.04,172248.452,17224.8452,172.248452,1.72248452
600750.SH,600750,江中药业,20160114,23.88,25.79,23.54,25.47,24.54,0.93,3.79,99568.21,246373.934,24637.3934,246.373934,2.46373934
600750.SH,600750,江中药业,20160115,25.29,25.43,23.95,24.07,25.47,-1.4,-5.5,73378.53,181568.221,18156.8221,181.568221,1.81568221
600750.SH,600750,江中药业,20160118,23.5,24.79,23.2,24.45,24.07,0.38,1.58,67211.83,163478.322,16347.8322,163.478322,1.63478322
600750.SH,600750,江中药业,20160119,24.44,25.78,24.18,25.62,24.45,1.17,4.79,104516.4,263713.203,26371.3203,263.713203,2.63713203
600750.SH,600750,江中药业,20160120,25.59,25.79,25.08,25.18,25.62,-0.44,-1.72,81195.14,206499.642,20649.9642,206.499642,2.06499642
600750.SH,600750,江中药业,20160121,24.79,25.25,23.86,23.89,25.18,-1.29,-5.12,76184.16,187328.007,18732.8007,187.328007,1.87328007
600750.SH,600750,江中药业,20160122,24.28,24.39,23.1,23.87,23.89,-0.02,-0.08,86347.67,205116.414,20511.6414,205.116414,2.05116414
600750.SH,600750,江中药业,20160125,24.2,24.41,23.85,24.15,23.87,0.28,1.17,62997.44,151962.669,15196.2669,151.96266899999998,1.5196266899999995
600750.SH,600750,江中药业,20160126,23.95,23.95,22.0,22.17,24.15,-1.98,-8.2,95511.29,219710.476,21971.0476,219.710476,2.19710476
600750.SH,600750,江中药业,20160127,22.49,23.52,22.15,23.2,22.17,1.03,4.65,105024.03,239952.122,23995.2122,239.95212200000003,2.3995212200000005
600750.SH,600750,江中药业,20160128,23.0,23.15,20.88,22.01,23.2,-1.19,-5.13,65734.61,148151.716,14815.171599999998,148.15171599999996,1.4815171599999997
600750.SH,600750,江中药业,20160129,22.01,23.12,22.01,22.81,22.01,0.8,3.63,63060.41,142848.52,14284.852,142.84851999999998,1.4284852
600750.SH,600750,江中药业,20160201,22.81,23.9,22.49,23.55,22.81,0.74,3.24,115493.74,271437.835,27143.7835,271.437835,2.71437835
600750.SH,600750,江中药业,20160202,23.43,25.91,23.42,25.91,23.55,2.36,10.02,149008.41,372517.562,37251.7562,372.517562,3.72517562
600750.SH,600750,江中药业,20160203,25.01,26.35,25.0,25.97,25.91,0.06,0.23,144826.31,372970.264,37297.0264,372.970264,3.7297026400000006
600750.SH,600750,江中药业,20160204,26.2,26.7,25.5,26.05,25.97,0.08,0.31,124725.54,325499.339,32549.9339,325.499339,3.25499339
600750.SH,600750,江中药业,20160205,25.91,26.1,25.5,25.51,26.05,-0.54,-2.07,81423.59,209824.301,20982.4301,209.824301,2.09824301
600750.SH,600750,江中药业,20160215,24.7,26.28,24.6,26.2,25.51,0.69,2.7,78391.93,201828.452,20182.8452,201.828452,2.01828452
600750.SH,600750,江中药业,20160216,26.29,27.8,26.15,27.53,26.2,1.33,5.08,102522.3,277648.517,27764.8517,277.648517,2.7764851699999995
600750.SH,600750,江中药业,20160217,27.16,27.6,26.71,27.24,27.53,-0.29,-1.05,75463.68,204709.246,20470.9246,204.709246,2.04709246
600750.SH,600750,江中药业,20160218,27.66,28.26,26.73,26.77,27.24,-0.47,-1.73,87651.83,242247.589,24224.7589,242.247589,2.42247589
600750.SH,600750,江中药业,20160219,26.88,27.27,26.77,26.98,26.77,0.21,0.78,61579.77,166655.939,16665.5939,166.655939,1.66655939
600750.SH,600750,江中药业,20160222,27.25,27.75,27.25,27.34,26.98,0.36,1.33,56660.49,155307.701,15530.7701,155.307701,1.55307701
600750.SH,600750,江中药业,20160223,27.26,27.49,26.15,26.62,27.34,-0.72,-2.63,75644.95,202179.482,20217.9482,202.179482,2.02179482
600750.SH,600750,江中药业,20160224,26.51,26.76,25.93,26.44,26.62,-0.18,-0.68,53524.9,140750.19,14075.019,140.75019,1.4075019
600750.SH,600750,江中药业,20160225,26.3,26.84,23.8,23.8,26.44,-2.64,-9.98,89429.63,227164.743,22716.4743,227.164743,2.27164743
600750.SH,600750,江中药业,20160226,24.16,24.35,23.6,24.06,23.8,0.26,1.09,56040.99,134451.554,13445.1554,134.451554,1.34451554
600750.SH,600750,江中药业,20160229,24.7,24.7,22.14,22.81,24.06,-1.25,-5.2,67309.4,155761.502,15576.1502,155.761502,1.55761502
600750.SH,600750,江中药业,20160301,22.87,23.55,22.42,23.44,22.81,0.63,2.76,49873.61,114600.676,11460.0676,114.600676,1.14600676
600750.SH,600750,江中药业,20160302,23.44,24.82,23.3,24.67,23.44,1.23,5.25,82536.11,199845.975,19984.5975,199.845975,1.99845975
600750.SH,600750,江中药业,20160303,24.69,25.18,24.5,24.57,24.67,-0.1,-0.41,59987.37,148642.318,14864.2318,148.642318,1.4864231799999998
600750.SH,600750,江中药业,20160304,24.35,24.35,23.03,23.49,24.57,-1.08,-4.4,93876.89,223189.811,22318.9811,223.189811,2.2318981099999995
600750.SH,600750,江中药业,20160307,23.66,24.28,23.62,23.99,23.49,0.5,2.13,58987.19,141235.037,14123.5037,141.235037,1.41235037
600750.SH,600750,江中药业,20160308,23.85,23.99,22.92,23.92,23.99,-0.07,-0.29,54970.08,129228.176,12922.8176,129.228176,1.2922817599999998
600750.SH,600750,江中药业,20160309,23.4,24.82,23.14,24.27,23.92,0.35,1.46,62887.95,152008.262,15200.8262,152.008262,1.52008262
600750.SH,600750,江中药业,20160310,24.11,24.65,23.78,23.82,24.27,-0.45,-1.85,43615.5,105474.272,10547.4272,105.474272,1.05474272
600750.SH,600750,江中药业,20160311,23.6,24.17,23.46,23.86,23.82,0.04,0.17,25173.7,59914.187,5991.4187,59.914187,0.59914187
600750.SH,600750,江中药业,20160314,24.4,24.94,24.28,24.57,23.86,0.71,2.98,56492.77,139471.488,13947.1488,139.47148800000002,1.3947148800000002
600750.SH,600750,江中药业,20160315,24.44,24.64,24.25,24.38,24.57,-0.19,-0.77,26627.59,65064.683,6506.4683,65.064683,0.65064683
600750.SH,600750,江中药业,20160316,24.47,24.6,24.01,24.09,24.38,-0.29,-1.19,33261.91,80799.828,8079.9828,80.79982799999999,0.80799828
600750.SH,600750,江中药业,20160317,24.16,24.83,24.01,24.69,24.09,0.6,2.49,49749.76,122004.678,12200.4678,122.004678,1.22004678
600750.SH,600750,江中药业,20160318,24.73,25.88,24.73,25.77,24.69,1.08,4.37,88710.72,225383.302,22538.3302,225.383302,2.25383302
600750.SH,600750,江中药业,20160321,26.02,26.55,25.9,26.46,25.77,0.69,2.68,89834.35,236101.056,23610.105600000003,236.10105600000003,2.3610105600000004
600750.SH,600750,江中药业,20160322,26.1,27.46,26.03,26.69,26.46,0.23,0.87,95249.24,255341.63,25534.163,255.34163,2.5534163000000003
600750.SH,600750,江中药业,20160323,26.6,26.86,26.21,26.43,26.69,-0.26,-0.97,62849.38,165760.223,16576.0223,165.760223,1.65760223
600750.SH,600750,江中药业,20160324,26.2,26.2,25.56,25.63,26.43,-0.8,-3.03,68152.39,177034.274,17703.4274,177.034274,1.77034274
600750.SH,600750,江中药业,20160325,25.7,26.06,25.7,26.01,25.63,0.38,1.48,39252.84,101630.714,10163.0714,101.630714,1.01630714
600750.SH,600750,江中药业,20160328,26.21,26.8,26.02,26.29,26.01,0.28,1.08,68548.97,181458.516,18145.8516,181.45851600000003,1.8145851600000005
600750.SH,600750,江中药业,20160329,26.31,26.6,25.75,25.91,26.29,-0.38,-1.45,49929.43,129737.347,12973.7347,129.737347,1.29737347
600750.SH,600750,江中药业,20160330,26.08,27.33,26.08,27.32,25.91,1.41,5.44,95197.5,255638.34,25563.834,255.63834,2.5563834
600750.SH,600750,江中药业,20160331,27.3,27.46,26.95,27.02,27.32,-0.3,-1.1,66677.95,181081.744,18108.1744,181.081744,1.81081744
600750.SH,600750,江中药业,20160401,26.93,27.04,26.2,26.73,27.02,-0.29,-1.07,45503.7,121256.705,12125.6705,121.256705,1.21256705
600750.SH,600750,江中药业,20160405,26.59,27.39,26.52,27.33,26.73,0.6,2.24,56502.12,153171.439,15317.1439,153.17143900000002,1.5317143900000003
600750.SH,600750,江中药业,20160406,27.25,27.3,27.0,27.22,27.33,-0.11,-0.4,45155.76,122600.954,12260.0954,122.600954,1.22600954
600750.SH,600750,江中药业,20160407,27.41,28.4,27.21,27.31,27.22,0.09,0.33,95606.84,266175.243,26617.5243,266.175243,2.6617524300000004
600750.SH,600750,江中药业,20160408,27.56,28.7,27.56,28.37,27.31,1.06,3.88,132062.5,372765.017,37276.5017,372.765017,3.72765017
600750.SH,600750,江中药业,20160411,29.4,31.21,29.4,31.21,28.37,2.84,10.01,220284.09,669123.098,66912.3098,669.123098,6.69123098
600750.SH,600750,江中药业,20160412,31.2,31.45,30.26,30.77,31.21,-0.44,-1.41,145720.64,448343.944,44834.394400000005,448.343944,4.483439440000001
600750.SH,600750,江中药业,20160413,30.9,31.66,30.81,31.1,30.77,0.33,1.07,134098.83,418132.923,41813.2923,418.132923,4.18132923
600750.SH,600750,江中药业,20160414,31.2,32.95,31.09,32.09,31.1,0.99,3.18,131295.29,422519.545,42251.9545,422.519545,4.22519545
600750.SH,600750,江中药业,20160415,31.84,33.5,31.71,32.93,32.09,0.84,2.62,108450.31,355673.325,35567.332500000004,355.67332500000003,3.55673325
600750.SH,600750,江中药业,20160418,33.0,33.09,31.89,32.0,32.93,-0.93,-2.82,74192.75,238175.688,23817.5688,238.175688,2.38175688
600750.SH,600750,江中药业,20160419,32.35,32.5,30.45,31.18,32.0,-0.82,-2.56,91847.47,286603.811,28660.3811,286.603811,2.86603811
600750.SH,600750,江中药业,20160420,31.13,31.75,29.4,30.29,31.18,-0.89,-2.85,117073.19,357675.511,35767.5511,357.675511,3.57675511
600750.SH,600750,江中药业,20160421,30.15,30.44,29.45,29.49,30.29,-0.8,-2.64,63947.08,191973.862,19197.3862,191.973862,1.91973862
600750.SH,600750,江中药业,20160422,29.11,30.57,29.11,30.45,29.49,0.96,3.26,79010.88,237137.645,23713.7645,237.137645,2.37137645
600750.SH,600750,江中药业,20160425,30.1,31.29,30.01,30.61,30.45,0.16,0.53,58210.51,178745.124,17874.5124,178.745124,1.78745124
600750.SH,600750,江中药业,20160426,30.66,30.95,30.26,30.7,30.61,0.09,0.29,39504.19,120720.903,12072.0903,120.720903,1.20720903
600750.SH,600750,江中药业,20160427,30.75,31.98,30.68,31.81,30.7,1.11,3.62,76353.37,241115.618,24111.5618,241.115618,2.41115618
600750.SH,600750,江中药业,20160428,31.2,31.3,30.12,30.37,31.81,-1.44,-4.53,89603.73,273952.563,27395.2563,273.952563,2.73952563
600750.SH,600750,江中药业,20160429,30.27,30.7,29.86,30.28,30.37,-0.09,-0.3,34584.26,105184.653,10518.4653,105.184653,1.05184653
600750.SH,600750,江中药业,20160503,30.12,31.4,30.08,31.38,30.28,1.1,3.63,64771.38,201007.45,20100.745000000003,201.00745000000003,2.0100745000000004
600750.SH,600750,江中药业,20160504,31.39,32.07,31.1,31.72,31.38,0.34,1.08,69609.45,221056.45,22105.645,221.05645,2.2105645000000003
600750.SH,600750,江中药业,20160505,31.79,31.79,30.82,31.38,31.72,-0.34,-1.07,78850.36,246302.323,24630.2323,246.302323,2.46302323
600750.SH,600750,江中药业,20160506,31.49,31.49,29.5,29.52,31.38,-1.86,-5.93,118280.06,359496.245,35949.6245,359.496245,3.59496245
600750.SH,600750,江中药业,20160509,28.9,29.48,28.71,28.76,29.52,-0.76,-2.57,51847.12,150011.012,15001.1012,150.011012,1.50011012
600750.SH,600750,江中药业,20160510,28.46,29.19,28.18,28.47,28.76,-0.29,-1.01,46712.23,134030.512,13403.051199999998,134.030512,1.3403051199999998
600750.SH,600750,江中药业,20160511,28.79,29.97,28.3,29.1,28.47,0.63,2.21,91650.32,267397.114,26739.7114,267.397114,2.67397114
600750.SH,600750,江中药业,20160512,28.5,29.1,28.3,28.94,29.1,-0.16,-0.55,44041.18,126855.182,12685.5182,126.855182,1.26855182
600750.SH,600750,江中药业,20160513,28.94,29.49,28.62,28.89,28.94,-0.05,-0.17,33001.75,95998.922,9599.8922,95.998922,0.95998922
600750.SH,600750,江中药业,20160516,28.87,29.15,28.49,29.1,28.89,0.21,0.73,38099.81,109842.187,10984.2187,109.842187,1.09842187
600750.SH,600750,江中药业,20160517,29.29,29.37,28.77,28.96,29.1,-0.14,-0.48,38270.52,111319.073,11131.9073,111.319073,1.11319073
600750.SH,600750,江中药业,20160518,28.6,28.95,27.5,27.85,28.96,-1.11,-3.83,49091.91,137821.45,13782.145,137.82145,1.3782145
600750.SH,600750,江中药业,20160519,27.88,28.39,27.88,27.95,27.85,0.1,0.36,34012.56,95801.469,9580.1469,95.801469,0.95801469
600750.SH,600750,江中药业,20160520,27.57,28.29,27.56,28.27,27.95,0.32,1.14,21952.34,61597.564,6159.7564,61.597564000000006,0.61597564
600750.SH,600750,江中药业,20160523,28.4,28.98,28.4,28.83,28.27,0.56,1.98,38087.81,109436.189,10943.6189,109.436189,1.09436189
600750.SH,600750,江中药业,20160524,28.82,28.82,28.21,28.34,28.83,-0.49,-1.7,32324.23,91882.627,9188.2627,91.882627,0.91882627
600750.SH,600750,江中药业,20160525,28.6,29.09,28.5,29.03,28.34,0.69,2.43,47902.53,137821.116,13782.1116,137.821116,1.37821116
600750.SH,600750,江中药业,20160526,29.0,29.48,28.65,29.46,29.03,0.43,1.48,53876.46,156985.721,15698.5721,156.98572099999998,1.56985721
600750.SH,600750,江中药业,20160527,29.51,29.73,29.28,29.47,29.46,0.01,0.03,37154.17,109634.3,10963.43,109.6343,1.096343
600750.SH,600750,江中药业,20160530,29.37,29.37,28.76,29.21,29.47,-0.26,-0.88,25366.04,74024.989,7402.4989,74.024989,0.7402498900000001
600750.SH,600750,江中药业,20160531,29.3,30.5,29.3,30.37,29.21,1.16,3.97,54030.39,162547.662,16254.766200000002,162.54766200000003,1.6254766200000004
600750.SH,600750,江中药业,20160601,30.39,30.8,30.17,30.4,30.37,0.03,0.1,41888.17,128054.725,12805.4725,128.054725,1.28054725
600750.SH,600750,江中药业,20160602,30.3,30.79,30.0,30.42,30.4,0.02,0.07,35248.28,106770.346,10677.0346,106.770346,1.06770346
600750.SH,600750,江中药业,20160603,29.98,30.17,29.59,29.89,30.02,-0.13,-0.43,34960.13,104514.974,10451.4974,104.514974,1.04514974
600750.SH,600750,江中药业,20160606,29.96,30.25,29.87,29.99,29.89,0.1,0.33,29008.15,87170.843,8717.084299999999,87.17084299999999,0.8717084299999999
600750.SH,600750,江中药业,20160607,29.93,30.78,29.93,30.61,29.99,0.62,2.07,39082.81,119253.503,11925.3503,119.253503,1.19253503
600750.SH,600750,江中药业,20160608,30.46,30.46,30.11,30.13,30.61,-0.48,-1.57,31419.18,95036.566,9503.6566,95.036566,0.95036566
600750.SH,600750,江中药业,20160613,29.73,29.84,28.8,28.91,30.13,-1.22,-4.05,33734.66,99128.272,9912.8272,99.128272,0.99128272
600750.SH,600750,江中药业,20160614,28.91,29.43,28.91,29.27,28.91,0.36,1.25,20820.38,60802.352,6080.2352,60.802352,0.60802352
600750.SH,600750,江中药业,20160615,28.91,30.29,28.85,30.09,29.27,0.82,2.8,44819.33,134242.895,13424.2895,134.24289499999998,1.3424289499999995
600750.SH,600750,江中药业,20160616,30.08,30.8,29.72,30.3,30.09,0.21,0.7,38626.37,117347.546,11734.7546,117.347546,1.17347546
600750.SH,600750,江中药业,20160617,30.3,30.79,30.1,30.38,30.3,0.08,0.26,44239.96,135056.43,13505.643,135.05643,1.3505643
600750.SH,600750,江中药业,20160620,30.38,30.62,29.81,30.42,30.38,0.04,0.13,35094.92,106196.826,10619.6826,106.196826,1.06196826
600750.SH,600750,江中药业,20160621,30.66,31.45,30.31,30.4,30.42,-0.02,-0.07,55028.44,170216.505,17021.6505,170.21650499999998,1.7021650499999998
600750.SH,600750,江中药业,20160622,30.15,30.8,30.15,30.78,30.4,0.38,1.25,28200.07,86068.837,8606.8837,86.068837,0.86068837
600750.SH,600750,江中药业,20160623,30.78,30.93,30.28,30.55,30.78,-0.23,-0.75,26995.04,82277.548,8227.754799999999,82.27754799999998,0.8227754799999998
600750.SH,600750,江中药业,20160624,30.5,30.75,29.42,29.88,30.55,-0.67,-2.19,40634.39,121962.655,12196.2655,121.962655,1.21962655
600750.SH,600750,江中药业,20160627,29.5,30.7,29.4,30.68,29.88,0.8,2.68,34240.66,103740.11,10374.011,103.74011,1.0374011
600750.SH,600750,江中药业,20160628,30.5,31.77,30.46,31.64,30.68,0.96,3.13,79035.48,248451.116,24845.1116,248.451116,2.4845111600000003
600750.SH,600750,江中药业,20160629,31.51,31.65,31.11,31.27,31.64,-0.37,-1.17,35859.57,112429.126,11242.9126,112.429126,1.12429126
600750.SH,600750,江中药业,20160630,31.45,32.1,31.27,31.8,31.27,0.53,1.69,62192.93,197900.622,19790.0622,197.900622,1.97900622
600750.SH,600750,江中药业,20160701,31.73,32.15,31.37,31.47,31.8,-0.33,-1.04,32646.4,103320.346,10332.0346,103.320346,1.0332034600000002
600750.SH,600750,江中药业,20160704,31.32,31.95,31.32,31.82,31.47,0.35,1.11,39928.58,126579.006,12657.9006,126.579006,1.2657900599999998
600750.SH,600750,江中药业,20160705,31.8,31.94,31.4,31.52,31.82,-0.3,-0.94,52731.0,166600.205,16660.0205,166.600205,1.66600205
600750.SH,600750,江中药业,20160706,31.48,32.08,31.31,32.04,31.52,0.52,1.65,50114.19,159344.174,15934.4174,159.344174,1.59344174
600750.SH,600750,江中药业,20160707,32.04,33.29,31.93,32.55,32.04,0.51,1.59,82528.43,269863.767,26986.3767,269.863767,2.69863767
600750.SH,600750,江中药业,20160708,32.35,32.69,32.08,32.15,32.55,-0.4,-1.23,38232.57,123320.18,12332.018,123.32018,1.2332018
600750.SH,600750,江中药业,20160711,32.31,33.17,31.4,31.48,32.15,-0.67,-2.08,93032.5,301895.406,30189.5406,301.895406,3.01895406
600750.SH,600750,江中药业,20160712,31.55,32.45,30.9,32.41,31.48,0.93,2.95,93261.95,295774.317,29577.4317,295.774317,2.95774317
600750.SH,600750,江中药业,20160713,32.4,32.94,32.32,32.41,32.41,0.0,0.0,69050.76,224840.327,22484.0327,224.840327,2.24840327
600750.SH,600750,江中药业,20160714,32.44,32.94,32.19,32.58,32.41,0.17,0.52,46849.18,152752.306,15275.2306,152.752306,1.52752306
600750.SH,600750,江中药业,20160715,32.45,33.1,32.43,32.96,32.58,0.38,1.17,61219.03,200802.879,20080.2879,200.802879,2.00802879
600750.SH,600750,江中药业,20160718,33.1,35.9,32.97,35.0,32.96,2.04,6.19,180421.32,622830.41,62283.041000000005,622.83041,6.2283041
600750.SH,600750,江中药业,20160719,34.99,35.36,34.4,35.1,35.0,0.1,0.29,87341.44,305197.854,30519.7854,305.197854,3.05197854
600750.SH,600750,江中药业,20160720,34.89,36.76,34.54,36.35,35.1,1.25,3.56,120495.59,431832.28,43183.228,431.83228,4.318322800000001
600750.SH,600750,江中药业,20160721,36.03,36.3,35.62,36.18,36.35,-0.17,-0.47,54859.36,197466.845,19746.6845,197.466845,1.97466845
600750.SH,600750,江中药业,20160722,35.85,36.6,34.2,34.25,36.18,-1.93,-5.33,106524.25,373690.679,37369.0679,373.6906790000001,3.73690679
600750.SH,600750,江中药业,20160725,34.15,34.56,33.45,33.86,34.25,-0.39,-1.14,98031.12,331921.132,33192.1132,331.921132,3.31921132
600750.SH,600750,江中药业,20160726,33.62,34.55,33.6,34.2,33.86,0.34,1.0,55961.55,190996.582,19099.6582,190.996582,1.90996582
600750.SH,600750,江中药业,20160727,34.28,34.99,32.6,32.99,34.2,-1.21,-3.54,109011.06,367619.128,36761.912800000006,367.6191280000001,3.67619128
600750.SH,600750,江中药业,20160728,33.03,33.78,32.57,33.52,32.99,0.53,1.61,66053.24,219681.2,21968.120000000003,219.6812,2.196812
600750.SH,600750,江中药业,20160729,33.6,34.47,33.41,33.91,33.52,0.39,1.16,60884.46,207572.91,20757.291,207.57291,2.0757291
600750.SH,600750,江中药业,20160801,33.7,33.85,32.7,33.02,33.91,-0.89,-2.62,46696.45,154495.012,15449.5012,154.49501199999995,1.5449501199999998
600750.SH,600750,江中药业,20160802,33.02,33.41,32.96,33.28,33.02,0.26,0.79,32984.34,109473.921,10947.3921,109.473921,1.09473921
600750.SH,600750,江中药业,20160803,33.33,33.74,33.01,33.73,33.28,0.45,1.35,42225.44,141145.522,14114.5522,141.145522,1.41145522
600750.SH,600750,江中药业,20160804,33.85,34.38,33.85,34.2,33.73,0.47,1.39,43331.63,147786.662,14778.6662,147.786662,1.47786662
600750.SH,600750,江中药业,20160805,34.35,34.39,33.61,33.67,34.2,-0.53,-1.55,34709.48,117653.841,11765.3841,117.653841,1.17653841
600750.SH,600750,江中药业,20160808,33.7,33.79,32.9,33.73,33.67,0.06,0.18,43206.13,144206.163,14420.6163,144.206163,1.44206163
600750.SH,600750,江中药业,20160809,33.57,34.3,33.4,34.29,33.73,0.56,1.66,40545.48,137205.778,13720.5778,137.20577799999998,1.3720577799999998
600750.SH,600750,江中药业,20160810,34.29,34.3,33.61,33.65,34.29,-0.64,-1.87,35301.02,119360.694,11936.0694,119.360694,1.19360694
600750.SH,600750,江中药业,20160811,33.51,33.77,32.38,32.48,33.65,-1.17,-3.48,58940.1,194211.979,19421.1979,194.211979,1.94211979
600750.SH,600750,江中药业,20160812,32.5,32.67,32.2,32.5,32.48,0.02,0.06,42021.0,136242.93,13624.293,136.24293,1.3624293
600750.SH,600750,江中药业,20160815,32.49,33.17,32.44,33.09,32.5,0.59,1.82,65483.34,215173.033,21517.3033,215.173033,2.15173033
600750.SH,600750,江中药业,20160816,33.15,33.46,33.01,33.18,33.09,0.09,0.27,46832.36,155618.529,15561.852900000002,155.61852900000002,1.5561852900000002
600750.SH,600750,江中药业,20160817,33.21,33.35,32.73,33.0,33.18,-0.18,-0.54,46880.87,154524.599,15452.459899999998,154.52459899999997,1.5452459899999995
600750.SH,600750,江中药业,20160818,33.06,33.23,32.77,33.01,33.0,0.01,0.03,36044.47,118994.755,11899.4755,118.994755,1.18994755
600750.SH,600750,江中药业,20160819,32.91,33.62,32.85,33.56,33.01,0.55,1.67,69091.2,230512.413,23051.2413,230.512413,2.3051241300000003
600750.SH,600750,江中药业,20160822,33.58,34.26,33.56,33.63,33.56,0.07,0.21,68105.51,230512.174,23051.2174,230.512174,2.30512174
600750.SH,600750,江中药业,20160823,33.49,34.19,33.48,34.09,33.63,0.46,1.37,42505.7,143922.936,14392.2936,143.922936,1.43922936
600750.SH,600750,江中药业,20160824,34.07,34.21,33.52,33.67,34.09,-0.42,-1.23,42226.21,142678.755,14267.8755,142.678755,1.42678755
600750.SH,600750,江中药业,20160825,33.56,33.69,33.0,33.17,33.67,-0.5,-1.49,39424.44,130676.989,13067.6989,130.676989,1.30676989
600750.SH,600750,江中药业,20160826,33.22,34.22,33.22,34.2,33.17,1.03,3.11,75627.79,256667.674,25666.7674,256.66767400000003,2.56667674
600750.SH,600750,江中药业,20160829,34.5,36.37,34.5,35.43,34.2,1.23,3.6,117739.5,417476.033,41747.6033,417.476033,4.174760330000001
600750.SH,600750,江中药业,20160830,35.2,35.97,34.82,35.22,35.43,-0.21,-0.59,44938.19,158729.884,15872.988399999998,158.72988399999997,1.5872988399999997
600750.SH,600750,江中药业,20160831,35.4,37.56,35.37,37.24,35.22,2.02,5.74,153314.24,565313.041,56531.3041,565.3130409999999,5.653130409999999
600750.SH,600750,江中药业,20160901,37.18,37.78,36.5,36.65,37.24,-0.59,-1.58,87828.15,325651.132,32565.1132,325.651132,3.25651132
600750.SH,600750,江中药业,20160902,36.56,37.38,36.25,36.69,36.65,0.04,0.11,64068.99,235765.576,23576.5576,235.765576,2.35765576
600750.SH,600750,江中药业,20160905,36.73,37.06,35.93,36.3,36.69,-0.39,-1.06,64198.81,232669.262,23266.9262,232.669262,2.32669262
600750.SH,600750,江中药业,20160906,36.2,36.74,35.62,36.4,36.3,0.1,0.28,50895.79,184027.916,18402.7916,184.027916,1.84027916
600750.SH,600750,江中药业,20160907,36.4,36.5,36.01,36.26,36.4,-0.14,-0.38,40012.76,144822.557,14482.2557,144.822557,1.44822557
600750.SH,600750,江中药业,20160908,36.28,36.73,36.1,36.67,36.26,0.41,1.13,37817.0,137527.507,13752.7507,137.527507,1.37527507
600750.SH,600750,江中药业,20160909,36.54,36.82,36.23,36.43,36.67,-0.24,-0.65,27511.63,100251.785,10025.1785,100.251785,1.00251785
600750.SH,600750,江中药业,20160912,35.8,36.27,35.5,35.54,36.43,-0.89,-2.44,39949.0,143237.412,14323.7412,143.237412,1.43237412
600750.SH,600750,江中药业,20160913,35.55,35.85,35.25,35.66,35.54,0.12,0.34,26214.61,93012.438,9301.2438,93.012438,0.93012438
600750.SH,600750,江中药业,20160914,35.36,36.37,35.36,35.7,35.66,0.04,0.11,42879.89,154223.535,15422.3535,154.223535,1.54223535
600750.SH,600750,江中药业,20160919,35.8,36.23,35.8,36.07,35.7,0.37,1.04,41358.98,149153.546,14915.3546,149.153546,1.49153546
600750.SH,600750,江中药业,20160920,36.16,36.5,35.81,36.12,36.07,0.05,0.14,26256.65,94573.537,9457.3537,94.573537,0.94573537
600750.SH,600750,江中药业,20160921,36.08,36.25,35.91,36.13,36.12,0.01,0.03,16874.41,60892.012,6089.2012,60.892012,0.6089201200000001
600750.SH,600750,江中药业,20160922,36.25,36.68,36.15,36.43,36.13,0.3,0.83,38352.0,139651.592,13965.1592,139.651592,1.39651592
600750.SH,600750,江中药业,20160923,36.43,37.18,36.35,36.97,36.43,0.54,1.48,40397.54,149280.917,14928.0917,149.280917,1.49280917
600750.SH,600750,江中药业,20160926,37.0,37.41,36.39,36.41,36.97,-0.56,-1.51,33795.34,125041.441,12504.1441,125.04144100000002,1.2504144100000003
600750.SH,600750,江中药业,20160927,36.5,37.14,36.26,36.96,36.41,0.55,1.51,28953.37,106163.622,10616.3622,106.163622,1.0616362199999998
600750.SH,600750,江中药业,20160928,36.95,37.3,36.5,36.82,36.96,-0.14,-0.38,30265.93,111544.998,11154.4998,111.54499800000002,1.1154499800000002
600750.SH,600750,江中药业,20160929,36.54,36.86,36.35,36.38,36.82,-0.44,-1.2,24364.03,89064.558,8906.4558,89.06455799999999,0.8906455799999999
600750.SH,600750,江中药业,20160930,36.21,36.6,35.9,36.19,36.38,-0.19,-0.52,30067.39,108667.871,10866.7871,108.667871,1.08667871
600750.SH,600750,江中药业,20161010,36.21,36.84,36.21,36.76,36.19,0.57,1.58,31633.75,115804.438,11580.4438,115.804438,1.15804438
600750.SH,600750,江中药业,20161011,36.6,36.94,36.53,36.65,36.76,-0.11,-0.3,35054.01,128837.113,12883.7113,128.837113,1.2883711299999998
600750.SH,600750,江中药业,20161012,36.61,36.85,36.47,36.62,36.65,-0.03,-0.08,19193.39,70404.095,7040.4095,70.404095,0.70404095
600750.SH,600750,江中药业,20161013,36.7,36.79,35.28,35.38,36.62,-1.24,-3.39,74396.78,266156.67,26615.667,266.15667,2.6615667
600750.SH,600750,江中药业,20161014,35.38,35.44,34.53,34.83,35.38,-0.55,-1.55,52243.95,181787.181,18178.7181,181.78718100000003,1.8178718100000004
600750.SH,600750,江中药业,20161017,34.84,35.28,34.6,34.94,34.83,0.11,0.32,30161.58,105687.83,10568.783,105.68783,1.0568783
600750.SH,600750,江中药业,20161018,34.98,35.11,34.38,35.08,34.94,0.14,0.4,43219.9,150058.323,15005.8323,150.058323,1.50058323
600750.SH,600750,江中药业,20161019,35.1,35.12,34.7,34.81,35.08,-0.27,-0.77,23328.09,81436.128,8143.6128,81.436128,0.81436128
600750.SH,600750,江中药业,20161020,34.75,34.94,34.45,34.68,34.81,-0.13,-0.37,27303.13,94526.983,9452.6983,94.526983,0.94526983
600750.SH,600750,江中药业,20161021,34.6,34.74,33.98,34.42,34.68,-0.26,-0.75,32336.28,111180.493,11118.0493,111.180493,1.11180493
600750.SH,600750,江中药业,20161024,33.65,34.48,33.55,34.27,34.42,-0.15,-0.44,43706.24,148947.55,14894.755,148.94754999999998,1.4894754999999995
600750.SH,600750,江中药业,20161025,34.4,34.58,34.28,34.36,34.27,0.09,0.26,27741.31,95467.067,9546.7067,95.467067,0.9546706699999998
600750.SH,600750,江中药业,20161026,34.48,34.68,34.28,34.47,34.36,0.11,0.32,27225.88,93948.247,9394.8247,93.948247,0.93948247
600750.SH,600750,江中药业,20161027,34.53,34.84,34.5,34.58,34.47,0.11,0.32,29147.39,101126.263,10112.6263,101.126263,1.01126263
600750.SH,600750,江中药业,20161028,34.58,34.9,34.25,34.36,34.58,-0.22,-0.64,20435.57,70646.363,7064.6363,70.64636300000001,0.7064636300000001
600750.SH,600750,江中药业,20161031,34.05,34.05,33.3,33.52,34.36,-0.84,-2.44,39445.56,132479.02,13247.901999999998,132.47902,1.3247901999999998
600750.SH,600750,江中药业,20161101,33.55,33.83,33.5,33.7,33.52,0.18,0.54,30862.52,103823.105,10382.3105,103.823105,1.03823105
600750.SH,600750,江中药业,20161102,33.72,33.95,33.49,33.5,33.7,-0.2,-0.59,25240.83,85258.163,8525.8163,85.25816300000001,0.8525816300000001
600750.SH,600750,江中药业,20161103,33.5,33.77,33.33,33.57,33.5,0.07,0.21,33246.51,111657.769,11165.7769,111.657769,1.11657769
600750.SH,600750,江中药业,20161104,33.66,33.93,33.51,33.72,33.57,0.15,0.45,21883.68,73968.356,7396.8356,73.968356,0.73968356
600750.SH,600750,江中药业,20161107,33.8,33.8,33.44,33.45,33.72,-0.27,-0.8,24876.8,83558.495,8355.8495,83.55849500000001,0.8355849500000001
600750.SH,600750,江中药业,20161108,33.51,33.89,33.49,33.83,33.45,0.38,1.14,22426.79,75619.819,7561.981900000001,75.619819,0.7561981900000001
600750.SH,600750,江中药业,20161109,33.9,33.95,33.21,33.45,33.83,-0.38,-1.12,26454.0,88681.659,8868.1659,88.681659,0.88681659
600750.SH,600750,江中药业,20161110,33.8,33.85,33.51,33.81,33.45,0.36,1.08,28663.72,96642.517,9664.2517,96.642517,0.9664251700000002
600750.SH,600750,江中药业,20161111,33.95,33.95,33.64,33.82,33.81,0.01,0.03,21170.0,71506.29,7150.628999999999,71.50628999999999,0.7150629
600750.SH,600750,江中药业,20161114,33.82,33.9,33.4,33.71,33.82,-0.11,-0.33,36903.75,124052.248,12405.2248,124.052248,1.24052248
600750.SH,600750,江中药业,20161115,33.64,33.79,33.5,33.79,33.71,0.08,0.24,23265.65,78346.856,7834.6856,78.346856,0.78346856
600750.SH,600750,江中药业,20161116,33.7,33.84,33.67,33.75,33.79,-0.04,-0.12,20909.91,70603.245,7060.3245,70.603245,0.70603245
600750.SH,600750,江中药业,20161117,33.75,33.8,33.4,33.53,33.75,-0.22,-0.65,25425.2,85234.447,8523.4447,85.234447,0.85234447
600750.SH,600750,江中药业,20161118,33.53,33.6,33.36,33.49,33.53,-0.04,-0.12,26899.2,90058.669,9005.866899999999,90.058669,0.9005866899999999
600750.SH,600750,江中药业,20161121,33.58,33.74,32.5,32.73,33.49,-0.76,-2.27,57454.29,190403.568,19040.3568,190.403568,1.90403568
600750.SH,600750,江中药业,20161122,32.78,32.92,32.45,32.74,32.73,0.01,0.03,46169.79,151012.037,15101.203700000002,151.01203700000002,1.51012037
600750.SH,600750,江中药业,20161123,32.75,32.88,32.48,32.7,32.74,-0.04,-0.12,39336.38,128675.007,12867.5007,128.675007,1.28675007
600750.SH,600750,江中药业,20161124,32.63,33.42,32.59,33.33,32.7,0.63,1.93,60964.56,200781.617,20078.1617,200.781617,2.00781617
600750.SH,600750,江中药业,20161125,33.2,33.28,32.79,33.01,33.33,-0.32,-0.96,34307.99,113115.426,11311.5426,113.115426,1.1311542600000002
600750.SH,600750,江中药业,20161128,33.14,33.15,32.27,32.34,33.01,-0.67,-2.03,52050.91,169772.865,16977.2865,169.772865,1.69772865
600750.SH,600750,江中药业,20161129,32.3,32.6,32.16,32.33,32.34,-0.01,-0.03,30991.78,100199.909,10019.9909,100.199909,1.00199909
600750.SH,600750,江中药业,20161130,32.35,32.45,32.04,32.33,32.33,0.0,0.0,33114.92,106760.421,10676.0421,106.760421,1.06760421
600750.SH,600750,江中药业,20161201,32.79,32.85,32.52,32.66,32.33,0.33,1.02,45380.67,148464.544,14846.4544,148.464544,1.48464544
600750.SH,600750,江中药业,20161202,32.6,32.75,32.09,32.26,32.66,-0.4,-1.22,31646.2,102391.219,10239.1219,102.391219,1.02391219
600750.SH,600750,江中药业,20161205,32.28,32.3,31.43,31.55,32.26,-0.71,-2.2,34199.74,108942.192,10894.2192,108.942192,1.08942192
600750.SH,600750,江中药业,20161206,31.55,31.71,31.17,31.2,31.55,-0.35,-1.11,29142.26,91362.84,9136.284,91.36284,0.9136284
600750.SH,600750,江中药业,20161207,31.22,31.65,31.22,31.62,31.2,0.42,1.35,22902.64,72147.161,7214.7161,72.147161,0.7214716099999999
600750.SH,600750,江中药业,20161208,31.63,31.75,31.25,31.33,31.62,-0.29,-0.92,25808.34,81112.004,8111.2004,81.112004,0.81112004
600750.SH,600750,江中药业,20161209,31.39,31.61,31.17,31.26,31.33,-0.07,-0.22,34185.63,107300.521,10730.0521,107.300521,1.0730052099999998
600750.SH,600750,江中药业,20161212,31.28,31.37,29.97,30.02,31.26,-1.24,-3.97,50543.82,154264.122,15426.4122,154.264122,1.54264122
600750.SH,600750,江中药业,20161213,29.81,30.2,29.8,30.07,30.02,0.05,0.17,25045.14,75020.774,7502.0774,75.020774,0.75020774
600750.SH,600750,江中药业,20161214,30.0,30.08,29.72,30.01,30.07,-0.06,-0.2,16240.75,48615.157,4861.5157,48.615157,0.48615157
600750.SH,600750,江中药业,20161215,30.0,30.14,29.81,29.97,30.01,-0.04,-0.13,18326.04,54950.553,5495.0553,54.950553,0.54950553
600750.SH,600750,江中药业,20161216,29.99,30.12,29.85,30.09,29.97,0.12,0.4,17712.99,53074.065,5307.4065,53.074065,0.5307406499999999
600750.SH,600750,江中药业,20161219,30.0,30.0,29.71,29.95,30.09,-0.14,-0.47,22072.55,65900.131,6590.013099999999,65.90013099999999,0.6590013099999998
600750.SH,600750,江中药业,20161220,29.92,30.2,29.75,30.05,29.95,0.1,0.33,17954.46,53806.258,5380.6258,53.806258,0.53806258
600750.SH,600750,江中药业,20161221,30.02,30.7,30.01,30.44,30.05,0.39,1.3,24822.11,75665.554,7566.5554,75.665554,0.75665554
600750.SH,600750,江中药业,20161222,30.5,30.62,30.3,30.38,30.44,-0.06,-0.2,19111.18,58236.463,5823.6463,58.236463,0.58236463
600750.SH,600750,江中药业,20161223,30.47,30.9,30.34,30.82,30.38,0.44,1.45,28757.53,88301.933,8830.1933,88.301933,0.8830193300000001
600750.SH,600750,江中药业,20161226,30.78,30.8,30.46,30.75,30.82,-0.07,-0.23,16786.05,51449.977,5144.9977,51.449977,0.51449977
600750.SH,600750,江中药业,20161227,30.65,30.79,30.37,30.52,30.75,-0.23,-0.75,22673.38,69318.294,6931.8294,69.318294,0.6931829399999999
600750.SH,600750,江中药业,20161228,30.52,30.58,30.44,30.52,30.52,0.0,0.0,11344.58,34606.431,3460.6431,34.606431,0.34606431
600750.SH,600750,江中药业,20161229,30.51,30.54,30.33,30.34,30.52,-0.18,-0.59,8355.76,25444.075,2544.4075000000003,25.444075,0.25444075
600750.SH,600750,江中药业,20161230,30.15,30.89,30.15,30.82,30.34,0.48,1.58,22531.35,69052.486,6905.248600000001,69.052486,0.69052486
600750.SH,600750,江中药业,20170103,30.85,31.18,30.82,31.09,30.82,0.27,0.88,21179.93,65737.101,6573.710099999999,65.737101,0.65737101
600750.SH,600750,江中药业,20170104,31.09,33.13,30.93,32.75,31.09,1.66,5.34,84790.87,273804.612,27380.4612,273.804612,2.7380461200000004
600750.SH,600750,江中药业,20170105,32.7,32.96,32.51,32.81,32.75,0.06,0.18,33993.2,111143.803,11114.3803,111.143803,1.11143803
600750.SH,600750,江中药业,20170106,32.56,33.28,32.56,32.97,32.81,0.16,0.49,40848.78,134971.615,13497.161499999998,134.971615,1.34971615
600750.SH,600750,江中药业,20170109,32.96,32.96,32.31,32.63,32.97,-0.34,-1.03,26121.39,84999.664,8499.966400000001,84.99966400000001,0.8499966400000001
600750.SH,600750,江中药业,20170110,32.61,32.87,32.02,32.18,32.63,-0.45,-1.38,27737.98,89999.377,8999.937699999999,89.99937699999998,0.8999937699999998
600750.SH,600750,江中药业,20170111,32.2,32.4,31.92,32.22,32.18,0.04,0.12,24353.1,78341.035,7834.1035,78.341035,0.78341035
600750.SH,600750,江中药业,20170112,32.38,33.19,32.13,32.2,32.22,-0.02,-0.06,27844.99,90492.579,9049.2579,90.492579,0.90492579
600750.SH,600750,江中药业,20170113,32.25,32.71,32.18,32.27,32.2,0.07,0.22,16107.75,52299.138,5229.9138,52.299138,0.52299138
600750.SH,600750,江中药业,20170116,32.26,32.3,29.7,31.36,32.27,-0.91,-2.82,31725.18,99434.809,9943.4809,99.434809,0.99434809
600750.SH,600750,江中药业,20170117,31.27,31.88,31.17,31.79,31.36,0.43,1.37,20052.01,63432.465,6343.246499999999,63.43246499999999,0.6343246499999999
600750.SH,600750,江中药业,20170118,31.78,32.5,31.44,32.15,31.79,0.36,1.13,15492.5,49737.823,4973.7823,49.737823,0.49737823
600750.SH,600750,江中药业,20170119,31.98,32.69,31.98,32.1,32.15,-0.05,-0.16,14152.62,45652.941,4565.2941,45.652941,0.4565294099999999
600750.SH,600750,江中药业,20170120,32.02,32.52,32.0,32.3,32.1,0.2,0.62,13250.42,42769.697,4276.9697,42.769697,0.4276969699999999
600750.SH,600750,江中药业,20170123,32.32,32.52,32.12,32.36,32.3,0.06,0.19,19596.19,63417.978,6341.7978,63.417978000000005,0.6341797800000001
600750.SH,600750,江中药业,20170124,32.39,32.68,31.93,32.45,32.36,0.09,0.28,28778.45,93158.189,9315.8189,93.158189,0.93158189
600750.SH,600750,江中药业,20170125,32.52,32.87,32.32,32.82,32.45,0.37,1.14,20913.46,68467.515,6846.7515,68.467515,0.68467515
600750.SH,600750,江中药业,20170126,32.88,33.11,32.77,32.9,32.82,0.08,0.24,17605.92,58044.822,5804.4822,58.044822,0.5804482200000001
600750.SH,600750,江中药业,20170203,32.79,33.28,32.7,33.2,32.9,0.3,0.91,21884.46,72367.867,7236.7867,72.36786699999999,0.7236786699999999
600750.SH,600750,江中药业,20170206,33.02,33.36,33.02,33.27,33.2,0.07,0.21,18679.0,62057.757,6205.7757,62.057757,0.62057757
600750.SH,600750,江中药业,20170207,33.13,33.75,33.12,33.73,33.27,0.46,1.38,32114.46,107786.678,10778.6678,107.786678,1.07786678
600750.SH,600750,江中药业,20170208,33.6,33.68,33.33,33.56,33.73,-0.17,-0.5,24025.0,80388.454,8038.8454,80.388454,0.80388454
600750.SH,600750,江中药业,20170209,33.55,33.68,33.15,33.2,33.56,-0.36,-1.07,22953.36,76813.479,7681.347900000001,76.813479,0.76813479
600750.SH,600750,江中药业,20170210,33.25,33.38,32.8,32.86,33.2,-0.34,-1.02,19898.52,65651.356,6565.1356,65.65135599999999,0.6565135599999999
600750.SH,600750,江中药业,20170213,32.77,33.28,32.69,33.09,32.86,0.23,0.7,26809.72,88355.482,8835.548200000001,88.35548200000001,0.8835548200000001
600750.SH,600750,江中药业,20170214,33.25,33.31,32.86,33.26,33.09,0.17,0.51,13976.4,46276.954,4627.6954,46.276954,0.46276954
600750.SH,600750,江中药业,20170215,33.0,33.33,32.45,32.75,33.26,-0.51,-1.53,28762.43,94417.575,9441.7575,94.417575,0.94417575
600750.SH,600750,江中药业,20170216,32.76,32.85,32.37,32.62,32.75,-0.13,-0.4,17861.17,58243.898,5824.3898,58.243898,0.58243898
600750.SH,600750,江中药业,20170217,32.6,32.82,32.03,32.28,32.62,-0.34,-1.04,16705.0,54126.952,5412.6952,54.126952,0.5412695200000001
600750.SH,600750,江中药业,20170220,32.28,32.75,32.18,32.73,32.28,0.45,1.39,22806.07,73984.467,7398.4467,73.98446700000001,0.7398446700000001
600750.SH,600750,江中药业,20170221,32.72,32.96,32.67,32.85,32.73,0.12,0.37,16013.76,52574.877,5257.4877,52.574877,0.52574877
600750.SH,600750,江中药业,20170222,32.97,33.0,32.7,32.9,32.85,0.05,0.15,18271.77,60069.871,6006.9871,60.069871000000006,0.6006987100000001
600750.SH,600750,江中药业,20170223,32.98,32.98,32.41,32.87,32.9,-0.03,-0.09,22581.39,73871.852,7387.1852,73.871852,0.73871852
600750.SH,600750,江中药业,20170224,32.86,32.97,32.4,32.55,32.87,-0.32,-0.97,16042.79,52365.838,5236.5838,52.365838,0.5236583800000001
600750.SH,600750,江中药业,20170227,32.45,32.77,32.01,32.1,32.55,-0.45,-1.38,19026.2,61643.199,6164.3199,61.643199,0.61643199
600750.SH,600750,江中药业,20170228,32.08,32.2,31.73,32.01,32.1,-0.09,-0.28,22295.06,71182.986,7118.2986,71.182986,0.71182986
600750.SH,600750,江中药业,20170301,32.08,32.15,31.94,32.05,32.01,0.04,0.13,11295.0,36211.893,3621.1893,36.211893,0.3621189299999999
600750.SH,600750,江中药业,20170302,32.07,32.07,31.7,31.78,32.05,-0.27,-0.84,16960.48,54017.201,5401.7201000000005,54.01720100000001,0.54017201
600750.SH,600750,江中药业,20170303,31.75,32.08,31.62,32.06,31.78,0.28,0.88,13569.99,43322.544,4332.2544,43.322544,0.43322544
600750.SH,600750,江中药业,20170306,32.06,32.25,31.9,32.14,32.06,0.08,0.25,15738.63,50455.886,5045.5886,50.455886,0.5045588599999999
600750.SH,600750,江中药业,20170307,32.11,32.22,31.84,32.02,32.14,-0.12,-0.37,22018.95,70517.291,7051.7291,70.517291,0.70517291
600750.SH,600750,江中药业,20170308,32.07,32.91,31.91,32.9,32.02,0.88,2.75,40337.58,130713.374,13071.3374,130.71337400000002,1.3071337400000005
600750.SH,600750,江中药业,20170309,32.68,33.73,32.61,33.48,32.9,0.58,1.76,92772.59,308615.289,30861.5289,308.615289,3.08615289
600750.SH,600750,江中药业,20170310,33.5,34.68,33.42,34.41,33.48,0.93,2.78,92822.13,317761.82,31776.182,317.76182,3.1776182
600750.SH,600750,江中药业,20170313,34.49,35.45,33.89,35.23,34.41,0.82,2.38,86507.96,303603.821,30360.3821,303.603821,3.03603821
600750.SH,600750,江中药业,20170314,35.49,35.56,34.63,34.82,35.23,-0.41,-1.16,38288.37,133574.325,13357.4325,133.57432500000002,1.3357432500000002
600750.SH,600750,江中药业,20170315,34.82,35.05,34.61,34.85,34.82,0.03,0.09,20424.4,71161.634,7116.1634,71.161634,0.7116163400000001
600750.SH,600750,江中药业,20170316,35.01,35.22,34.46,35.11,34.85,0.26,0.75,46491.69,161681.296,16168.1296,161.681296,1.61681296
600750.SH,600750,江中药业,20170317,34.9,35.3,34.6,34.86,35.11,-0.25,-0.71,30002.85,104774.774,10477.4774,104.774774,1.04774774
600750.SH,600750,江中药业,20170320,34.99,35.36,34.51,35.2,34.86,0.34,0.98,41640.77,145185.964,14518.5964,145.185964,1.45185964
600750.SH,600750,江中药业,20170321,35.21,36.19,35.02,35.95,35.2,0.75,2.13,47120.98,169052.244,16905.2244,169.052244,1.69052244
600750.SH,600750,江中药业,20170322,35.9,36.25,35.6,36.01,35.95,0.06,0.17,35481.88,127647.944,12764.7944,127.647944,1.27647944
600750.SH,600750,江中药业,20170323,36.0,36.92,35.58,36.07,36.01,0.06,0.17,51329.76,186757.1,18675.71,186.7571,1.867571
600750.SH,600750,江中药业,20170324,36.01,36.01,35.36,35.49,36.07,-0.58,-1.61,33217.26,117991.216,11799.1216,117.991216,1.17991216
600750.SH,600750,江中药业,20170327,35.09,35.1,34.2,34.51,35.49,-0.98,-2.76,54892.13,189809.455,18980.9455,189.809455,1.89809455
600750.SH,600750,江中药业,20170328,34.51,36.66,34.48,36.3,34.51,1.79,5.19,68650.29,246539.732,24653.9732,246.539732,2.46539732
600750.SH,600750,江中药业,20170329,36.26,36.35,35.52,35.69,36.3,-0.61,-1.68,34002.03,121936.878,12193.6878,121.936878,1.21936878
600750.SH,600750,江中药业,20170330,35.8,36.49,35.6,35.63,35.69,-0.06,-0.17,42636.07,153650.539,15365.0539,153.65053899999998,1.53650539
600750.SH,600750,江中药业,20170331,35.65,36.35,35.65,36.12,35.63,0.49,1.38,40720.17,146985.851,14698.5851,146.985851,1.46985851
600750.SH,600750,江中药业,20170405,35.8,36.93,35.7,36.42,36.12,0.3,0.83,32577.98,118900.555,11890.0555,118.90055499999998,1.18900555
600750.SH,600750,江中药业,20170406,36.3,36.5,35.82,36.38,36.42,-0.04,-0.11,23853.1,86165.014,8616.5014,86.16501399999999,0.8616501399999998
600750.SH,600750,江中药业,20170407,36.08,37.74,36.07,37.62,36.38,1.24,3.41,48019.54,178632.492,17863.2492,178.63249199999998,1.7863249199999998
600750.SH,600750,江中药业,20170410,37.85,38.0,37.02,37.58,37.62,-0.04,-0.11,42984.55,162021.152,16202.1152,162.021152,1.62021152
600750.SH,600750,江中药业,20170411,37.57,38.5,37.16,37.59,37.58,0.01,0.03,39895.69,151636.181,15163.618100000002,151.63618100000002,1.5163618100000005
600750.SH,600750,江中药业,20170412,37.53,37.83,37.2,37.46,37.59,-0.13,-0.35,23840.05,89366.983,8936.6983,89.366983,0.89366983
600750.SH,600750,江中药业,20170413,37.46,37.74,36.43,36.82,37.46,-0.64,-1.71,35214.02,130149.796,13014.9796,130.149796,1.30149796
600750.SH,600750,江中药业,20170414,36.58,36.79,35.41,35.93,36.82,-0.89,-2.42,45007.49,161427.152,16142.7152,161.427152,1.61427152
600750.SH,600750,江中药业,20170417,36.3,36.3,35.63,36.27,35.93,0.34,0.95,24258.64,87315.448,8731.5448,87.315448,0.8731544800000001
600750.SH,600750,江中药业,20170418,36.29,37.08,36.02,36.6,36.27,0.33,0.91,26784.25,98019.281,9801.9281,98.019281,0.98019281
600750.SH,600750,江中药业,20170419,36.5,36.7,35.6,35.91,36.6,-0.69,-1.89,33033.91,118683.592,11868.3592,118.683592,1.18683592
600750.SH,600750,江中药业,20170420,35.91,38.0,35.91,37.54,35.91,1.63,4.54,65323.6,243713.527,24371.3527,243.713527,2.43713527
600750.SH,600750,江中药业,20170421,37.49,37.98,37.15,37.52,37.54,-0.02,-0.05,40105.25,150365.352,15036.535200000002,150.36535200000003,1.5036535200000003
600750.SH,600750,江中药业,20170424,37.35,37.35,34.04,36.5,37.52,-1.02,-2.72,40979.78,148748.459,14874.8459,148.748459,1.48748459
600750.SH,600750,江中药业,20170425,36.6,36.6,35.92,36.44,36.5,-0.06,-0.16,18692.8,67905.658,6790.565799999999,67.90565799999999,0.6790565799999999
600750.SH,600750,江中药业,20170426,36.36,36.47,35.7,35.8,36.44,-0.64,-1.76,39726.18,142628.509,14262.8509,142.628509,1.42628509
600750.SH,600750,江中药业,20170427,35.8,35.97,34.96,35.64,35.8,-0.16,-0.45,35959.91,127048.001,12704.8001,127.048001,1.27048001
600750.SH,600750,江中药业,20170428,35.6,35.72,35.0,35.19,35.64,-0.45,-1.26,20067.03,70752.216,7075.2216,70.752216,0.70752216
600750.SH,600750,江中药业,20170502,34.9,35.65,34.86,35.44,35.19,0.25,0.71,11755.38,41506.589,4150.6589,41.506589000000005,0.41506589
600750.SH,600750,江中药业,20170503,35.57,35.57,34.83,34.92,35.44,-0.52,-1.47,18350.06,64359.971,6435.9971,64.359971,0.64359971
600750.SH,600750,江中药业,20170504,34.8,35.31,34.32,35.06,34.92,0.14,0.4,30798.49,107200.85,10720.085,107.20085,1.0720085
600750.SH,600750,江中药业,20170505,34.95,35.05,34.1,34.11,35.06,-0.95,-2.71,25408.38,87679.018,8767.9018,87.679018,0.87679018
600750.SH,600750,江中药业,20170508,34.3,34.43,33.3,33.5,34.11,-0.61,-1.79,22812.87,77069.989,7706.9989,77.069989,0.77069989
600750.SH,600750,江中药业,20170509,33.33,33.98,32.99,33.48,33.5,-0.02,-0.06,21114.7,70505.533,7050.5533,70.505533,0.70505533
600750.SH,600750,江中药业,20170510,33.45,33.95,32.88,32.99,33.48,-0.49,-1.46,17509.0,58695.668,5869.5668,58.695668,0.58695668
600750.SH,600750,江中药业,20170511,32.81,33.3,31.8,32.57,32.99,-0.42,-1.27,20471.44,66396.22,6639.622,66.39622,0.6639622
600750.SH,600750,江中药业,20170512,32.66,32.66,32.0,32.38,32.57,-0.19,-0.58,10089.71,32549.572,3254.9572,32.549572,0.32549572
600750.SH,600750,江中药业,20170515,32.35,33.07,32.35,32.74,32.38,0.36,1.11,14966.81,49008.207,4900.8207,49.008207,0.49008207
600750.SH,600750,江中药业,20170516,32.74,34.45,32.46,34.35,32.74,1.61,4.92,32024.6,107859.35,10785.935,107.85935,1.0785935
600750.SH,600750,江中药业,20170517,34.38,35.43,34.01,34.86,34.35,0.51,1.48,37261.6,130383.589,13038.3589,130.383589,1.30383589
600750.SH,600750,江中药业,20170518,34.96,34.96,34.47,34.81,34.86,-0.05,-0.14,9652.23,33509.82,3350.982,33.50982,0.3350981999999999
600750.SH,600750,江中药业,20170519,34.65,35.17,34.37,34.72,34.81,-0.09,-0.26,8085.88,28078.209,2807.8209,28.078209,0.28078209
600750.SH,600750,江中药业,20170522,34.6,34.71,33.7,33.9,34.72,-0.82,-2.36,25795.89,88113.245,8811.324499999999,88.11324499999999,0.88113245
600750.SH,600750,江中药业,20170523,33.95,34.19,32.92,33.0,33.9,-0.9,-2.65,16282.05,54443.523,5444.3523000000005,54.443523000000006,0.54443523
600750.SH,600750,江中药业,20170524,33.08,33.27,32.82,33.18,33.0,0.18,0.55,18283.39,60336.552,6033.6552,60.336552000000005,0.6033655200000001
600750.SH,600750,江中药业,20170525,33.18,33.53,32.7,33.35,33.18,0.17,0.51,21976.66,72863.315,7286.3315,72.863315,0.72863315
600750.SH,600750,江中药业,20170526,33.68,33.7,33.03,33.39,33.35,0.04,0.12,11605.36,38649.118,3864.9118,38.649118,0.38649118
600750.SH,600750,江中药业,20170531,33.5,33.99,33.2,33.46,33.39,0.07,0.21,15367.52,51583.106,5158.3106,51.583106,0.51583106
600750.SH,600750,江中药业,20170601,33.58,34.56,33.25,34.2,33.46,0.74,2.21,23473.0,80014.923,8001.4923,80.014923,0.8001492299999999
600750.SH,600750,江中药业,20170602,33.78,34.64,33.78,34.39,34.2,0.19,0.56,23165.8,79448.533,7944.8533,79.448533,0.79448533
600750.SH,600750,江中药业,20170605,34.11,34.58,33.9,33.99,34.39,-0.4,-1.16,13328.81,45446.693,4544.6693,45.446693,0.4544669299999999
600750.SH,600750,江中药业,20170606,33.99,34.2,33.55,34.13,33.99,0.14,0.41,9084.32,30702.008,3070.2008,30.702008,0.30702008
600750.SH,600750,江中药业,20170607,34.05,34.85,34.05,34.43,34.13,0.3,0.88,24114.62,83274.052,8327.4052,83.274052,0.83274052
600750.SH,600750,江中药业,20170608,34.45,35.28,34.38,35.24,34.43,0.81,2.35,25364.76,88359.214,8835.921400000001,88.35921400000001,0.8835921400000001
600750.SH,600750,江中药业,20170609,35.08,35.2,34.73,34.91,35.24,-0.33,-0.94,29237.2,102057.981,10205.7981,102.057981,1.02057981
600750.SH,600750,江中药业,20170612,34.89,35.56,34.56,34.94,34.91,0.03,0.09,24426.11,85716.867,8571.6867,85.71686700000001,0.8571686700000001
600750.SH,600750,江中药业,20170613,34.54,34.68,34.02,34.2,34.54,-0.34,-0.98,19915.31,68065.159,6806.5159,68.06515900000001,0.6806515900000001
600750.SH,600750,江中药业,20170614,34.2,34.34,33.55,33.71,34.2,-0.49,-1.43,16042.09,54255.331,5425.5331,54.255331,0.54255331
600750.SH,600750,江中药业,20170615,33.4,34.27,33.4,33.98,33.71,0.27,0.8,18282.7,61957.404,6195.740400000001,61.957404,0.61957404
600750.SH,600750,江中药业,20170616,34.01,34.19,33.56,33.7,33.98,-0.28,-0.82,12322.59,41526.357,4152.635700000001,41.526357,0.41526357
600750.SH,600750,江中药业,20170619,33.7,34.06,33.52,33.85,33.7,0.15,0.45,18006.56,60861.772,6086.1772,60.861772,0.60861772
600750.SH,600750,江中药业,20170620,33.69,34.4,33.69,34.37,33.85,0.52,1.54,24604.2,84173.382,8417.3382,84.173382,0.8417338200000001
600750.SH,600750,江中药业,20170621,34.4,34.56,34.1,34.5,34.37,0.13,0.38,23588.75,80990.124,8099.0124,80.990124,0.80990124
600750.SH,600750,江中药业,20170622,34.36,34.52,33.59,33.86,34.5,-0.64,-1.86,30157.59,102947.944,10294.7944,102.947944,1.02947944
600750.SH,600750,江中药业,20170623,33.81,34.2,33.5,34.16,33.86,0.3,0.89,22157.49,75129.872,7512.9872,75.129872,0.7512987200000001
600750.SH,600750,江中药业,20170626,34.02,34.89,34.0,34.75,34.16,0.59,1.73,37860.29,130871.088,13087.1088,130.871088,1.3087108799999998
600750.SH,600750,江中药业,20170627,34.78,35.23,34.49,35.01,34.75,0.26,0.75,29190.84,102133.572,10213.3572,102.133572,1.02133572
600750.SH,600750,江中药业,20170628,34.98,35.05,34.66,34.94,35.01,-0.07,-0.2,13603.98,47412.981,4741.2981,47.412981,0.47412981
600750.SH,600750,江中药业,20170629,35.0,35.2,34.71,35.16,34.94,0.22,0.63,22444.73,78527.418,7852.741800000001,78.52741800000001,0.7852741800000002
600750.SH,600750,江中药业,20170630,35.01,35.02,34.4,34.75,35.16,-0.41,-1.17,33726.2,116846.474,11684.6474,116.846474,1.16846474
600750.SH,600750,江中药业,20170703,34.64,34.92,34.23,34.49,34.75,-0.26,-0.75,32319.5,111181.768,11118.1768,111.181768,1.11181768
600750.SH,600750,江中药业,20170704,34.59,34.65,34.16,34.22,34.49,-0.27,-0.78,23241.06,79722.229,7972.222900000001,79.72222900000001,0.7972222900000001
600750.SH,600750,江中药业,20170705,34.15,34.25,33.62,33.79,34.22,-0.43,-1.26,49755.8,168193.276,16819.3276,168.193276,1.68193276
600750.SH,600750,江中药业,20170706,33.76,33.86,32.73,33.1,33.79,-0.69,-2.04,49618.27,165253.745,16525.374499999998,165.25374499999998,1.65253745
600750.SH,600750,江中药业,20170707,32.84,33.11,32.69,32.97,33.1,-0.13,-0.39,33395.49,109773.873,10977.3873,109.773873,1.09773873
600750.SH,600750,江中药业,20170710,32.95,32.95,32.64,32.68,32.97,-0.29,-0.88,21083.93,69032.17,6903.217,69.03217,0.6903216999999999
600750.SH,600750,江中药业,20170711,32.61,32.84,32.34,32.4,32.68,-0.28,-0.86,34331.81,111451.728,11145.1728,111.451728,1.11451728
600750.SH,600750,江中药业,20170712,32.67,32.69,31.93,32.48,32.4,0.08,0.25,38573.05,124488.81,12448.881,124.48881,1.2448881
600750.SH,600750,江中药业,20170713,32.6,32.71,32.35,32.68,32.48,0.2,0.62,22186.62,72277.642,7227.7642,72.277642,0.72277642
600750.SH,600750,江中药业,20170714,32.55,32.75,32.05,32.2,32.68,-0.48,-1.47,27796.37,89619.223,8961.9223,89.619223,0.89619223
600750.SH,600750,江中药业,20170717,32.2,32.2,30.65,30.98,32.2,-1.22,-3.79,45870.81,143092.453,14309.2453,143.092453,1.43092453
600750.SH,600750,江中药业,20170718,30.63,31.1,29.95,30.24,30.98,-0.74,-2.39,50984.77,153943.539,15394.353899999998,153.943539,1.53943539
600750.SH,600750,江中药业,20170719,30.25,30.68,30.04,30.63,30.24,0.39,1.29,27752.32,84088.017,8408.8017,84.088017,0.8408801699999999
600750.SH,600750,江中药业,20170720,30.58,31.19,30.31,31.15,30.63,0.52,1.7,31731.72,97839.939,9783.9939,97.839939,0.97839939
600750.SH,600750,江中药业,20170721,31.15,31.17,30.55,30.7,31.15,-0.45,-1.44,34905.99,107574.372,10757.4372,107.574372,1.07574372
600750.SH,600750,江中药业,20170724,30.68,30.9,30.42,30.84,30.7,0.14,0.46,25012.04,76653.836,7665.383599999999,76.653836,0.76653836
600750.SH,600750,江中药业,20170725,30.8,31.19,30.52,30.68,30.84,-0.16,-0.52,24657.0,76186.526,7618.652599999999,76.186526,0.76186526
600750.SH,600750,江中药业,20170726,30.68,31.0,30.52,30.72,30.68,0.04,0.13,13490.27,41406.057,4140.6057,41.406057,0.41406057
600750.SH,600750,江中药业,20170727,30.61,30.98,30.57,30.95,30.72,0.23,0.75,16331.46,50262.632,5026.263199999999,50.262632,0.50262632
600750.SH,600750,江中药业,20170728,30.98,31.33,30.76,31.02,30.95,0.07,0.23,22002.15,68496.889,6849.688899999999,68.496889,0.6849688899999999
600750.SH,600750,江中药业,20170731,31.11,31.26,30.81,31.08,31.02,0.06,0.19,22933.24,71093.041,7109.304099999999,71.093041,0.71093041
600750.SH,600750,江中药业,20170801,31.11,31.11,30.57,30.62,31.08,-0.46,-1.48,31498.22,96906.471,9690.6471,96.906471,0.96906471
600750.SH,600750,江中药业,20170802,30.7,30.77,30.23,30.26,30.62,-0.36,-1.18,29834.34,90845.199,9084.5199,90.845199,0.90845199
600750.SH,600750,江中药业,20170803,30.3,30.39,29.95,30.16,30.26,-0.1,-0.33,22544.06,67928.506,6792.8506,67.928506,0.67928506
600750.SH,600750,江中药业,20170804,30.24,30.34,29.98,30.23,30.16,0.07,0.23,15469.01,46620.074,4662.0074,46.620074,0.46620074
600750.SH,600750,江中药业,20170807,30.24,30.35,30.1,30.34,30.23,0.11,0.36,19148.66,57889.982,5788.9982,57.889982,0.5788998200000001
600750.SH,600750,江中药业,20170808,30.36,30.78,30.26,30.75,30.34,0.41,1.35,26366.74,80677.861,8067.7861,80.67786100000001,0.8067786100000001
600750.SH,600750,江中药业,20170809,30.69,30.89,30.56,30.83,30.75,0.08,0.26,24742.5,76056.1,7605.610000000001,76.0561,0.760561
600750.SH,600750,江中药业,20170810,30.82,30.87,30.22,30.3,30.83,-0.53,-1.72,24483.67,74511.097,7451.109699999999,74.51109699999999,0.7451109699999999
600750.SH,600750,江中药业,20170811,30.31,30.31,30.01,30.05,30.3,-0.25,-0.83,17579.96,53006.883,5300.6883,53.006883,0.5300688299999999
600750.SH,600750,江中药业,20170814,30.06,30.38,30.06,30.34,30.05,0.29,0.97,11945.05,36160.638,3616.0638,36.160638,0.36160638
600750.SH,600750,江中药业,20170815,30.3,30.45,30.15,30.23,30.34,-0.11,-0.36,14453.15,43761.83,4376.183,43.76183,0.4376183
600750.SH,600750,江中药业,20170816,30.22,30.63,30.0,30.59,30.23,0.36,1.19,19783.83,60086.729,6008.6729,60.086729,0.6008672899999999
600750.SH,600750,江中药业,20170817,30.6,30.79,30.5,30.72,30.59,0.13,0.43,16960.13,51975.505,5197.550499999999,51.97550499999999,0.5197550499999999
600750.SH,600750,江中药业,20170818,30.54,30.69,30.52,30.57,30.72,-0.15,-0.49,14367.94,43945.943,4394.5943,43.945943,0.43945943
600750.SH,600750,江中药业,20170821,30.72,31.07,30.5,31.05,30.57,0.48,1.57,24711.42,75983.278,7598.327800000001,75.98327800000001,0.7598327800000001
600750.SH,600750,江中药业,20170822,31.09,31.09,30.65,30.8,31.05,-0.25,-0.81,19019.27,58538.803,5853.8803,58.538803,0.5853880300000001
600750.SH,600750,江中药业,20170823,30.79,30.79,30.4,30.49,30.8,-0.31,-1.01,14728.91,44963.975,4496.3975,44.963975,0.44963975
600750.SH,600750,江中药业,20170824,30.51,30.73,30.39,30.39,30.49,-0.1,-0.33,13498.0,41179.774,4117.9774,41.179774,0.4117977399999999
600750.SH,600750,江中药业,20170825,30.39,30.63,30.38,30.52,30.39,0.13,0.43,21929.63,66910.52,6691.052000000001,66.91052,0.6691052000000001
600750.SH,600750,江中药业,20170828,30.53,30.87,30.5,30.73,30.52,0.21,0.69,25193.97,77412.049,7741.2049,77.412049,0.7741204899999999
600750.SH,600750,江中药业,20170829,30.73,30.88,30.58,30.7,30.73,-0.03,-0.1,26617.55,81796.087,8179.6087,81.796087,0.81796087
600750.SH,600750,江中药业,20170830,30.74,30.98,30.63,30.85,30.7,0.15,0.49,20294.18,62548.02,6254.802,62.54802,0.6254801999999999
600750.SH,600750,江中药业,20170831,30.85,30.95,30.74,30.85,30.85,0.0,0.0,20639.06,63653.81,6365.380999999999,63.65380999999999,0.6365380999999999
600750.SH,600750,江中药业,20170901,30.88,30.94,30.57,30.66,30.85,-0.19,-0.62,25846.24,79484.531,7948.453100000001,79.484531,0.79484531
600750.SH,600750,江中药业,20170904,30.66,30.97,30.64,30.96,30.66,0.3,0.98,24337.2,75010.894,7501.0894,75.010894,0.75010894
600750.SH,600750,江中药业,20170905,30.96,30.97,30.77,30.89,30.96,-0.07,-0.23,16281.92,50304.419,5030.4419,50.304419,0.50304419
600750.SH,600750,江中药业,20170906,30.9,30.9,30.65,30.88,30.89,-0.01,-0.03,22431.29,68974.485,6897.4485,68.974485,0.68974485
600750.SH,600750,江中药业,20170907,30.78,30.93,30.68,30.7,30.88,-0.18,-0.58,16631.2,51192.863,5119.2863,51.192863,0.51192863
600750.SH,600750,江中药业,20170908,30.7,30.97,30.68,30.74,30.7,0.04,0.13,25862.77,79682.758,7968.2758,79.682758,0.7968275800000001
600750.SH,600750,江中药业,20170911,30.75,30.8,30.6,30.69,30.74,-0.05,-0.16,23106.3,70935.483,7093.5483,70.93548299999999,0.7093548299999999
600750.SH,600750,江中药业,20170912,30.7,30.74,30.11,30.21,30.69,-0.48,-1.56,44819.12,135941.596,13594.1596,135.941596,1.35941596
600750.SH,600750,江中药业,20170913,30.19,30.49,30.09,30.39,30.21,0.18,0.6,21968.83,66541.642,6654.164200000001,66.54164200000001,0.6654164200000001
600750.SH,600750,江中药业,20170914,30.4,30.58,30.12,30.3,30.39,-0.09,-0.3,24354.66,73885.593,7388.559299999999,73.88559299999999,0.7388559299999998
600750.SH,600750,江中药业,20170915,30.3,30.35,30.04,30.07,30.3,-0.23,-0.76,29336.4,88348.143,8834.8143,88.348143,0.8834814299999999
600750.SH,600750,江中药业,20170918,30.11,30.32,30.06,30.29,30.07,0.22,0.73,24864.97,74997.155,7499.7155,74.997155,0.74997155
600750.SH,600750,江中药业,20170919,30.23,30.33,30.03,30.07,30.29,-0.22,-0.73,20613.0,62131.997,6213.1997,62.131997,0.6213199699999999
600750.SH,600750,江中药业,20170920,30.14,30.22,29.94,30.19,30.07,0.12,0.4,18175.45,54680.097,5468.0097000000005,54.680097,0.54680097
600750.SH,600750,江中药业,20170921,30.19,30.19,29.95,29.97,30.19,-0.22,-0.73,23639.18,71019.098,7101.909799999999,71.019098,0.71019098
600750.SH,600750,江中药业,20170922,29.94,29.95,29.53,29.59,29.97,-0.38,-1.27,23899.59,70987.049,7098.7049,70.987049,0.70987049
600750.SH,600750,江中药业,20170925,29.68,29.76,29.5,29.53,29.59,-0.06,-0.2,18000.83,53279.014,5327.901400000001,53.279014,0.53279014
600750.SH,600750,江中药业,20170926,29.56,29.66,29.43,29.65,29.53,0.12,0.41,13565.01,40087.715,4008.7715,40.087715,0.4008771499999999
600750.SH,600750,江中药业,20170927,29.6,29.94,29.56,29.9,29.65,0.25,0.84,22857.0,68051.273,6805.1273,68.051273,0.6805127299999999
600750.SH,600750,江中药业,20170928,29.9,29.98,29.56,29.59,29.9,-0.31,-1.04,17314.6,51525.175,5152.5175,51.525175,0.51525175
600750.SH,600750,江中药业,20170929,29.6,30.17,29.6,30.15,29.59,0.56,1.89,24897.8,74730.725,7473.0725,74.730725,0.7473072500000001
600750.SH,600750,江中药业,20171009,30.21,30.57,30.14,30.3,30.15,0.15,0.5,33460.41,101609.836,10160.9836,101.609836,1.01609836
600750.SH,600750,江中药业,20171010,30.35,30.72,30.26,30.7,30.3,0.4,1.32,45108.15,137778.875,13777.8875,137.778875,1.37778875
600750.SH,600750,江中药业,20171011,30.76,31.0,30.48,30.55,30.7,-0.15,-0.49,45631.99,140526.517,14052.6517,140.52651699999998,1.4052651699999998
600750.SH,600750,江中药业,20171012,30.6,30.73,30.41,30.58,30.55,0.03,0.1,23470.13,71657.181,7165.7181,71.657181,0.7165718099999999
600750.SH,600750,江中药业,20171013,30.58,30.85,30.5,30.77,30.58,0.19,0.62,25628.87,78728.351,7872.835099999999,78.72835099999999,0.7872835099999999
600750.SH,600750,江中药业,20171016,30.78,30.87,30.18,30.25,30.77,-0.52,-1.69,24328.88,74153.73,7415.373,74.15373,0.7415373
600750.SH,600750,江中药业,20171017,30.33,30.35,30.1,30.34,30.25,0.09,0.3,20631.44,62315.942,6231.5942000000005,62.31594200000001,0.62315942
600750.SH,600750,江中药业,20171018,30.32,30.64,29.92,30.5,30.34,0.16,0.53,27716.73,84049.47,8404.947,84.04947,0.8404947
600750.SH,600750,江中药业,20171019,30.5,31.48,30.3,31.45,30.5,0.95,3.11,96921.96,302780.588,30278.0588,302.780588,3.02780588
600750.SH,600750,江中药业,20171020,31.37,31.37,30.89,31.13,31.45,-0.32,-1.02,45327.94,140838.766,14083.8766,140.838766,1.4083876599999998
600750.SH,600750,江中药业,20171023,31.96,32.06,31.36,31.6,31.13,0.47,1.51,83917.75,265663.013,26566.3013,265.663013,2.65663013
600750.SH,600750,江中药业,20171024,31.67,31.88,31.4,31.74,31.6,0.14,0.44,61700.3,195451.994,19545.1994,195.451994,1.95451994
600750.SH,600750,江中药业,20171025,31.79,31.96,31.61,31.71,31.74,-0.03,-0.09,47298.83,150389.179,15038.9179,150.389179,1.5038917900000002
600750.SH,600750,江中药业,20171026,31.79,32.32,31.66,31.73,31.71,0.02,0.06,67575.36,215895.552,21589.5552,215.895552,2.15895552
600750.SH,600750,江中药业,20171027,31.63,31.75,31.2,31.35,31.73,-0.38,-1.2,56483.45,177177.308,17717.730799999998,177.17730799999998,1.7717730799999998
600750.SH,600750,江中药业,20171030,31.48,31.54,30.69,31.05,31.35,-0.3,-0.96,49784.1,154780.351,15478.0351,154.780351,1.54780351
600750.SH,600750,江中药业,20171031,31.03,31.47,30.92,31.33,31.05,0.28,0.9,37988.01,118409.765,11840.9765,118.409765,1.18409765
600750.SH,600750,江中药业,20171101,31.36,31.45,30.98,31.1,31.33,-0.23,-0.73,41548.29,129378.643,12937.8643,129.37864299999998,1.29378643
600750.SH,600750,江中药业,20171102,30.99,31.09,30.0,30.16,31.1,-0.94,-3.02,50231.3,153491.747,15349.1747,153.491747,1.53491747
600750.SH,600750,江中药业,20171103,30.2,30.49,30.0,30.33,30.16,0.17,0.56,27584.59,83455.986,8345.598600000001,83.45598600000001,0.8345598600000002
600750.SH,600750,江中药业,20171106,30.28,30.87,30.02,30.7,30.33,0.37,1.22,47157.7,143506.495,14350.6495,143.506495,1.43506495
600750.SH,600750,江中药业,20171107,30.7,30.87,30.3,30.64,30.7,-0.06,-0.2,33414.2,102094.801,10209.4801,102.094801,1.02094801
600750.SH,600750,江中药业,20171108,30.66,30.66,30.31,30.37,30.64,-0.27,-0.88,32490.49,99010.644,9901.0644,99.010644,0.99010644
600750.SH,600750,江中药业,20171109,30.32,30.37,30.08,30.21,30.37,-0.16,-0.53,39059.4,117851.89,11785.189,117.85189,1.1785189
600750.SH,600750,江中药业,20171110,30.11,30.55,30.09,30.5,30.21,0.29,0.96,36917.39,111800.084,11180.0084,111.800084,1.11800084
600750.SH,600750,江中药业,20171113,30.46,30.46,30.16,30.35,30.5,-0.15,-0.49,28036.52,84936.118,8493.6118,84.93611800000001,0.84936118
600750.SH,600750,江中药业,20171114,30.33,30.36,29.88,29.91,30.35,-0.44,-1.45,44641.37,134267.411,13426.7411,134.26741099999998,1.34267411
600750.SH,600750,江中药业,20171115,29.85,30.06,29.63,29.73,29.91,-0.18,-0.6,26719.06,79636.126,7963.6126,79.636126,0.7963612600000001
600750.SH,600750,江中药业,20171116,29.82,29.99,29.75,29.96,29.73,0.23,0.77,21841.93,65309.662,6530.9662,65.309662,0.65309662
600750.SH,600750,江中药业,20171117,29.96,29.99,29.29,29.35,29.96,-0.61,-2.04,36267.41,107190.125,10719.0125,107.190125,1.07190125
600750.SH,600750,江中药业,20171120,29.3,29.39,28.52,29.19,29.35,-0.16,-0.55,27055.23,78399.775,7839.977499999999,78.39977499999999,0.7839977499999999
600750.SH,600750,江中药业,20171121,29.28,29.33,28.5,28.64,29.19,-0.55,-1.88,52071.13,149990.257,14999.025700000002,149.990257,1.4999025700000002
600750.SH,600750,江中药业,20171122,28.62,28.79,28.48,28.66,28.64,0.02,0.07,28420.61,81329.347,8132.9347,81.329347,0.81329347
600750.SH,600750,江中药业,20171123,28.66,28.66,27.45,27.47,28.66,-1.19,-4.15,46198.89,129045.702,12904.5702,129.045702,1.29045702
600750.SH,600750,江中药业,20171124,27.47,27.68,27.15,27.17,27.47,-0.3,-1.09,23873.24,65261.306,6526.1306,65.26130599999999,0.6526130599999999
600750.SH,600750,江中药业,20171127,27.12,27.12,26.5,26.67,27.17,-0.5,-1.84,38192.34,101869.03,10186.903,101.86903,1.0186903
600750.SH,600750,江中药业,20171128,26.7,26.98,26.6,26.86,26.67,0.19,0.71,27066.61,72635.426,7263.542600000001,72.63542600000001,0.7263542600000001
600750.SH,600750,江中药业,20171129,26.86,26.86,26.05,26.2,26.86,-0.66,-2.46,41185.45,108448.106,10844.8106,108.448106,1.08448106
600750.SH,600750,江中药业,20171130,26.22,26.42,26.03,26.08,26.2,-0.12,-0.46,29166.0,76434.68,7643.467999999999,76.43467999999999,0.7643467999999999
600750.SH,600750,江中药业,20171201,26.12,26.48,26.08,26.39,26.08,0.31,1.19,39241.23,103194.072,10319.4072,103.194072,1.03194072
600750.SH,600750,江中药业,20171204,26.3,26.48,26.15,26.35,26.39,-0.04,-0.15,29493.35,77622.266,7762.2266,77.622266,0.77622266
600750.SH,600750,江中药业,20171205,26.2,26.76,26.19,26.42,26.35,0.07,0.27,34312.8,90952.186,9095.2186,90.952186,0.90952186
600750.SH,600750,江中药业,20171206,26.32,27.09,26.32,26.96,26.42,0.54,2.04,34033.56,91141.963,9114.1963,91.141963,0.91141963
600750.SH,600750,江中药业,20171207,26.93,26.93,26.54,26.76,26.96,-0.2,-0.74,33394.32,89062.314,8906.2314,89.062314,0.89062314
600750.SH,600750,江中药业,20171208,26.76,26.77,26.42,26.69,26.76,-0.07,-0.26,29094.54,77446.765,7744.6765,77.446765,0.77446765
600750.SH,600750,江中药业,20171211,26.7,27.01,26.51,26.87,26.69,0.18,0.67,35855.77,95998.627,9599.8627,95.998627,0.95998627
600750.SH,600750,江中药业,20171212,26.82,26.82,26.26,26.28,26.87,-0.59,-2.2,27112.82,71761.719,7176.171899999999,71.761719,0.71761719
600750.SH,600750,江中药业,20171213,26.21,26.38,26.13,26.26,26.28,-0.02,-0.08,22819.95,59895.391,5989.5391,59.895391,0.59895391
600750.SH,600750,江中药业,20171214,26.25,26.33,26.06,26.18,26.26,-0.08,-0.3,19165.67,50174.648,5017.4648,50.174648,0.50174648
600750.SH,600750,江中药业,20171215,26.18,26.43,26.1,26.19,26.18,0.01,0.04,28261.44,74234.417,7423.4417,74.23441700000001,0.7423441700000001
600750.SH,600750,江中药业,20171218,26.29,26.44,26.08,26.43,26.19,0.24,0.92,23405.35,61621.67,6162.167,61.62167,0.6162167
600750.SH,600750,江中药业,20171219,26.42,26.84,26.33,26.81,26.43,0.38,1.44,31532.95,84100.186,8410.0186,84.100186,0.84100186
600750.SH,600750,江中药业,20171220,26.75,26.96,26.29,26.42,26.81,-0.39,-1.45,28717.69,76499.605,7649.960499999999,76.49960499999999,0.7649960499999999
600750.SH,600750,江中药业,20171221,26.4,26.67,26.11,26.59,26.42,0.17,0.64,32853.43,86607.957,8660.795699999999,86.60795699999998,0.8660795699999998
600750.SH,600750,江中药业,20171222,26.6,26.83,26.52,26.62,26.59,0.03,0.11,26271.42,70066.024,7006.602400000001,70.06602400000001,0.7006602400000002
600750.SH,600750,江中药业,20171225,26.55,26.66,25.71,25.79,26.62,-0.83,-3.12,40759.35,106263.59,10626.359,106.26359,1.0626359
600750.SH,600750,江中药业,20171226,25.78,25.91,25.54,25.9,25.79,0.11,0.43,25518.85,65627.624,6562.7624,65.627624,0.65627624
600750.SH,600750,江中药业,20171227,25.85,25.85,25.21,25.24,25.9,-0.66,-2.55,36228.91,92457.446,9245.7446,92.457446,0.92457446
600750.SH,600750,江中药业,20171228,25.24,25.3,25.0,25.22,25.24,-0.02,-0.08,31722.02,79849.97,7984.997,79.84997,0.7984997
600750.SH,600750,江中药业,20171229,25.2,25.53,25.15,25.48,25.22,0.26,1.03,25834.29,65469.14,6546.914,65.46914,0.6546913999999999
600750.SH,600750,江中药业,20180102,25.51,26.05,25.47,25.87,25.48,0.39,1.53,38005.49,98018.899,9801.8899,98.018899,0.98018899
600750.SH,600750,江中药业,20180103,25.85,26.38,25.7,26.25,25.87,0.38,1.47,41638.78,108589.918,10858.9918,108.589918,1.08589918
600750.SH,600750,江中药业,20180104,26.23,26.35,26.1,26.3,26.25,0.05,0.19,29363.98,77028.36,7702.836,77.02836,0.7702836000000001
600750.SH,600750,江中药业,20180105,26.31,26.53,26.17,26.38,26.3,0.08,0.3,31063.03,81877.439,8187.743899999999,81.877439,0.81877439
600750.SH,600750,江中药业,20180108,26.38,26.95,26.32,26.87,26.38,0.49,1.86,47499.11,126903.909,12690.3909,126.903909,1.26903909
600750.SH,600750,江中药业,20180109,26.84,27.05,26.63,26.89,26.87,0.02,0.07,32982.69,88532.127,8853.2127,88.532127,0.88532127
600750.SH,600750,江中药业,20180110,26.8,26.85,26.24,26.5,26.89,-0.39,-1.45,30462.39,80764.746,8076.4746,80.764746,0.80764746
600750.SH,600750,江中药业,20180111,26.48,26.86,26.35,26.71,26.5,0.21,0.79,31269.74,83626.649,8362.6649,83.626649,0.83626649
600750.SH,600750,江中药业,20180112,26.78,26.87,26.39,26.42,26.71,-0.29,-1.09,31095.4,82619.649,8261.9649,82.61964900000001,0.8261964900000001
600750.SH,600750,江中药业,20180115,26.35,26.82,26.23,26.38,26.42,-0.04,-0.15,34405.09,91279.836,9127.9836,91.279836,0.91279836
600750.SH,600750,江中药业,20180116,26.37,27.38,26.21,27.26,26.38,0.88,3.34,65194.4,175241.382,17524.1382,175.24138200000002,1.75241382
600750.SH,600750,江中药业,20180117,27.21,27.36,26.82,26.92,27.26,-0.34,-1.25,56586.69,152817.549,15281.7549,152.817549,1.5281754899999995
600750.SH,600750,江中药业,20180118,26.88,27.23,26.77,26.87,26.92,-0.05,-0.19,33270.25,89718.792,8971.8792,89.718792,0.8971879199999999
600750.SH,600750,江中药业,20180119,26.86,26.95,26.4,26.45,26.87,-0.42,-1.56,38730.69,103013.394,10301.3394,103.013394,1.03013394
600750.SH,600750,江中药业,20180122,26.5,26.95,26.4,26.92,26.45,0.47,1.78,36385.15,97033.072,9703.3072,97.033072,0.97033072
600750.SH,600750,江中药业,20180123,26.92,27.15,26.71,26.99,26.92,0.07,0.26,39283.19,105767.264,10576.7264,105.767264,1.05767264
600750.SH,600750,江中药业,20180124,26.97,27.05,26.77,26.87,26.99,-0.12,-0.44,26027.57,69891.069,6989.106900000001,69.891069,0.6989106900000001
600750.SH,600750,江中药业,20180125,26.92,27.08,26.75,26.76,26.87,-0.11,-0.41,27507.4,73955.516,7395.551600000001,73.955516,0.73955516
600750.SH,600750,江中药业,20180126,26.7,26.86,26.2,26.23,26.76,-0.53,-1.98,40337.05,107010.522,10701.0522,107.010522,1.07010522
600750.SH,600750,江中药业,20180129,26.28,26.59,25.71,25.84,26.23,-0.39,-1.49,44683.23,116543.882,11654.3882,116.543882,1.16543882
600750.SH,600750,江中药业,20180130,25.82,26.07,25.68,25.94,25.84,0.1,0.39,25137.18,64948.334,6494.8334,64.948334,0.6494833400000001
600750.SH,600750,江中药业,20180131,25.9,25.9,25.2,25.23,25.94,-0.71,-2.74,44375.35,113204.41,11320.441,113.20441,1.1320441
600750.SH,600750,江中药业,20180201,25.36,25.55,24.9,24.92,25.23,-0.31,-1.23,44023.41,110779.252,11077.9252,110.779252,1.10779252
600750.SH,600750,江中药业,20180202,24.6,24.82,24.04,24.35,24.92,-0.57,-2.29,39788.88,96790.07,9679.007,96.79007,0.9679007000000002
600750.SH,600750,江中药业,20180205,23.95,24.2,23.81,24.07,24.35,-0.28,-1.15,34791.91,83572.874,8357.2874,83.572874,0.83572874
600750.SH,600750,江中药业,20180206,23.8,23.8,22.96,22.99,24.07,-1.08,-4.49,45330.54,105716.495,10571.6495,105.716495,1.05716495
600750.SH,600750,江中药业,20180207,23.48,23.49,22.81,23.17,22.99,0.18,0.78,33010.84,76573.242,7657.3242,76.573242,0.76573242
600750.SH,600750,江中药业,20180208,23.17,23.79,23.01,23.4,23.17,0.23,0.99,21981.03,51538.722,5153.8722,51.538722,0.51538722
600750.SH,600750,江中药业,20180209,22.83,23.16,22.41,22.57,23.4,-0.83,-3.55,30738.89,70103.841,7010.3841,70.103841,0.70103841
600750.SH,600750,江中药业,20180212,22.63,23.48,22.63,23.3,22.57,0.73,3.23,23262.74,53887.02,5388.701999999999,53.88701999999999,0.5388702
600750.SH,600750,江中药业,20180213,23.4,23.67,23.32,23.45,23.3,0.15,0.64,16066.62,37755.11,3775.511,37.75511,0.3775511
600750.SH,600750,江中药业,20180214,23.49,23.58,23.16,23.21,23.45,-0.24,-1.02,15230.69,35568.602,3556.8602,35.568602,0.35568602
600750.SH,600750,江中药业,20180222,23.39,23.6,23.29,23.57,23.21,0.36,1.55,20222.09,47528.789,4752.8789,47.528789,0.4752878899999999
600750.SH,600750,江中药业,20180223,23.55,23.81,23.47,23.64,23.57,0.07,0.3,18122.71,42837.602,4283.7602,42.837602,0.4283760199999999
600750.SH,600750,江中药业,20180226,23.65,24.22,23.63,24.21,23.64,0.57,2.41,28979.73,69423.639,6942.363899999999,69.423639,0.6942363899999999
600750.SH,600750,江中药业,20180227,24.23,24.27,23.92,24.08,24.21,-0.13,-0.54,25653.63,61791.149,6179.1149,61.791149,0.61791149
600750.SH,600750,江中药业,20180228,24.0,24.22,23.68,24.16,24.08,0.08,0.33,23070.68,55333.255,5533.3255,55.333255,0.55333255
600750.SH,600750,江中药业,20180301,23.99,24.63,23.95,24.59,24.16,0.43,1.78,37986.77,92726.837,9272.6837,92.726837,0.9272683699999998
600750.SH,600750,江中药业,20180302,24.57,24.57,24.16,24.26,24.59,-0.33,-1.34,24064.35,58555.245,5855.5245,58.555245000000006,0.5855524500000001
600750.SH,600750,江中药业,20180305,24.25,24.36,24.02,24.28,24.26,0.02,0.08,17392.71,42024.086,4202.408600000001,42.024086,0.42024086
600750.SH,600750,江中药业,20180306,24.3,24.67,24.27,24.55,24.28,0.27,1.11,28632.29,70187.702,7018.770200000001,70.187702,0.70187702
600750.SH,600750,江中药业,20180307,24.6,24.62,24.37,24.42,24.55,-0.13,-0.53,22023.64,53917.25,5391.725,53.91725,0.5391725
600750.SH,600750,江中药业,20180308,24.33,24.82,24.26,24.76,24.42,0.34,1.39,40792.97,100390.838,10039.0838,100.390838,1.00390838
600750.SH,600750,江中药业,20180309,24.79,24.99,24.6,24.9,24.76,0.14,0.57,31576.65,78308.452,7830.845200000001,78.308452,0.7830845200000001
600750.SH,600750,江中药业,20180312,24.95,25.37,24.81,25.25,24.9,0.35,1.41,31862.48,80324.601,8032.460099999999,80.32460099999999,0.8032460099999998
600750.SH,600750,江中药业,20180313,25.25,25.25,24.82,24.83,25.25,-0.42,-1.66,27875.29,69588.92,6958.892,69.58892,0.6958892
600750.SH,600750,江中药业,20180314,24.68,24.88,24.39,24.41,24.83,-0.42,-1.69,27913.19,68777.637,6877.7637,68.777637,0.68777637
600750.SH,600750,江中药业,20180315,24.38,24.5,24.09,24.24,24.41,-0.17,-0.7,27532.23,66835.011,6683.5011,66.835011,0.66835011
600750.SH,600750,江中药业,20180316,24.23,24.75,24.2,24.46,24.24,0.22,0.91,23663.37,58038.096,5803.8096,58.038096,0.58038096
600750.SH,600750,江中药业,20180319,24.47,24.65,24.32,24.48,24.46,0.02,0.08,23994.68,58856.724,5885.6724,58.85672400000001,0.58856724
600750.SH,600750,江中药业,20180320,24.4,26.88,24.25,26.5,24.48,2.02,8.25,131674.62,339390.242,33939.0242,339.390242,3.39390242
600750.SH,600750,江中药业,20180321,26.23,26.36,25.53,25.79,26.5,-0.71,-2.68,94333.99,245248.092,24524.8092,245.248092,2.45248092
600750.SH,600750,江中药业,20180322,25.6,25.86,25.26,25.35,25.79,-0.44,-1.71,59091.75,150955.229,15095.5229,150.955229,1.50955229
600750.SH,600750,江中药业,20180323,24.75,25.14,23.31,23.64,25.35,-1.71,-6.75,72923.62,176963.57,17696.357,176.96357,1.7696357
600750.SH,600750,江中药业,20180326,23.32,24.44,23.23,24.39,23.64,0.75,3.17,46453.98,111780.388,11178.0388,111.780388,1.11780388
600750.SH,600750,江中药业,20180327,24.58,24.92,24.32,24.67,24.39,0.28,1.15,55386.77,136444.456,13644.4456,136.444456,1.36444456
600750.SH,600750,江中药业,20180328,24.35,25.28,24.11,24.99,24.67,0.32,1.3,49007.47,122157.027,12215.7027,122.157027,1.22157027
600750.SH,600750,江中药业,20180329,25.13,25.69,25.0,25.62,24.99,0.63,2.52,63003.46,160498.838,16049.8838,160.498838,1.60498838
600750.SH,600750,江中药业,20180330,26.05,26.05,25.52,25.82,25.62,0.2,0.78,66557.46,171583.769,17158.3769,171.583769,1.71583769
600750.SH,600750,江中药业,20180402,25.78,25.95,25.41,25.44,25.82,-0.38,-1.47,47222.33,121271.673,12127.1673,121.271673,1.21271673
600750.SH,600750,江中药业,20180403,25.37,25.37,24.95,25.1,25.44,-0.34,-1.34,48848.91,122945.538,12294.5538,122.945538,1.22945538
600750.SH,600750,江中药业,20180404,25.4,26.06,25.29,25.46,25.1,0.36,1.43,63306.71,162523.389,16252.3389,162.52338899999998,1.6252338899999998
600750.SH,600750,江中药业,20180409,25.39,25.75,25.17,25.72,25.46,0.26,1.02,43136.22,110108.093,11010.8093,110.108093,1.10108093
600750.SH,600750,江中药业,20180410,25.72,25.81,25.33,25.64,25.72,-0.08,-0.31,44039.51,112553.759,11255.3759,112.553759,1.1255375900000002
600750.SH,600750,江中药业,20180411,25.7,25.79,25.51,25.7,25.64,0.06,0.23,41646.95,106709.931,10670.9931,106.709931,1.06709931
600750.SH,600750,江中药业,20180412,25.63,26.2,25.56,25.99,25.7,0.29,1.13,63727.48,165342.503,16534.2503,165.342503,1.65342503
600750.SH,600750,江中药业,20180413,26.06,26.16,25.37,25.39,25.99,-0.6,-2.31,47989.97,123639.042,12363.9042,123.639042,1.23639042
600750.SH,600750,江中药业,20180416,25.38,25.73,25.11,25.42,25.39,0.03,0.12,33837.31,86079.906,8607.990600000001,86.07990600000001,0.8607990600000001
600750.SH,600750,江中药业,20180417,25.43,25.53,24.37,24.39,25.42,-1.03,-4.05,49136.02,122348.824,12234.8824,122.34882399999998,1.2234882399999998
600750.SH,600750,江中药业,20180418,24.58,24.88,24.16,24.77,24.39,0.38,1.56,33724.02,82800.528,8280.052800000001,82.80052800000001,0.8280052800000002
600750.SH,600750,江中药业,20180419,24.71,24.98,24.6,24.67,24.77,-0.1,-0.4,27979.07,69365.307,6936.5307,69.365307,0.69365307
600750.SH,600750,江中药业,20180420,24.59,24.83,23.88,23.98,24.67,-0.69,-2.8,36163.43,87956.891,8795.6891,87.956891,0.87956891
600750.SH,600750,江中药业,20180423,23.93,24.24,23.45,23.77,23.98,-0.21,-0.88,27714.76,66139.275,6613.9275,66.139275,0.66139275
600750.SH,600750,江中药业,20180424,23.82,24.46,23.67,24.45,23.77,0.68,2.86,34877.76,84215.55,8421.555,84.21555000000001,0.8421555000000001
600750.SH,600750,江中药业,20180425,24.3,24.68,24.2,24.63,24.45,0.18,0.74,32352.55,79279.764,7927.9764,79.279764,0.79279764
600750.SH,600750,江中药业,20180426,24.64,24.79,24.26,24.27,24.63,-0.36,-1.46,28936.66,70865.363,7086.5363,70.865363,0.70865363
600750.SH,600750,江中药业,20180427,24.51,25.49,24.44,25.3,24.27,1.03,4.24,74166.54,186128.067,18612.8067,186.128067,1.86128067
600750.SH,600750,江中药业,20180801,16.12,17.7,16.1,16.18,17.75,-1.57,-8.8451,200912.06,329111.152,32911.1152,329.111152,3.29111152
600750.SH,600750,江中药业,20180802,16.6,17.48,16.42,17.05,16.18,0.87,5.377,177277.6,298614.539,29861.4539,298.614539,2.98614539
600750.SH,600750,江中药业,20180803,16.85,16.95,16.36,16.5,17.05,-0.55,-3.2258,89084.92,147757.53,14775.753,147.75753,1.4775753
600750.SH,600750,江中药业,20180806,16.49,16.5,15.94,16.06,16.5,-0.44,-2.6667,75230.4,121546.629,12154.6629,121.546629,1.21546629
600750.SH,600750,江中药业,20180807,16.08,16.17,14.82,15.65,16.06,-0.41,-2.5529,96663.71,149373.191,14937.3191,149.373191,1.49373191
600750.SH,600750,江中药业,20180808,15.48,15.48,15.07,15.08,15.65,-0.57,-3.6422,60142.65,91503.67,9150.367,91.50367,0.9150367
600750.SH,600750,江中药业,20180809,15.06,15.54,15.01,15.4,15.08,0.32,2.122,44064.52,67782.925,6778.2925000000005,67.782925,0.67782925
600750.SH,600750,江中药业,20180810,15.34,15.82,15.31,15.62,15.4,0.22,1.4286,50724.33,79211.147,7921.1147,79.211147,0.7921114699999999
600750.SH,600750,江中药业,20180813,15.51,15.79,15.44,15.72,15.62,0.1,0.6402,30239.49,47326.85,4732.685,47.32684999999999,0.4732684999999999
600750.SH,600750,江中药业,20180814,15.72,16.1,15.63,15.86,15.72,0.14,0.8906,34198.4,54337.419,5433.7419,54.337419,0.54337419
600750.SH,600750,江中药业,20180815,15.9,15.9,15.39,15.43,15.86,-0.43,-2.7112,33272.63,51797.639,5179.7639,51.797639,0.51797639
600750.SH,600750,江中药业,20180816,15.4,15.4,15.05,15.11,15.43,-0.32,-2.0739,38795.11,58899.829,5889.9829,58.899829,0.5889982899999999
600750.SH,600750,江中药业,20180817,15.26,15.28,15.07,15.12,15.11,0.01,0.0662,30608.97,46385.401,4638.5401,46.385401,0.46385401
600750.SH,600750,江中药业,20180820,15.16,15.2,14.51,14.81,15.12,-0.31,-2.0503,48877.36,72319.195,7231.919500000001,72.31919500000001,0.72319195
600750.SH,600750,江中药业,20180821,14.79,15.06,14.76,15.02,14.81,0.21,1.418,24407.96,36524.373,3652.4373,36.524373,0.36524373
600750.SH,600750,江中药业,20180822,15.0,15.1,14.86,14.92,15.02,-0.1,-0.6658,18309.1,27367.691,2736.7691,27.367691,0.27367691
600750.SH,600750,江中药业,20180823,14.92,15.1,14.86,15.01,14.92,0.09,0.6032,15789.67,23690.597,2369.0597,23.690597000000004,0.23690597
600750.SH,600750,江中药业,20180824,15.01,15.1,14.86,15.01,15.01,0.0,0.0,18375.6,27542.008,2754.2008,27.542008,0.27542008
600750.SH,600750,江中药业,20180827,15.05,15.43,15.05,15.39,15.01,0.38,2.5316,28159.33,43094.231,4309.4231,43.094231,0.43094231
600750.SH,600750,江中药业,20180828,15.36,15.45,15.26,15.32,15.39,-0.07,-0.4548,17694.01,27167.016,2716.7016,27.167016,0.27167016
600750.SH,600750,江中药业,20180829,15.32,15.43,15.25,15.3,15.32,-0.02,-0.1305,13717.74,21007.525,2100.7525,21.007525,0.21007525
600750.SH,600750,江中药业,20180830,15.3,15.34,15.08,15.1,15.3,-0.2,-1.3072,15211.94,23098.026,2309.8026,23.098026,0.23098026
600750.SH,600750,江中药业,20180831,15.1,15.22,14.92,15.06,15.1,-0.04,-0.2649,17316.76,26085.577,2608.5577000000003,26.085577000000004,0.26085577
600750.SH,600750,江中药业,20180903,15.1,15.35,14.93,15.35,15.06,0.29,1.9256,20526.25,31002.907,3100.2907,31.002907,0.31002907
600750.SH,600750,江中药业,20180904,15.2,15.79,15.2,15.7,15.35,0.35,2.2801,43737.06,68155.02,6815.502,68.15502000000001,0.6815502000000001
600750.SH,600750,江中药业,20180905,15.7,15.96,15.52,15.56,15.7,-0.14,-0.8917,33224.29,52367.772,5236.7772,52.367772,0.5236777199999999
600750.SH,600750,江中药业,20180906,15.5,15.8,15.4,15.6,15.56,0.04,0.2571,19216.62,30104.059,3010.4059,30.104059000000003,0.30104059
600750.SH,600750,江中药业,20180907,15.6,15.85,15.57,15.69,15.6,0.09,0.5769,21713.18,34136.07,3413.607,34.13607,0.3413606999999999
600750.SH,600750,江中药业,20180910,15.63,15.75,15.33,15.33,15.69,-0.36,-2.2945,19091.99,29490.455,2949.0455,29.490455,0.29490455
600750.SH,600750,江中药业,20180911,15.34,15.71,15.28,15.69,15.33,0.36,2.3483,22769.58,35375.984,3537.5984,35.375983999999995,0.3537598399999999
600750.SH,600750,江中药业,20180912,15.62,15.76,15.54,15.62,15.69,-0.07,-0.4461,14451.88,22593.589,2259.3589,22.593589,0.22593589
600750.SH,600750,江中药业,20180913,15.69,15.79,15.32,15.4,15.62,-0.22,-1.4085,25758.89,39823.864,3982.3864,39.823864,0.39823864
600750.SH,600750,江中药业,20180914,15.37,15.52,14.91,15.15,15.4,-0.25,-1.6234,29171.01,44221.988,4422.1988,44.221988,0.44221988
600750.SH,600750,江中药业,20180917,15.04,15.05,14.78,14.89,15.15,-0.26,-1.7162,18828.59,28062.153,2806.2153,28.062153,0.28062153
600750.SH,600750,江中药业,20180918,14.91,15.3,14.9,15.21,14.89,0.32,2.1491,15619.62,23598.257,2359.8257000000003,23.598257000000004,0.23598257
600750.SH,600750,江中药业,20180919,15.21,15.49,15.16,15.39,15.21,0.18,1.1834,22504.2,34584.212,3458.4212,34.584212,0.34584212
600750.SH,600750,江中药业,20180920,15.36,15.47,15.15,15.22,15.39,-0.17,-1.1046,12410.43,18997.218,1899.7218,18.997218,0.18997218
600750.SH,600750,江中药业,20180921,15.25,15.49,15.22,15.45,15.22,0.23,1.5112,22485.45,34532.196,3453.2196000000004,34.532196000000006,0.34532196
600750.SH,600750,江中药业,20180925,15.31,15.52,15.31,15.5,15.45,0.05,0.3236,12221.8,18849.104,1884.9104,18.849104,0.18849104
600750.SH,600750,江中药业,20180926,15.45,15.75,15.38,15.48,15.5,-0.02,-0.129,22669.68,35245.954,3524.5954,35.245954,0.3524595399999999
600750.SH,600750,江中药业,20180927,15.48,15.73,15.43,15.59,15.48,0.11,0.7106,25072.03,39032.352,3903.2352,39.032352,0.39032352
600750.SH,600750,江中药业,20180928,15.65,15.82,15.54,15.77,15.59,0.18,1.1546,28498.05,44797.408,4479.7408000000005,44.797408,0.44797408
600750.SH,600750,江中药业,20181008,15.56,15.63,15.21,15.22,15.77,-0.55,-3.4876,28616.44,44087.37,4408.737,44.08737,0.4408737
600750.SH,600750,江中药业,20181009,15.29,15.46,15.24,15.45,15.22,0.23,1.5112,14405.46,22150.618,2215.0618,22.150618,0.2215061799999999
600750.SH,600750,江中药业,20181010,15.48,15.54,15.31,15.35,15.45,-0.1,-0.6472,13828.49,21300.036,2130.0036,21.300036,0.21300036
600750.SH,600750,江中药业,20181011,15.2,15.2,14.24,14.3,15.35,-1.05,-6.8404,56754.44,82900.035,8290.0035,82.900035,0.82900035
600750.SH,600750,江中药业,20181012,14.09,14.79,14.05,14.68,14.3,0.38,2.6573,33508.77,48673.128,4867.3128,48.673128,0.48673128
600750.SH,600750,江中药业,20181015,14.68,14.98,14.06,14.3,14.68,-0.38,-2.5886,28595.96,41466.477,4146.6477,41.466477,0.4146647699999999
600750.SH,600750,江中药业,20181016,14.33,14.52,14.05,14.1,14.3,-0.2,-1.3986,18166.81,25881.446,2588.1446,25.881446,0.25881446
600750.SH,600750,江中药业,20181017,14.34,14.44,14.08,14.44,14.1,0.34,2.4113,21264.77,30384.766,3038.4766,30.384766,0.3038476599999999
600750.SH,600750,江中药业,20181018,14.32,14.37,13.8,14.1,14.44,-0.34,-2.3546,36420.88,51191.741,5119.1741,51.191741,0.51191741
600750.SH,600750,江中药业,20181019,13.93,14.55,13.92,14.53,14.1,0.43,3.0496,31556.94,45085.432,4508.5432,45.085432,0.45085432
600750.SH,600750,江中药业,20181022,14.55,15.4,14.55,15.07,14.53,0.54,3.7164,39005.1,58884.58,5888.4580000000005,58.88458000000001,0.5888458000000001
600750.SH,600750,江中药业,20181023,15.0,15.38,14.92,15.09,15.07,0.02,0.1327,25809.1,39083.604,3908.3604,39.083604,0.39083604
600750.SH,600750,江中药业,20181024,15.01,15.2,14.88,14.92,15.09,-0.17,-1.1266,18537.4,27794.111,2779.4111000000003,27.794111,0.27794111
600750.SH,600750,江中药业,20181025,14.69,15.07,14.6,15.03,14.92,0.11,0.7373,21289.02,31479.463,3147.9463,31.479463,0.3147946299999999
600750.SH,600750,江中药业,20181026,15.15,15.19,14.84,15.04,15.03,0.01,0.0665,13608.11,20422.926,2042.2926,20.422926,0.20422926
600750.SH,600750,江中药业,20181029,15.28,15.28,14.94,15.03,15.04,-0.01,-0.0665,24649.8,37179.342,3717.9342,37.179342,0.37179342
600750.SH,600750,江中药业,20181030,15.03,15.19,14.85,15.03,15.03,0.0,0.0,15222.69,22910.968,2291.0968000000003,22.910968000000004,0.22910968
600750.SH,600750,江中药业,20181031,15.03,15.68,15.03,15.45,15.03,0.42,2.7944,28627.73,44082.248,4408.2248,44.082248,0.44082248
600750.SH,600750,江中药业,20181101,15.45,15.78,15.42,15.47,15.45,0.02,0.1294,22466.09,35034.038,3503.4038,35.034038,0.35034038
600750.SH,600750,江中药业,20181102,15.68,15.87,15.65,15.86,15.47,0.39,2.521,38223.39,60293.3,6029.33,60.2933,0.602933
600750.SH,600750,江中药业,20181105,15.75,16.0,15.66,15.85,15.86,-0.01,-0.0631,24388.59,38572.824,3857.2824,38.572824,0.3857282399999999
600750.SH,600750,江中药业,20181106,15.85,15.85,15.55,15.73,15.85,-0.12,-0.7571,17303.02,27127.382,2712.7382,27.127382,0.27127382
600750.SH,600750,江中药业,20181107,15.75,15.9,15.68,15.75,15.73,0.02,0.1271,18515.56,29277.956,2927.7956,29.277956,0.29277956
600750.SH,600750,江中药业,20181108,15.83,16.05,15.72,15.86,15.75,0.11,0.6984,30946.38,49252.94,4925.294,49.25294,0.4925293999999999
600750.SH,600750,江中药业,20181109,15.87,15.89,15.71,15.83,15.86,-0.03,-0.1892,15288.26,24167.284,2416.7284,24.167284,0.24167284
600750.SH,600750,江中药业,20181112,15.98,16.14,15.78,16.01,15.83,0.18,1.1371,25019.27,39999.748,3999.9748,39.999748,0.3999974799999999
600750.SH,600750,江中药业,20181113,15.86,16.18,15.8,16.14,16.01,0.13,0.812,31563.38,50654.25,5065.425,50.654250000000005,0.5065425
600750.SH,600750,江中药业,20181114,16.04,16.38,15.98,16.15,16.14,0.01,0.062,28426.06,46081.001,4608.1001,46.08100099999999,0.4608100099999999
600750.SH,600750,江中药业,20181115,16.19,16.29,16.03,16.25,16.15,0.1,0.6192,28710.76,46415.843,4641.5843,46.415843,0.46415843
600750.SH,600750,江中药业,20181116,16.23,16.57,16.15,16.55,16.25,0.3,1.8462,43439.28,71394.709,7139.4709,71.394709,0.71394709
600750.SH,600750,江中药业,20181119,16.49,16.55,16.06,16.25,16.55,-0.3,-1.8127,42032.66,68343.646,6834.364599999999,68.34364599999999,0.6834364599999999
600750.SH,600750,江中药业,20181120,16.15,16.24,15.87,15.89,16.25,-0.36,-2.2154,30343.47,48621.547,4862.1547,48.621547,0.48621547
600750.SH,600750,江中药业,20181121,15.78,16.07,15.78,16.0,15.89,0.11,0.6923,23986.86,38208.191,3820.8191,38.208191,0.3820819099999999
600750.SH,600750,江中药业,20181122,16.56,17.09,16.55,16.75,16.0,0.75,4.6875,96348.43,162015.787,16201.578700000002,162.01578700000002,1.62015787
600750.SH,600750,江中药业,20181123,16.88,16.88,16.32,16.44,16.75,-0.31,-1.8507,62750.16,103694.771,10369.4771,103.694771,1.03694771
600750.SH,600750,江中药业,20181126,16.79,16.9,16.48,16.76,16.44,0.32,1.9465,61585.1,102759.851,10275.9851,102.759851,1.02759851
600750.SH,600750,江中药业,20181127,16.76,16.85,16.65,16.79,16.76,0.03,0.179,34373.13,57533.528,5753.3528,57.533528,0.57533528
600750.SH,600750,江中药业,20181128,16.77,16.86,16.67,16.84,16.79,0.05,0.2978,23998.61,40267.059,4026.7059,40.267059,0.4026705899999999
600750.SH,600750,江中药业,20181129,16.94,16.99,16.67,16.69,16.84,-0.15,-0.8907,35409.88,59673.067,5967.3067,59.673067,0.59673067
600750.SH,600750,江中药业,20181130,16.71,16.86,16.69,16.84,16.69,0.15,0.8987,25162.56,42212.628,4221.2628,42.212628,0.4221262799999999
600750.SH,600750,江中药业,20181203,16.98,17.15,16.84,16.95,16.84,0.11,0.6532,44923.55,76316.54,7631.653999999999,76.31653999999999,0.7631653999999999
600750.SH,600750,江中药业,20181204,16.95,17.0,16.86,16.96,16.95,0.01,0.059,28213.94,47760.321,4776.0321,47.760321000000005,0.47760321
600750.SH,600750,江中药业,20181205,16.87,16.99,16.81,16.9,16.96,-0.06,-0.3538,31108.33,52586.115,5258.6115,52.586115,0.52586115
600750.SH,600750,江中药业,20181206,16.84,16.93,16.77,16.82,16.9,-0.08,-0.4734,33918.53,57100.912,5710.0912,57.100912,0.57100912
600750.SH,600750,江中药业,20181207,16.82,16.87,16.56,16.73,16.82,-0.09,-0.5351,39536.52,65984.738,6598.4738,65.984738,0.65984738
600750.SH,600750,江中药业,20181210,16.7,16.8,16.63,16.68,16.73,-0.05,-0.2989,18195.8,30408.33,3040.833,30.40833,0.3040833
600750.SH,600750,江中药业,20181211,16.76,16.76,16.66,16.75,16.68,0.07,0.4197,11412.2,19064.862,1906.4862,19.064862,0.19064862
600750.SH,600750,江中药业,20181212,16.78,16.86,16.72,16.82,16.75,0.07,0.4179,17673.76,29692.72,2969.272,29.69272,0.2969272
600750.SH,600750,江中药业,20181213,16.85,16.85,16.75,16.82,16.82,0.0,0.0,23113.97,38830.222,3883.0222,38.830222000000006,0.3883022200000001
600750.SH,600750,江中药业,20181214,16.78,16.84,16.73,16.77,16.82,-0.05,-0.2973,27672.91,46396.425,4639.6425,46.396425,0.46396425
600750.SH,600750,江中药业,20181217,16.76,16.81,16.6,16.71,16.77,-0.06,-0.3578,23898.6,39922.239,3992.2239,39.922239,0.39922239
600750.SH,600750,江中药业,20181218,16.71,16.75,16.56,16.63,16.71,-0.08,-0.4788,23193.14,38556.983,3855.6983,38.556983,0.38556983
600750.SH,600750,江中药业,20181219,16.62,16.67,16.56,16.6,16.63,-0.03,-0.1804,17627.02,29288.753,2928.8753,29.288753,0.29288753
600750.SH,600750,江中药业,20181220,16.57,16.64,16.4,16.51,16.6,-0.09,-0.5422,27928.75,46077.414,4607.7414,46.077414,0.46077414
600750.SH,600750,江中药业,20181221,16.49,16.54,16.4,16.51,16.51,0.0,0.0,12962.25,21352.706,2135.2706,21.352706,0.21352706
600750.SH,600750,江中药业,20181224,16.55,16.71,16.53,16.66,16.51,0.15,0.9085,23480.22,39076.956,3907.6956,39.076956,0.39076956
600750.SH,600750,江中药业,20181225,16.63,16.68,16.51,16.68,16.66,0.02,0.12,20074.39,33296.036,3329.6036,33.296036,0.33296036
600750.SH,600750,江中药业,20181226,16.67,16.75,16.63,16.7,16.68,0.02,0.1199,17244.17,28806.761,2880.6761,28.806761,0.28806761
600750.SH,600750,江中药业,20181227,16.76,16.9,16.68,16.9,16.7,0.2,1.1976,23961.59,40190.749,4019.074900000001,40.190749,0.40190749
600750.SH,600750,江中药业,20181228,16.85,16.96,16.7,16.93,16.9,0.03,0.1775,32309.8,54331.753,5433.1753,54.331753,0.5433175299999999
600750.SH,600750,江中药业,20190102,16.91,16.91,16.67,16.74,16.93,-0.19,-1.1223,25739.76,43137.545,4313.7545,43.137545,0.43137545
600750.SH,600750,江中药业,20190103,16.69,16.77,16.59,16.6,16.74,-0.14,-0.8363,18602.0,30994.425,3099.4425,30.994425,0.30994425
600750.SH,600750,江中药业,20190104,16.63,16.8,16.59,16.7,16.6,0.1,0.6024,17523.98,29285.895,2928.5895,29.285895,0.29285895
600750.SH,600750,江中药业,20190107,16.7,16.85,16.63,16.76,16.7,0.06,0.3593,24324.76,40662.828,4066.2828,40.662828,0.4066282799999999
600750.SH,600750,江中药业,20190108,16.66,16.81,16.66,16.78,16.76,0.02,0.1193,13992.89,23452.554,2345.2554,23.452554,0.23452554
600750.SH,600750,江中药业,20190109,16.76,16.84,16.67,16.76,16.78,-0.02,-0.1192,31327.63,52560.512,5256.0512,52.560512,0.5256051199999999
600750.SH,600750,江中药业,20190110,16.71,16.81,16.66,16.73,16.76,-0.03,-0.179,19232.53,32155.136,3215.5136,32.155136,0.32155136
600750.SH,600750,江中药业,20190111,16.7,16.74,16.65,16.73,16.73,0.0,0.0,18533.35,30924.486,3092.4486,30.924486,0.30924486
600750.SH,600750,江中药业,20190114,16.73,16.74,16.57,16.59,16.73,-0.14,-0.8368,14938.93,24837.808,2483.7808,24.837808,0.24837808
600750.SH,600750,江中药业,20190115,16.6,16.68,16.5,16.67,16.59,0.08,0.4822,18243.34,30273.393,3027.3393,30.273393,0.30273393
600750.SH,600750,江中药业,20190116,16.68,16.75,16.59,16.73,16.67,0.06,0.3599,14167.26,23643.667,2364.3667,23.643667,0.23643667
600750.SH,600750,江中药业,20190117,16.73,16.8,16.72,16.78,16.73,0.05,0.2989,20110.17,33701.716,3370.1716,33.701716000000005,0.33701716
600750.SH,600750,江中药业,20190118,16.83,16.84,16.72,16.79,16.78,0.01,0.0596,27440.83,46043.784,4604.3784,46.043784,0.4604378399999999
600750.SH,600750,江中药业,20190121,16.8,16.85,16.76,16.81,16.79,0.02,0.1191,33535.13,56365.547,5636.5547,56.365547,0.56365547
600750.SH,600750,江中药业,20190122,16.84,16.86,16.78,16.86,16.81,0.05,0.2974,26597.6,44740.398,4474.0398000000005,44.740398000000006,0.44740398
600750.SH,600750,江中药业,20190123,16.84,16.85,16.79,16.82,16.86,-0.04,-0.2372,14769.2,24832.196,2483.2196,24.832196,0.24832196
600750.SH,600750,江中药业,20190124,16.85,16.87,16.76,16.87,16.82,0.05,0.2973,26973.96,45351.454,4535.145399999999,45.351454,0.4535145399999999
600750.SH,600750,江中药业,20190125,16.87,16.9,16.82,16.88,16.87,0.01,0.0593,12621.26,21281.015,2128.1015,21.281015,0.2128101499999999
600750.SH,600750,江中药业,20190128,16.88,16.9,16.82,16.85,16.88,-0.03,-0.1777,12203.31,20578.172,2057.8172,20.578172,0.2057817199999999
600750.SH,600750,江中药业,20190129,16.85,16.86,16.78,16.85,16.85,0.0,0.0,17754.14,29869.145,2986.9145,29.869145,0.2986914499999999
600750.SH,600750,江中药业,20190130,16.85,16.9,16.77,16.8,16.85,-0.05,-0.2967,19644.95,33027.227,3302.7227,33.027227,0.33027227
600750.SH,600750,江中药业,20190131,16.79,16.85,16.76,16.79,16.8,-0.01,-0.0595,19960.46,33526.983,3352.6983,33.526983,0.33526983
600750.SH,600750,江中药业,20190201,17.36,17.48,17.28,17.43,16.79,0.64,3.8118,129059.21,224024.225,22402.4225,224.024225,2.24024225
600750.SH,600750,江中药业,20190211,17.38,17.47,17.38,17.45,17.43,0.02,0.1147,61853.8,107822.359,10782.2359,107.822359,1.07822359
600750.SH,600750,江中药业,20190212,17.45,17.49,17.43,17.46,17.45,0.01,0.0573,37795.71,65986.676,6598.667600000001,65.986676,0.65986676
600750.SH,600750,江中药业,20190213,17.44,17.48,17.4,17.47,17.46,0.01,0.0573,51934.29,90660.543,9066.0543,90.660543,0.90660543
600750.SH,600750,江中药业,20190214,17.45,17.47,17.41,17.42,17.47,-0.05,-0.2862,39200.61,68352.633,6835.2633000000005,68.35263300000001,0.6835263300000001
600750.SH,600750,江中药业,20190215,17.43,17.45,17.4,17.42,17.42,0.0,0.0,31331.2,54576.922,5457.6922,54.576922,0.5457692199999999
600750.SH,600750,江中药业,20190218,17.42,17.83,17.42,17.75,17.42,0.33,1.8944,162586.25,285661.252,28566.1252,285.661252,2.85661252
600750.SH,600750,江中药业,20190219,17.68,17.73,17.48,17.55,17.75,-0.2,-1.1268,55023.82,96876.703,9687.6703,96.876703,0.96876703
600750.SH,600750,江中药业,20190220,17.55,17.78,17.49,17.7,17.55,0.15,0.8547,55168.74,97037.055,9703.7055,97.037055,0.97037055
600750.SH,600750,江中药业,20190221,17.62,17.77,17.56,17.6,17.7,-0.1,-0.565,53858.11,95159.415,9515.9415,95.159415,0.95159415
600750.SH,600750,江中药业,20190222,17.58,17.71,17.54,17.71,17.6,0.11,0.625,40869.49,71967.071,7196.7071,71.96707099999999,0.7196707099999999
600750.SH,600750,江中药业,20190225,17.74,18.1,17.74,18.08,17.71,0.37,2.0892,124280.52,223110.146,22311.0146,223.110146,2.23110146
600750.SH,600750,江中药业,20190226,18.01,18.66,17.88,18.19,18.08,0.11,0.6084,97686.53,178618.138,17861.8138,178.618138,1.78618138
600750.SH,600750,江中药业,20190227,18.2,18.28,17.81,17.9,18.19,-0.29,-1.5943,60057.0,108202.669,10820.2669,108.202669,1.08202669
600750.SH,600750,江中药业,20190228,17.9,18.13,17.87,18.0,17.9,0.1,0.5587,64033.26,115238.179,11523.8179,115.238179,1.15238179
600750.SH,600750,江中药业,20190301,18.09,18.11,17.95,18.0,18.0,0.0,0.0,54380.48,97978.52,9797.852,97.97852,0.9797852
600750.SH,600750,江中药业,20190304,18.16,18.28,17.96,18.08,18.0,0.08,0.4444,129572.06,234824.084,23482.4084,234.824084,2.34824084
600750.SH,600750,江中药业,20190305,18.0,18.15,17.95,18.06,18.08,-0.02,-0.1106,80653.55,145365.822,14536.5822,145.36582199999998,1.45365822
600750.SH,600750,江中药业,20190306,18.05,18.14,17.99,18.14,18.06,0.08,0.443,92293.46,166726.002,16672.6002,166.726002,1.6672600199999998
600750.SH,600750,江中药业,20190307,18.15,18.31,18.07,18.23,18.14,0.09,0.4961,89610.62,163086.454,16308.6454,163.086454,1.63086454
600750.SH,600750,江中药业,20190308,18.15,18.15,17.85,17.9,18.23,-0.33,-1.8102,134565.11,241884.243,24188.4243,241.884243,2.41884243
600750.SH,600750,江中药业,20190311,17.9,18.04,17.89,18.02,17.9,0.12,0.6704,62691.04,112774.215,11277.4215,112.774215,1.12774215
600750.SH,600750,江中药业,20190312,18.06,18.31,17.98,18.03,18.02,0.01,0.0555,103834.39,188176.876,18817.6876,188.176876,1.88176876
600750.SH,600750,江中药业,20190313,18.03,18.15,17.94,17.97,18.03,-0.06,-0.3328,56586.44,101958.877,10195.8877,101.958877,1.01958877
600750.SH,600750,江中药业,20190314,17.95,18.08,17.91,17.98,17.97,0.01,0.0556,62501.82,112264.158,11226.4158,112.264158,1.12264158
600750.SH,600750,江中药业,20190315,18.13,18.17,18.0,18.05,17.98,0.07,0.3893,88082.58,159271.588,15927.1588,159.27158799999998,1.59271588
600750.SH,600750,江中药业,20190318,18.06,18.48,17.98,18.35,18.05,0.3,1.662,135599.41,246951.064,24695.1064,246.951064,2.46951064
600750.SH,600750,江中药业,20190319,18.32,18.42,18.21,18.28,18.35,-0.07,-0.3815,61223.23,111987.695,11198.7695,111.987695,1.11987695
600750.SH,600750,江中药业,20190320,18.28,18.39,18.11,18.23,18.28,-0.05,-0.2735,60866.88,111039.027,11103.9027,111.039027,1.11039027
600750.SH,600750,江中药业,20190321,18.21,18.69,18.17,18.69,18.23,0.46,2.5233,114485.36,211346.716,21134.6716,211.346716,2.11346716
600750.SH,600750,江中药业,20190322,18.8,18.88,18.44,18.84,18.69,0.15,0.8026,92124.19,171717.758,17171.7758,171.717758,1.71717758
600750.SH,600750,江中药业,20190325,18.59,18.84,18.41,18.44,18.84,-0.4,-2.1231,77579.77,144532.377,14453.2377,144.53237700000005,1.4453237700000003
600750.SH,600750,江中药业,20190326,18.48,18.59,18.01,18.07,18.44,-0.37,-2.0065,80906.31,147237.952,14723.7952,147.23795199999998,1.4723795199999998
600750.SH,600750,江中药业,20190327,18.11,18.29,18.07,18.15,18.07,0.08,0.4427,49350.88,89750.72,8975.072,89.75072,0.8975072000000001
600750.SH,600750,江中药业,20190328,18.22,18.22,17.89,17.94,18.15,-0.21,-1.157,68803.29,124014.697,12401.4697,124.014697,1.24014697
600750.SH,600750,江中药业,20190329,17.88,18.11,17.67,18.08,17.94,0.14,0.7804,93252.87,167206.453,16720.6453,167.206453,1.67206453
600750.SH,600750,江中药业,20190401,17.88,18.43,17.88,18.42,18.08,0.34,1.8805,122039.76,222704.66,22270.466,222.70466,2.2270466
600750.SH,600750,江中药业,20190402,18.48,18.54,18.14,18.23,18.42,-0.19,-1.0315,109854.19,201426.232,20142.6232,201.426232,2.01426232
600750.SH,600750,江中药业,20190404,18.58,19.38,18.58,19.05,18.23,0.82,4.4981,155170.1,294001.145,29400.114500000003,294.001145,2.94001145
600750.SH,600750,江中药业,20190408,19.29,19.29,18.58,18.88,19.05,-0.17,-0.8924,108368.56,205018.084,20501.8084,205.018084,2.0501808400000003
600750.SH,600750,江中药业,20190409,18.83,19.19,18.65,19.07,18.88,0.19,1.0064,77911.83,147881.35,14788.135,147.88135,1.4788135
600750.SH,600750,江中药业,20190410,19.09,20.39,18.9,19.94,19.07,0.87,4.5621,168802.1,335704.354,33570.4354,335.704354,3.3570435400000003
600750.SH,600750,江中药业,20190411,20.0,20.35,19.53,19.61,19.94,-0.33,-1.655,121020.05,240553.325,24055.3325,240.553325,2.40553325
600750.SH,600750,江中药业,20190412,19.59,19.61,18.96,19.15,19.61,-0.46,-2.3457,86405.52,165438.21,16543.821,165.43821,1.6543821
600750.SH,600750,江中药业,20190415,19.3,19.35,18.53,18.63,19.15,-0.52,-2.7154,141572.59,267806.1,26780.61,267.8061,2.678061
600750.SH,600750,江中药业,20190416,18.57,18.94,18.53,18.91,18.63,0.28,1.503,67242.32,126093.521,12609.3521,126.093521,1.26093521
600750.SH,600750,江中药业,20190417,18.91,19.04,18.65,18.79,18.91,-0.12,-0.6346,61034.49,114784.13,11478.413,114.78413,1.1478413
600750.SH,600750,江中药业,20190418,18.72,18.84,18.56,18.66,18.79,-0.13,-0.6919,49800.24,93084.745,9308.4745,93.084745,0.93084745
600750.SH,600750,江中药业,20190419,18.72,18.85,18.59,18.84,18.66,0.18,0.9646,45100.59,84488.666,8448.8666,84.488666,0.8448866599999999
600750.SH,600750,江中药业,20190422,18.85,18.87,18.54,18.57,18.84,-0.27,-1.4331,52983.43,98894.656,9889.4656,98.894656,0.98894656
600750.SH,600750,江中药业,20190423,18.55,18.64,18.21,18.24,18.57,-0.33,-1.7771,51138.63,93793.102,9379.3102,93.793102,0.93793102
600750.SH,600750,江中药业,20190424,18.3,18.4,18.03,18.3,18.24,0.06,0.3289,44118.48,80215.225,8021.522500000001,80.215225,0.80215225
600750.SH,600750,江中药业,20190425,18.1,18.32,17.93,18.0,18.3,-0.3,-1.6393,43430.29,78790.057,7879.0057,78.79005699999999,0.7879005699999999
600750.SH,600750,江中药业,20190426,17.96,17.96,17.6,17.71,18.0,-0.29,-1.6111,49547.49,87958.397,8795.8397,87.958397,0.8795839700000001
600750.SH,600750,江中药业,20190429,17.76,18.07,17.47,17.75,17.71,0.04,0.2259,47760.91,84935.36,8493.536,84.93536,0.8493536
600750.SH,600750,江中药业,20190430,17.71,18.01,17.71,17.78,17.75,0.03,0.169,36160.59,64460.001,6446.000099999999,64.46000099999999,0.6446000099999999
600750.SH,600750,江中药业,20190506,17.0,17.25,16.18,16.41,17.78,-1.37,-7.7053,76398.21,128847.309,12884.7309,128.847309,1.28847309
600750.SH,600750,江中药业,20190507,16.53,16.94,16.4,16.82,16.41,0.41,2.4985,39967.83,66776.437,6677.6437000000005,66.776437,0.66776437
600750.SH,600750,江中药业,20190508,16.5,16.84,16.46,16.58,16.82,-0.24,-1.4269,39986.36,66572.116,6657.2116,66.572116,0.6657211599999999
600750.SH,600750,江中药业,20190509,16.56,16.69,16.46,16.49,16.58,-0.09,-0.5428,30791.43,51066.613,5106.6613,51.066613,0.5106661299999999
600750.SH,600750,江中药业,20190510,16.6,16.85,16.35,16.8,16.49,0.31,1.8799,36298.12,60652.649,6065.2649,60.652649,0.60652649
600750.SH,600750,江中药业,20190513,16.74,16.75,16.44,16.52,16.8,-0.28,-1.6667,29712.52,49184.799,4918.4799,49.184799000000005,0.49184799
600750.SH,600750,江中药业,20190514,16.23,16.58,16.23,16.38,16.52,-0.14,-0.8475,20691.13,33974.287,3397.4286999999995,33.974287,0.33974287
600750.SH,600750,江中药业,20190515,16.43,16.71,16.43,16.63,16.38,0.25,1.5263,27605.1,45783.487,4578.3487000000005,45.78348700000001,0.45783487
600750.SH,600750,江中药业,20190516,16.65,16.93,16.58,16.9,16.63,0.27,1.6236,28354.6,47518.801,4751.8801,47.518801,0.47518801
600750.SH,600750,江中药业,20190517,16.87,16.94,16.42,16.52,16.9,-0.38,-2.2485,27148.67,45122.063,4512.2063,45.122063,0.4512206299999999
600750.SH,600750,江中药业,20190520,16.52,16.6,16.21,16.43,16.52,-0.09,-0.5448,24365.7,39816.419,3981.6419,39.816419,0.39816419
600750.SH,600750,江中药业,20190521,16.45,16.73,16.4,16.6,16.43,0.17,1.0347,24913.69,41371.213,4137.121300000001,41.371213,0.41371213
600750.SH,600750,江中药业,20190522,16.6,16.85,16.49,16.61,16.6,0.01,0.0602,18613.71,31011.43,3101.143,31.01143,0.3101143
600750.SH,600750,江中药业,20190523,16.53,16.61,16.27,16.36,16.61,-0.25,-1.5051,20214.6,33149.336,3314.9336000000003,33.149336000000005,0.33149336
600750.SH,600750,江中药业,20190524,16.37,16.61,16.3,16.56,16.36,0.2,1.2225,23236.42,38244.331,3824.4331,38.244331,0.38244331
600750.SH,600750,江中药业,20190527,16.55,16.73,16.46,16.69,16.56,0.13,0.785,24360.08,40585.767,4058.5767,40.585767,0.40585767
600750.SH,600750,江中药业,20190528,16.69,16.76,16.5,16.53,16.69,-0.16,-0.9587,24765.98,41308.988,4130.8988,41.308988,0.41308988
600750.SH,600750,江中药业,20190529,16.52,16.65,16.46,16.54,16.53,0.01,0.0605,17663.8,29243.49,2924.349,29.24349,0.2924349
600750.SH,600750,江中药业,20190530,16.48,16.58,16.25,16.37,16.54,-0.17,-1.0278,25892.98,42301.724,4230.1724,42.30172400000001,0.42301724
600750.SH,600750,江中药业,20190531,16.3,16.47,16.3,16.36,16.37,-0.01,-0.0611,15524.57,25419.66,2541.966,25.41966,0.2541966
600750.SH,600750,江中药业,20190603,16.4,16.49,16.22,16.39,16.36,0.03,0.1834,16577.13,27122.627,2712.2627,27.122627,0.27122627
600750.SH,600750,江中药业,20190604,16.47,16.52,16.35,16.38,16.39,-0.01,-0.061,24966.52,41061.838,4106.183800000001,41.06183800000001,0.41061838
600750.SH,600750,江中药业,20190605,16.39,16.5,16.24,16.26,16.38,-0.12,-0.7326,24686.35,40299.015,4029.9015,40.299015,0.40299015
600750.SH,600750,江中药业,20190606,16.21,16.3,15.65,15.7,16.26,-0.56,-3.444,43563.67,68959.321,6895.9321,68.959321,0.6895932100000001
600750.SH,600750,江中药业,20190610,15.7,15.84,15.55,15.69,15.7,-0.01,-0.0637,23414.76,36748.823,3674.8823,36.748823,0.3674882299999999
600750.SH,600750,江中药业,20190611,15.64,16.27,15.64,16.25,15.69,0.56,3.5692,38181.94,61165.055,6116.5055,61.165055,0.61165055
600750.SH,600750,江中药业,20190612,12.77,12.83,12.62,12.8,12.72,0.08,0.6289,25200.16,32095.362,3209.5362,32.095362,0.32095362
600750.SH,600750,江中药业,20190613,12.79,12.79,12.55,12.64,12.8,-0.16,-1.25,21086.71,26649.917,2664.9917,26.649917,0.26649917
600750.SH,600750,江中药业,20190614,12.64,12.73,12.56,12.56,12.64,-0.08,-0.6329,19072.83,24079.055,2407.9055,24.079055,0.2407905499999999
600750.SH,600750,江中药业,20190617,12.57,12.75,12.57,12.71,12.56,0.15,1.1943,16939.15,21492.549,2149.2549,21.492549,0.21492549
600750.SH,600750,江中药业,20190618,12.63,12.77,12.4,12.49,12.71,-0.22,-1.7309,28436.71,35659.763,3565.9763,35.659763,0.35659763
600750.SH,600750,江中药业,20190619,12.67,12.77,12.59,12.68,12.49,0.19,1.5212,33256.01,42218.313,4221.8313,42.218313,0.4221831299999999
600750.SH,600750,江中药业,20190620,12.7,13.0,12.68,12.95,12.68,0.27,2.1293,53690.8,69295.38,6929.5380000000005,69.29538000000001,0.6929538000000001
600750.SH,600750,江中药业,20190621,12.95,13.3,12.95,13.09,12.95,0.14,1.0811,42501.81,55885.64,5588.564,55.88564,0.5588564
600750.SH,600750,江中药业,20190624,13.2,13.22,13.05,13.18,13.09,0.09,0.6875,24598.33,32288.039,3228.8039,32.288039,0.3228803899999999
600750.SH,600750,江中药业,20190625,13.15,13.18,12.91,13.08,13.18,-0.1,-0.7587,27389.87,35709.847,3570.9847,35.709847,0.3570984699999999
600750.SH,600750,江中药业,20190626,13.03,13.16,13.02,13.1,13.08,0.02,0.1529,34954.64,45765.962,4576.5962,45.765962,0.45765962
600750.SH,600750,江中药业,20190627,13.13,13.24,13.04,13.09,13.1,-0.01,-0.0763,37334.25,49039.078,4903.9078,49.039078,0.4903907799999999
600750.SH,600750,江中药业,20190628,13.15,13.17,12.93,13.01,13.09,-0.08,-0.6112,22072.27,28735.368,2873.5368,28.735368,0.28735368
600750.SH,600750,江中药业,20190701,13.15,13.32,13.08,13.27,13.01,0.26,1.9985,36955.5,48845.02,4884.502,48.84502,0.4884502
600750.SH,600750,江中药业,20190702,13.22,13.37,13.18,13.28,13.27,0.01,0.0754,37058.14,49157.922,4915.7922,49.157922,0.49157922
600750.SH,600750,江中药业,20190703,13.28,13.3,13.04,13.15,13.28,-0.13,-0.9789,32368.7,42587.819,4258.7819,42.587819,0.4258781899999999
600750.SH,600750,江中药业,20190704,13.16,13.23,13.1,13.15,13.15,0.0,0.0,25076.01,33034.087,3303.4087,33.034087,0.33034087
600750.SH,600750,江中药业,20190705,13.19,13.51,13.1,13.41,13.15,0.26,1.9772,44358.34,59206.887,5920.688700000001,59.20688700000001,0.5920688700000001
600750.SH,600750,江中药业,20190708,13.31,13.4,12.93,12.98,13.41,-0.43,-3.2066,44060.59,57540.891,5754.0891,57.540891,0.57540891
600750.SH,600750,江中药业,20190709,13.0,13.04,12.73,12.87,12.98,-0.11,-0.8475,31430.78,40472.693,4047.2693,40.472693,0.40472693
600750.SH,600750,江中药业,20190710,12.87,12.97,12.82,12.82,12.87,-0.05,-0.3885,16533.72,21296.623,2129.6623,21.296623,0.21296623
600750.SH,600750,江中药业,20190711,12.86,13.01,12.78,12.83,12.82,0.01,0.078,20698.63,26651.946,2665.1946,26.651946,0.26651946
600750.SH,600750,江中药业,20190712,12.82,13.0,12.82,12.96,12.83,0.13,1.0133,19138.13,24753.157,2475.3157,24.753157,0.24753157
600750.SH,600750,江中药业,20190715,12.93,13.16,12.55,12.95,12.96,-0.01,-0.0772,46935.89,60315.474,6031.5474,60.315474,0.60315474
600750.SH,600750,江中药业,20190716,12.9,12.91,12.67,12.72,12.95,-0.23,-1.7761,37570.13,47863.491,4786.3491,47.863491,0.47863491
600750.SH,600750,江中药业,20190717,12.7,12.72,12.6,12.61,12.72,-0.11,-0.8648,25543.7,32306.458,3230.6458,32.306458,0.32306458
600750.SH,600750,江中药业,20190718,12.61,12.61,12.35,12.39,12.61,-0.22,-1.7446,26116.59,32507.468,3250.7468,32.507468,0.3250746799999999
600750.SH,600750,江中药业,20190719,12.41,12.52,12.28,12.3,12.39,-0.09,-0.7264,25581.95,31658.747,3165.8747,31.658747,0.31658747
600750.SH,600750,江中药业,20190722,12.31,12.31,12.03,12.08,12.3,-0.22,-1.7886,24713.88,29963.864,2996.3864000000003,29.963864000000004,0.29963864
600750.SH,600750,江中药业,20190723,12.19,12.2,12.08,12.17,12.08,0.09,0.745,12662.0,15360.677,1536.0677,15.360677,0.15360677
600750.SH,600750,江中药业,20190724,12.18,12.34,12.18,12.29,12.17,0.12,0.986,22400.99,27511.062,2751.1062,27.511062000000003,0.27511062
600750.SH,600750,江中药业,20190725,12.33,12.33,12.19,12.24,12.29,-0.05,-0.4068,18948.42,23211.075,2321.1075,23.211075,0.23211075
600750.SH,600750,江中药业,20190726,12.25,12.26,12.13,12.19,12.24,-0.05,-0.4085,18467.75,22505.441,2250.5441,22.505441,0.22505441
600750.SH,600750,江中药业,20190729,12.19,12.22,12.12,12.2,12.19,0.01,0.082,12871.41,15651.054,1565.1054,15.651053999999998,0.1565105399999999
600750.SH,600750,江中药业,20190730,12.21,12.32,12.19,12.26,12.2,0.06,0.4918,17727.25,21728.623,2172.8623,21.728623,0.21728623
600750.SH,600750,江中药业,20190731,12.28,12.32,12.17,12.29,12.26,0.03,0.2447,14986.15,18357.315,1835.7315,18.357315,0.18357315
600750.SH,600750,江中药业,20190801,12.26,12.31,12.21,12.22,12.29,-0.07,-0.5696,13446.14,16477.25,1647.725,16.477249999999998,0.1647725
600750.SH,600750,江中药业,20190802,12.05,12.12,11.98,12.08,12.22,-0.14,-1.1457,17412.96,20998.067,2099.8067,20.998067,0.20998067
600750.SH,600750,江中药业,20190805,12.01,12.05,11.86,11.88,12.08,-0.2,-1.6556,27081.26,32327.687,3232.7687,32.327687,0.32327687
600750.SH,600750,江中药业,20190806,11.78,11.78,11.3,11.39,11.88,-0.49,-4.1246,40732.03,46857.449,4685.7449,46.857449,0.4685744899999999
600750.SH,600750,江中药业,20190807,11.45,11.59,11.36,11.42,11.39,0.03,0.2634,19167.5,21951.019,2195.1019,21.951019,0.21951019
600750.SH,600750,江中药业,20190808,11.42,11.65,11.42,11.56,11.42,0.14,1.2259,19738.78,22840.667,2284.0667000000003,22.840667000000003,0.22840667
600750.SH,600750,江中药业,20190809,11.64,11.66,11.44,11.49,11.56,-0.07,-0.6055,14449.22,16668.565,1666.8565,16.668564999999997,0.1666856499999999
600750.SH,600750,江中药业,20190812,11.5,11.8,11.49,11.72,11.49,0.23,2.0017,24416.62,28420.557,2842.0557,28.420557,0.2842055699999999
600750.SH,600750,江中药业,20190813,11.67,11.79,11.61,11.68,11.72,-0.04,-0.3413,12344.12,14407.739,1440.7739,14.407739,0.14407739
600750.SH,600750,江中药业,20190814,11.8,11.94,11.75,11.86,11.68,0.18,1.5411,22131.0,26238.701,2623.8701,26.238701,0.26238701
600750.SH,600750,江中药业,20190815,11.7,12.17,11.61,12.15,11.86,0.29,2.4452,35528.77,42566.409,4256.6409,42.566409,0.42566409
600750.SH,600750,江中药业,20190816,12.15,12.43,12.07,12.26,12.15,0.11,0.9053,35642.17,43779.243,4377.924300000001,43.77924300000001,0.43779243
600750.SH,600750,江中药业,20190819,12.35,12.67,12.32,12.6,12.26,0.34,2.7732,42404.9,53151.388,5315.1388,53.151388,0.53151388
600750.SH,600750,江中药业,20190820,12.75,12.75,12.53,12.59,12.6,-0.01,-0.0794,28824.94,36333.596,3633.3596,36.333596,0.36333596
600750.SH,600750,江中药业,20190821,12.56,12.91,12.56,12.8,12.59,0.21,1.668,47325.11,60321.32,6032.132,60.32131999999999,0.6032131999999999
600750.SH,600750,江中药业,20190822,12.83,12.86,12.67,12.72,12.8,-0.08,-0.625,34900.92,44555.327,4455.5327,44.555327,0.44555327
600750.SH,600750,江中药业,20190823,12.99,13.05,12.78,12.87,12.72,0.15,1.1792,49960.55,64448.649,6444.8649,64.44864899999999,0.6444864899999999
600750.SH,600750,江中药业,20190826,12.63,13.22,12.63,13.05,12.87,0.18,1.3986,65528.18,85421.753,8542.175299999999,85.421753,0.85421753
600750.SH,600750,江中药业,20190827,13.08,13.25,12.94,13.05,13.05,0.0,0.0,50669.34,66397.912,6639.7912,66.39791199999999,0.6639791199999999
600750.SH,600750,江中药业,20190828,12.92,13.08,12.85,12.89,13.05,-0.16,-1.2261,39270.76,50771.803,5077.1803,50.771803,0.5077180299999999
600750.SH,600750,江中药业,20190829,12.89,13.0,12.85,12.86,12.89,-0.03,-0.2327,30190.18,38961.528,3896.1528,38.961528,0.38961528
600750.SH,600750,江中药业,20190830,12.86,13.0,12.66,12.68,12.86,-0.18,-1.3997,33313.27,42656.499,4265.6499,42.656499,0.42656499
600750.SH,600750,江中药业,20190902,12.68,13.16,12.68,13.08,12.68,0.4,3.1546,41551.43,54045.92,5404.592,54.04592,0.5404591999999999
600750.SH,600750,江中药业,20190903,13.14,13.15,12.92,12.97,13.08,-0.11,-0.841,33554.62,43637.122,4363.7122,43.637122,0.43637122
600750.SH,600750,江中药业,20190904,13.06,13.1,12.92,12.97,12.97,0.0,0.0,36533.89,47462.579,4746.2579,47.462579,0.47462579
600750.SH,600750,江中药业,20190905,13.08,13.25,13.05,13.09,12.97,0.12,0.9252,51238.49,67436.593,6743.659299999999,67.43659299999999,0.6743659299999999
600750.SH,600750,江中药业,20190906,13.16,13.16,13.02,13.14,13.09,0.05,0.382,25478.05,33347.565,3334.7565000000004,33.347565,0.33347565
600750.SH,600750,江中药业,20190909,13.21,13.24,13.07,13.15,13.14,0.01,0.0761,28571.16,37490.15,3749.015,37.49015,0.3749015
600750.SH,600750,江中药业,20190910,13.22,13.31,13.08,13.31,13.15,0.16,1.2167,49549.05,65535.359,6553.5359,65.535359,0.65535359
600750.SH,600750,江中药业,20190911,13.31,13.4,13.12,13.16,13.31,-0.15,-1.127,39174.83,51852.501,5185.250099999999,51.85250099999999,0.5185250099999998
600750.SH,600750,江中药业,20190912,13.18,13.23,13.05,13.14,13.16,-0.02,-0.152,23165.93,30439.865,3043.9865,30.439865,0.30439865
600750.SH,600750,江中药业,20190916,13.26,13.26,13.09,13.11,13.14,-0.03,-0.2283,29181.0,38342.979,3834.2979,38.342979,0.38342979
600750.SH,600750,江中药业,20190917,13.07,13.11,12.82,12.83,13.11,-0.28,-2.1358,30703.45,39604.594,3960.4594,39.604594,0.39604594
600750.SH,600750,江中药业,20190918,12.85,12.95,12.73,12.78,12.83,-0.05,-0.3897,22809.74,29226.134,2922.6134,29.226134,0.29226134
600750.SH,600750,江中药业,20190919,12.84,12.92,12.75,12.92,12.78,0.14,1.0955,21351.9,27406.018,2740.6018,27.406018,0.27406018
600750.SH,600750,江中药业,20190920,12.92,12.95,12.77,12.8,12.92,-0.12,-0.9288,15574.01,19994.989,1999.4989,19.994989,0.19994989
600750.SH,600750,江中药业,20190923,12.84,12.9,12.63,12.8,12.8,0.0,0.0,28777.14,36766.24,3676.624,36.76624,0.3676623999999999
600750.SH,600750,江中药业,20190924,12.8,12.94,12.74,12.78,12.8,-0.02,-0.1563,21878.0,28129.988,2812.9988000000003,28.129988000000004,0.28129988
600750.SH,600750,江中药业,20190925,12.7,12.7,12.4,12.45,12.78,-0.33,-2.5822,31460.48,39507.912,3950.7912,39.507912,0.3950791199999999
600750.SH,600750,江中药业,20190926,12.45,12.65,12.37,12.39,12.45,-0.06,-0.4819,32368.88,40488.733,4048.8733,40.488733,0.40488733
600750.SH,600750,江中药业,20190927,12.4,12.5,12.09,12.18,12.39,-0.21,-1.6949,40562.5,49544.115,4954.4115,49.544115000000005,0.49544115
600750.SH,600750,江中药业,20190930,12.18,12.37,12.12,12.3,12.18,0.12,0.9852,32210.16,39543.298,3954.3298,39.54329800000001,0.39543298
600750.SH,600750,江中药业,20191008,12.3,12.48,12.21,12.26,12.3,-0.04,-0.3252,26099.91,32166.216,3216.6216,32.166216,0.32166216
600750.SH,600750,江中药业,20191009,12.29,12.66,12.11,12.58,12.26,0.32,2.6101,34109.48,42202.463,4220.246300000001,42.20246300000001,0.42202463
600750.SH,600750,江中药业,20191010,12.54,12.78,12.48,12.75,12.58,0.17,1.3514,26687.28,33786.419,3378.6419,33.786419,0.33786419
600750.SH,600750,江中药业,20191011,12.76,12.87,12.71,12.85,12.75,0.1,0.7843,22717.93,29082.166,2908.2166,29.082166,0.29082166
600750.SH,600750,江中药业,20191014,12.95,12.97,12.8,12.89,12.85,0.04,0.3113,28685.31,36980.27,3698.027,36.98027,0.3698027
600750.SH,600750,江中药业,20191015,12.89,12.98,12.69,12.86,12.89,-0.03,-0.2327,34984.64,44888.788,4488.8788,44.888788000000005,0.4488878800000001
600750.SH,600750,江中药业,20191016,12.86,12.97,12.78,12.79,12.86,-0.07,-0.5443,32882.36,42310.152,4231.0152,42.310152,0.4231015199999999
600750.SH,600750,江中药业,20191017,12.79,13.05,12.78,12.9,12.79,0.11,0.86,31402.28,40571.265,4057.1265,40.571265,0.4057126499999999
600750.SH,600750,江中药业,20191018,12.92,13.0,12.78,12.8,12.9,-0.1,-0.7752,24792.37,31866.058,3186.6058000000003,31.866058,0.31866058
600750.SH,600750,江中药业,20191021,12.81,12.89,12.68,12.89,12.8,0.09,0.7031,23931.14,30627.535,3062.7535,30.627535,0.30627535
600750.SH,600750,江中药业,20191022,12.9,12.95,12.8,12.93,12.89,0.04,0.3103,19627.54,25280.858,2528.0858,25.280858,0.25280858
600750.SH,600750,江中药业,20191023,12.92,13.13,12.73,12.79,12.93,-0.14,-1.0828,29560.14,38225.204,3822.5204,38.225204,0.3822520399999999
600750.SH,600750,江中药业,20191024,12.79,12.82,12.38,12.52,12.79,-0.27,-2.111,38052.49,47620.694,4762.0694,47.620694,0.47620694
600750.SH,600750,江中药业,20191025,12.54,13.18,12.44,13.06,12.52,0.54,4.3131,102949.81,133549.247,13354.9247,133.549247,1.3354924700000002
600750.SH,600750,江中药业,20191028,13.27,13.48,13.08,13.43,13.06,0.37,2.8331,133427.02,178114.26,17811.426,178.11426,1.7811426
600750.SH,600750,江中药业,20191029,13.49,13.77,13.38,13.59,13.43,0.16,1.1914,124931.48,169914.944,16991.4944,169.914944,1.69914944
600750.SH,600750,江中药业,20191030,13.51,13.74,13.36,13.53,13.59,-0.06,-0.4415,86512.57,117248.525,11724.8525,117.248525,1.1724852499999998
600750.SH,600750,江中药业,20191031,13.51,13.85,13.46,13.62,13.53,0.09,0.6652,94046.09,128182.377,12818.2377,128.182377,1.28182377
600750.SH,600750,江中药业,20191101,13.58,13.71,13.36,13.6,13.62,-0.02,-0.1468,84140.02,113732.59,11373.259,113.73259,1.1373259
600750.SH,600750,江中药业,20191104,13.65,13.79,13.42,13.6,13.6,0.0,0.0,98603.58,133678.134,13367.8134,133.678134,1.33678134
600750.SH,600750,江中药业,20191105,13.6,13.72,13.42,13.67,13.6,0.07,0.5147,90037.07,122134.048,12213.4048,122.134048,1.22134048
600750.SH,600750,江中药业,20191106,13.58,14.06,13.51,13.93,13.67,0.26,1.902,165643.91,229222.856,22922.2856,229.222856,2.29222856
600750.SH,600750,江中药业,20191107,13.84,13.92,13.68,13.78,13.93,-0.15,-1.0768,95731.44,132045.736,13204.5736,132.045736,1.32045736
600750.SH,600750,江中药业,20191108,13.82,13.85,13.25,13.26,13.78,-0.52,-3.7736,137317.29,185250.98,18525.098,185.25098000000003,1.8525098
600750.SH,600750,江中药业,20191111,13.26,13.28,12.75,12.75,13.26,-0.51,-3.8462,86079.45,111403.208,11140.3208,111.403208,1.11403208
600750.SH,600750,江中药业,20191112,12.76,12.81,12.32,12.51,12.75,-0.24,-1.8824,76764.34,95805.431,9580.5431,95.80543099999998,0.95805431
600750.SH,600750,江中药业,20191113,12.5,12.5,12.27,12.31,12.51,-0.2,-1.5987,58698.28,72511.496,7251.1496,72.511496,0.72511496
600750.SH,600750,江中药业,20191114,12.24,12.5,12.23,12.42,12.31,0.11,0.8936,51170.45,63506.178,6350.6178,63.506178,0.63506178
600750.SH,600750,江中药业,20191115,12.42,12.53,12.22,12.22,12.42,-0.2,-1.6103,47505.82,58931.173,5893.1173,58.931173,0.58931173
600750.SH,600750,江中药业,20191118,12.23,12.58,12.18,12.43,12.22,0.21,1.7185,40571.25,50257.093,5025.7093,50.257093000000005,0.5025709300000001
600750.SH,600750,江中药业,20191119,12.42,12.57,12.38,12.48,12.43,0.05,0.4023,43226.5,53862.725,5386.2725,53.862725,0.53862725
600750.SH,600750,江中药业,20191120,12.5,12.63,12.41,12.46,12.48,-0.02,-0.1603,33727.23,42079.753,4207.9753,42.079753,0.42079753
600750.SH,600750,江中药业,20191121,12.43,12.44,12.25,12.38,12.46,-0.08,-0.6421,25057.26,30939.461,3093.9461,30.939461,0.30939461
600750.SH,600750,江中药业,20191122,12.37,12.46,11.98,12.03,12.38,-0.35,-2.8271,67859.13,82445.368,8244.5368,82.445368,0.82445368
600750.SH,600750,江中药业,20191125,12.07,12.35,11.98,12.28,12.03,0.25,2.0781,47102.3,57431.851,5743.185100000001,57.43185100000001,0.5743185100000001
600750.SH,600750,江中药业,20191126,12.21,12.35,12.1,12.27,12.28,-0.01,-0.0814,22701.94,27757.464,2775.7464,27.757464,0.27757464
600750.SH,600750,江中药业,20191127,12.28,12.3,12.08,12.18,12.27,-0.09,-0.7335,22820.19,27839.55,2783.955,27.83955,0.2783955
600750.SH,600750,江中药业,20191128,12.18,12.31,12.17,12.22,12.18,0.04,0.3284,21890.02,26768.162,2676.8162,26.768162000000004,0.26768162
600750.SH,600750,江中药业,20191129,12.2,12.25,12.12,12.19,12.22,-0.03,-0.2455,22733.75,27668.403,2766.8403,27.668403,0.2766840299999999
600750.SH,600750,江中药业,20191202,12.19,12.25,11.97,12.02,12.19,-0.17,-1.3946,40737.61,49299.065,4929.9065,49.299065,0.49299065
600750.SH,600750,江中药业,20191203,11.98,11.98,11.73,11.93,12.02,-0.09,-0.7488,41449.64,49103.879,4910.3879,49.103879,0.49103879
600750.SH,600750,江中药业,20191204,11.88,11.95,11.74,11.8,11.93,-0.13,-1.0897,42883.57,50728.219,5072.8219,50.728219,0.50728219
600750.SH,600750,江中药业,20191205,11.83,11.95,11.8,11.95,11.8,0.15,1.2712,33218.02,39465.163,3946.5163,39.465163,0.39465163
600750.SH,600750,江中药业,20191206,11.94,11.97,11.88,11.97,11.95,0.02,0.1674,30720.57,36603.886,3660.3886,36.603886,0.3660388599999999
600750.SH,600750,江中药业,20191209,12.0,12.13,11.99,12.1,11.97,0.13,1.086,37676.5,45460.397,4546.039699999999,45.46039699999999,0.4546039699999999
600750.SH,600750,江中药业,20191210,12.1,12.1,12.0,12.04,12.1,-0.06,-0.4959,32946.57,39664.042,3966.4042,39.664042,0.39664042
600750.SH,600750,江中药业,20191211,12.04,12.07,11.91,12.0,12.04,-0.04,-0.3322,35336.5,42292.268,4229.2268,42.29226799999999,0.4229226799999999
600750.SH,600750,江中药业,20191212,12.0,12.0,11.82,11.85,12.0,-0.15,-1.25,49972.89,59335.926,5933.5926,59.335926,0.59335926
600750.SH,600750,江中药业,20191213,11.91,12.04,11.86,12.04,11.85,0.19,1.6034,68376.61,81581.48,8158.147999999999,81.58148,0.8158148
600750.SH,600750,江中药业,20191216,12.09,12.12,11.92,12.09,12.04,0.05,0.4153,69231.96,83308.008,8330.8008,83.30800800000002,0.8330800800000001
600750.SH,600750,江中药业,20191217,12.08,12.34,12.07,12.3,12.09,0.21,1.737,87366.48,107015.404,10701.5404,107.015404,1.07015404
600750.SH,600750,江中药业,20191218,12.3,12.31,12.21,12.24,12.3,-0.06,-0.4878,51019.89,62503.361,6250.3361,62.503361,0.62503361
600750.SH,600750,江中药业,20191219,12.25,12.37,12.18,12.31,12.24,0.07,0.5719,55337.57,68043.162,6804.316199999999,68.043162,0.6804316199999999
600750.SH,600750,江中药业,20191220,12.32,12.46,12.24,12.25,12.31,-0.06,-0.4874,56265.52,69362.23,6936.223,69.36223,0.6936222999999999
600750.SH,600750,江中药业,20191223,12.28,12.31,12.01,12.03,12.25,-0.22,-1.7959,56035.77,68196.688,6819.6688,68.196688,0.6819668799999999
600750.SH,600750,江中药业,20191224,12.03,12.12,12.02,12.1,12.03,0.07,0.5819,29942.59,36198.754,3619.8754,36.198754,0.36198754
600750.SH,600750,江中药业,20191225,12.12,12.14,12.01,12.1,12.1,0.0,0.0,31458.52,37971.973,3797.1973,37.971973,0.37971973
600750.SH,600750,江中药业,20191226,12.1,12.35,12.03,12.33,12.1,0.23,1.9008,62569.79,76609.021,7660.902099999999,76.609021,0.76609021
600750.SH,600750,江中药业,20191227,12.34,12.42,12.18,12.2,12.33,-0.13,-1.0543,44861.9,55103.743,5510.3743,55.103743,0.55103743
600750.SH,600750,江中药业,20191230,12.18,12.33,12.13,12.33,12.2,0.13,1.0656,44874.1,54977.861,5497.786099999999,54.97786099999999,0.54977861
600750.SH,600750,江中药业,20191231,12.3,12.59,12.26,12.53,12.33,0.2,1.6221,78392.84,97737.763,9773.7763,97.73776300000002,0.97737763
600750.SH,600750,江中药业,20200102,12.53,12.66,12.45,12.58,12.53,0.05,0.399,81477.74,102279.466,10227.9466,102.279466,1.02279466
600750.SH,600750,江中药业,20200103,12.62,12.73,12.55,12.66,12.58,0.08,0.6359,54412.68,68849.253,6884.9253,68.849253,0.68849253
600750.SH,600750,江中药业,20200106,12.59,12.73,12.55,12.63,12.66,-0.03,-0.237,63565.5,80423.999,8042.399899999999,80.423999,0.8042399899999999
600750.SH,600750,江中药业,20200107,12.66,12.75,12.62,12.75,12.63,0.12,0.9501,51890.97,65829.414,6582.941400000001,65.829414,0.65829414
600750.SH,600750,江中药业,20200108,12.66,12.66,12.5,12.51,12.75,-0.24,-1.8824,54779.13,68903.64,6890.364,68.90364,0.6890364
600750.SH,600750,江中药业,20200109,12.57,12.73,12.55,12.72,12.51,0.21,1.6787,50475.44,63927.089,6392.7089,63.927089,0.6392708899999999
600750.SH,600750,江中药业,20200110,12.73,12.75,12.63,12.72,12.72,0.0,0.0,35005.15,44475.377,4447.5377,44.475377,0.44475377
600750.SH,600750,江中药业,20200113,12.72,12.85,12.62,12.84,12.72,0.12,0.9434,45161.53,57566.378,5756.6378,57.56637799999999,0.57566378
600750.SH,600750,江中药业,20200114,12.85,12.88,12.74,12.76,12.84,-0.08,-0.6231,51638.16,66048.194,6604.8194,66.04819400000001,0.66048194
600750.SH,600750,江中药业,20200115,12.79,12.8,12.65,12.75,12.76,-0.01,-0.0784,36065.77,45848.133,4584.8133,45.848133,0.4584813299999999
600750.SH,600750,江中药业,20200116,12.71,12.76,12.57,12.59,12.75,-0.16,-1.2549,33567.84,42442.043,4244.204299999999,42.44204299999999,0.4244204299999999
600750.SH,600750,江中药业,20200117,12.6,12.78,12.52,12.62,12.59,0.03,0.2383,38431.71,48630.531,4863.0531,48.630531,0.48630531
600750.SH,600750,江中药业,20200120,12.65,12.9,12.64,12.9,12.62,0.28,2.2187,86751.82,111125.323,11112.5323,111.125323,1.11125323
600750.SH,600750,江中药业,20200121,12.95,13.99,12.95,13.69,12.9,0.79,6.124,285738.67,383602.152,38360.2152,383.602152,3.83602152
600750.SH,600750,江中药业,20200122,13.7,13.71,13.12,13.17,13.69,-0.52,-3.7984,140688.46,186860.79,18686.079,186.86079,1.8686079
600750.SH,600750,江中药业,20200123,13.2,13.54,12.72,12.88,13.17,-0.29,-2.202,120039.32,157892.2,15789.22,157.8922,1.578922
600750.SH,600750,江中药业,20200203,12.0,13.6,12.0,13.16,12.88,0.28,2.1739,265364.25,345140.63,34514.063,345.14063000000004,3.4514063000000004
600750.SH,600750,江中药业,20200204,13.27,13.44,12.73,13.24,13.16,0.08,0.6079,181734.14,237929.399,23792.9399,237.929399,2.3792939900000003
600750.SH,600750,江中药业,20200205,13.28,13.9,13.1,13.83,13.24,0.59,4.4562,270197.84,363399.56,36339.956,363.39956,3.6339956
600750.SH,600750,江中药业,20200206,13.8,14.38,13.57,13.9,13.83,0.07,0.5061,302499.94,424461.836,42446.1836,424.46183600000006,4.2446183600000005
600750.SH,600750,江中药业,20200207,13.85,14.03,13.28,13.42,13.9,-0.48,-3.4532,201363.33,273869.107,27386.9107,273.869107,2.73869107
600750.SH,600750,江中药业,20200210,13.34,13.34,13.05,13.21,13.42,-0.21,-1.5648,113655.79,149276.821,14927.6821,149.276821,1.4927682100000002
600750.SH,600750,江中药业,20200211,13.16,13.55,13.08,13.55,13.21,0.34,2.5738,97518.17,129987.75,12998.775,129.98775,1.2998775
600750.SH,600750,江中药业,20200212,13.56,13.64,13.23,13.35,13.55,-0.2,-1.476,89228.26,119484.489,11948.4489,119.484489,1.19484489
600750.SH,600750,江中药业,20200213,13.35,13.35,12.88,12.91,13.35,-0.44,-3.2959,101922.51,132822.915,13282.2915,132.82291500000002,1.3282291500000003
600750.SH,600750,江中药业,20200214,12.89,13.05,12.77,12.79,12.91,-0.12,-0.9295,68933.15,88728.527,8872.8527,88.728527,0.88728527
600750.SH,600750,江中药业,20200217,12.8,13.08,12.79,13.07,12.79,0.28,2.1892,85465.42,110861.749,11086.1749,110.861749,1.10861749
600750.SH,600750,江中药业,20200218,13.18,13.58,13.09,13.48,13.07,0.41,3.137,143797.15,192157.868,19215.7868,192.157868,1.92157868
600750.SH,600750,江中药业,20200219,13.45,13.47,12.97,13.0,13.48,-0.48,-3.5608,104335.79,137005.533,13700.5533,137.005533,1.3700553299999998
600750.SH,600750,江中药业,20200220,13.0,13.1,12.85,13.1,13.0,0.1,0.7692,77644.65,100933.154,10093.3154,100.933154,1.00933154
600750.SH,600750,江中药业,20200221,13.03,13.19,12.99,13.13,13.1,0.03,0.229,74100.53,96834.457,9683.4457,96.834457,0.96834457
600750.SH,600750,江中药业,20200224,13.1,13.32,13.1,13.28,13.13,0.15,1.1424,101613.58,134398.951,13439.8951,134.398951,1.34398951
600750.SH,600750,江中药业,20200225,12.95,13.4,12.95,13.19,13.28,-0.09,-0.6777,110511.55,145459.65,14545.965,145.45965,1.4545965
600750.SH,600750,江中药业,20200226,13.1,13.1,12.88,12.91,13.19,-0.28,-2.1228,94558.78,122887.242,12288.7242,122.887242,1.22887242
600750.SH,600750,江中药业,20200227,12.96,13.01,12.8,12.91,12.91,0.0,0.0,48695.55,62755.299,6275.5299,62.755299,0.62755299
600750.SH,600750,江中药业,20200228,12.71,12.87,12.38,12.4,12.91,-0.51,-3.9504,75914.87,95663.319,9566.3319,95.66331900000002,0.95663319
600750.SH,600750,江中药业,20200302,12.41,12.68,12.41,12.66,12.4,0.26,2.0968,45354.89,57078.678,5707.8678,57.078678,0.5707867799999999
600750.SH,600750,江中药业,20200303,12.72,12.89,12.66,12.72,12.66,0.06,0.4739,66031.59,84295.832,8429.5832,84.29583199999999,0.8429583199999999
600750.SH,600750,江中药业,20200304,12.66,12.66,12.5,12.64,12.72,-0.08,-0.6289,47120.45,59318.36,5931.836,59.318360000000006,0.5931836
600750.SH,600750,江中药业,20200305,12.72,12.88,12.68,12.88,12.64,0.24,1.8987,82916.11,105970.539,10597.0539,105.970539,1.05970539
600750.SH,600750,江中药业,20200306,12.78,13.05,12.72,12.92,12.88,0.04,0.3106,67135.09,86897.513,8689.7513,86.897513,0.86897513
600750.SH,600750,江中药业,20200309,12.81,13.06,12.72,12.87,12.92,-0.05,-0.387,80890.65,104162.927,10416.2927,104.162927,1.04162927
600750.SH,600750,江中药业,20200310,12.75,12.96,12.39,12.7,12.87,-0.17,-1.3209,80978.83,102354.599,10235.4599,102.354599,1.02354599
600750.SH,600750,江中药业,20200311,12.79,12.83,12.62,12.62,12.7,-0.08,-0.6299,44363.9,56371.421,5637.1421,56.371421,0.56371421
600750.SH,600750,江中药业,20200312,12.5,12.6,12.14,12.23,12.62,-0.39,-3.0903,84627.96,104157.345,10415.7345,104.157345,1.04157345
600750.SH,600750,江中药业,20200313,11.9,12.06,11.72,11.91,12.23,-0.32,-2.6165,77409.95,91809.687,9180.9687,91.809687,0.91809687
600750.SH,600750,江中药业,20200316,12.0,12.34,11.87,11.88,11.91,-0.03,-0.2519,68786.8,83488.167,8348.8167,83.48816699999999,0.8348816699999999
600750.SH,600750,江中药业,20200317,11.82,12.0,11.4,11.66,11.88,-0.22,-1.8519,85736.49,99458.662,9945.8662,99.458662,0.99458662
600750.SH,600750,江中药业,20200318,11.69,11.83,11.5,11.5,11.66,-0.16,-1.3722,55825.86,65120.336,6512.033600000001,65.12033600000001,0.6512033600000001
600750.SH,600750,江中药业,20200319,11.5,11.56,11.2,11.42,11.5,-0.08,-0.6957,49823.5,56597.46,5659.746,56.59746,0.5659746
600750.SH,600750,江中药业,20200320,11.58,11.88,11.53,11.84,11.42,0.42,3.6778,63726.32,74600.351,7460.035099999999,74.60035099999999,0.7460035099999999
600750.SH,600750,江中药业,20200323,11.38,11.76,11.38,11.46,11.84,-0.38,-3.2095,71867.09,82929.987,8292.9987,82.929987,0.8292998699999999
600750.SH,600750,江中药业,20200324,11.62,11.74,11.28,11.49,11.46,0.03,0.2618,47785.51,54744.533,5474.4533,54.744533,0.5474453300000001
600750.SH,600750,江中药业,20200325,11.65,11.71,11.5,11.65,11.49,0.16,1.3925,58872.0,68382.367,6838.2367,68.38236699999999,0.6838236699999999
600750.SH,600750,江中药业,20200326,11.6,11.92,11.56,11.78,11.65,0.13,1.1159,69215.47,81548.255,8154.825500000001,81.54825500000001,0.8154825500000001
600750.SH,600750,江中药业,20200327,11.86,11.89,11.65,11.66,11.78,-0.12,-1.0187,44281.16,52112.392,5211.2392,52.112392,0.52112392
600750.SH,600750,江中药业,20200330,11.67,11.73,11.51,11.53,11.66,-0.13,-1.1149,39206.45,45469.72,4546.972,45.46972,0.4546971999999999
600750.SH,600750,江中药业,20200331,11.62,11.64,11.45,11.5,11.53,-0.03,-0.2602,34591.34,39836.056,3983.6056,39.836056,0.39836056
600750.SH,600750,江中药业,20200401,11.51,11.52,11.39,11.41,11.5,-0.09,-0.7826,30106.0,34435.369,3443.5369,34.435369,0.34435369
600750.SH,600750,江中药业,20200402,11.41,11.49,11.26,11.49,11.41,0.08,0.7011,30399.3,34546.799,3454.6799,34.546799,0.34546799
600750.SH,600750,江中药业,20200403,11.5,11.61,11.46,11.54,11.49,0.05,0.4352,28513.55,32921.944,3292.1944000000003,32.921944,0.32921944
600750.SH,600750,江中药业,20200407,11.64,11.76,11.61,11.73,11.54,0.19,1.6464,45013.39,52680.685,5268.068499999999,52.680685,0.5268068499999999
600750.SH,600750,江中药业,20200408,11.71,11.83,11.6,11.81,11.73,0.08,0.682,49515.59,58056.56,5805.656,58.05656,0.5805656
600750.SH,600750,江中药业,20200409,11.82,11.94,11.74,11.85,11.81,0.04,0.3387,51838.24,61426.027,6142.6027,61.426027000000005,0.61426027
600750.SH,600750,江中药业,20200410,11.9,12.02,11.66,11.67,11.85,-0.18,-1.519,62023.58,73444.015,7344.4015,73.444015,0.73444015
600750.SH,600750,江中药业,20200413,11.7,12.13,11.57,12.08,11.67,0.41,3.5133,84973.38,101625.59,10162.559,101.62559,1.0162559
600750.SH,600750,江中药业,20200414,12.07,12.12,11.87,12.04,12.08,-0.04,-0.3311,66480.41,79623.513,7962.3513,79.623513,0.79623513
600750.SH,600750,江中药业,20200415,12.07,12.38,12.04,12.29,12.04,0.25,2.0764,108506.02,132886.639,13288.6639,132.886639,1.32886639
600750.SH,600750,江中药业,20200416,12.29,12.34,12.03,12.13,12.29,-0.16,-1.3019,70714.42,85994.759,8599.475900000001,85.99475900000002,0.8599475900000002
600750.SH,600750,江中药业,20200417,12.11,12.13,11.86,11.91,12.13,-0.22,-1.8137,75217.97,89876.301,8987.6301,89.876301,0.89876301
600750.SH,600750,江中药业,20200420,11.94,12.09,11.9,12.09,11.91,0.18,1.5113,46682.95,56034.436,5603.4436000000005,56.03443600000001,0.5603443600000001
600750.SH,600750,江中药业,20200421,11.96,12.06,11.91,12.01,12.09,-0.08,-0.6617,38315.87,45928.221,4592.822099999999,45.92822099999999,0.4592822099999999
600750.SH,600750,江中药业,20200422,11.93,11.98,11.82,11.97,12.01,-0.04,-0.3331,28469.78,33933.495,3393.3495000000003,33.933495,0.33933495
600750.SH,600750,江中药业,20200423,12.0,12.18,11.94,11.96,11.97,-0.01,-0.0835,39698.44,47910.278,4791.0278,47.910278,0.47910278
600750.SH,600750,江中药业,20200424,12.0,12.03,11.6,11.66,11.96,-0.3,-2.5084,51747.5,60742.449,6074.2449,60.74244899999999,0.60742449
600750.SH,600750,江中药业,20200427,11.78,11.83,11.65,11.74,11.66,0.08,0.6861,37780.39,44461.777,4446.1777,44.461777000000005,0.44461777
600750.SH,600750,江中药业,20200428,11.78,11.93,11.42,11.87,11.74,0.13,1.1073,55878.81,65177.346,6517.7346,65.177346,0.65177346
600750.SH,600750,江中药业,20200429,11.9,12.05,11.82,12.01,11.87,0.14,1.1794,62121.16,74347.202,7434.720200000001,74.34720200000001,0.7434720200000001
600750.SH,600750,江中药业,20200430,12.07,12.07,11.96,12.06,12.01,0.05,0.4163,56425.75,67803.403,6780.340300000001,67.803403,0.6780340300000001
600750.SH,600750,江中药业,20200506,11.95,12.17,11.93,12.13,12.06,0.07,0.5804,52382.04,63368.179,6336.8179,63.368179,0.63368179
600750.SH,600750,江中药业,20200507,12.13,12.13,12.02,12.06,12.13,-0.07,-0.5771,37970.92,45806.932,4580.6932,45.806932,0.4580693199999999
600750.SH,600750,江中药业,20200508,12.07,12.15,12.04,12.07,12.06,0.01,0.0829,47156.98,56953.342,5695.334199999999,56.95334199999999,0.56953342
600750.SH,600750,江中药业,20200511,12.1,12.13,12.01,12.1,12.07,0.03,0.2486,42190.54,50914.739,5091.4739,50.914739,0.50914739
600750.SH,600750,江中药业,20200512,12.06,12.34,12.04,12.28,12.1,0.18,1.4876,82521.03,100827.195,10082.7195,100.82719500000002,1.00827195
600750.SH,600750,江中药业,20200513,12.24,12.42,12.13,12.39,12.28,0.11,0.8958,80325.75,98973.975,9897.3975,98.973975,0.98973975
600750.SH,600750,江中药业,20200514,12.33,12.44,12.2,12.22,12.39,-0.17,-1.3721,57739.87,71127.521,7112.7521,71.127521,0.71127521
600750.SH,600750,江中药业,20200515,12.27,12.32,12.11,12.11,12.22,-0.11,-0.9002,42008.69,51293.639,5129.3639,51.293639000000006,0.51293639
600750.SH,600750,江中药业,20200518,12.12,12.25,12.05,12.1,12.11,-0.01,-0.0826,33917.76,41144.505,4114.4505,41.144505,0.41144505
600750.SH,600750,江中药业,20200519,12.2,12.53,12.18,12.5,12.1,0.4,3.3058,93878.77,116417.031,11641.7031,116.417031,1.16417031
600750.SH,600750,江中药业,20200520,12.48,12.73,12.46,12.61,12.5,0.11,0.88,86649.21,109020.825,10902.0825,109.020825,1.09020825
600750.SH,600750,江中药业,20200521,12.64,12.76,12.34,12.4,12.61,-0.21,-1.6653,76068.16,95510.786,9551.0786,95.510786,0.95510786
600750.SH,600750,江中药业,20200522,12.46,12.46,12.13,12.19,12.4,-0.21,-1.6935,56256.85,69091.984,6909.198399999999,69.091984,0.69091984
600750.SH,600750,江中药业,20200525,12.16,12.32,12.05,12.29,12.19,0.1,0.8203,43713.07,53385.645,5338.5645,53.385645,0.5338564499999999
600750.SH,600750,江中药业,20200526,12.25,12.45,12.23,12.45,12.29,0.16,1.3019,40108.84,49625.359,4962.5359,49.625359,0.4962535899999999
600750.SH,600750,江中药业,20200527,12.46,12.69,12.34,12.49,12.45,0.04,0.3213,51760.34,64762.005,6476.2005,64.762005,0.64762005
600750.SH,600750,江中药业,20200528,12.49,12.63,12.23,12.36,12.49,-0.13,-1.0408,48054.69,59562.679,5956.2679,59.562679,0.59562679
600750.SH,600750,江中药业,20200529,12.39,12.75,12.32,12.74,12.36,0.38,3.0744,83605.57,105377.343,10537.7343,105.377343,1.05377343
600750.SH,600750,江中药业,20200601,12.74,13.3,12.73,13.21,12.74,0.47,3.6892,175531.22,230208.683,23020.8683,230.208683,2.30208683
600750.SH,600750,江中药业,20200602,13.39,13.74,13.23,13.74,13.21,0.53,4.0121,200229.04,271438.619,27143.8619,271.438619,2.7143861900000004
600750.SH,600750,江中药业,20200603,13.84,13.95,13.61,13.63,13.74,-0.11,-0.8006,165343.91,226954.186,22695.4186,226.954186,2.2695418599999995
600750.SH,600750,江中药业,20200604,13.7,13.84,13.59,13.73,13.63,0.1,0.7337,111408.47,152792.276,15279.227600000002,152.79227600000002,1.52792276
600750.SH,600750,江中药业,20200605,13.83,13.92,13.49,13.63,13.73,-0.1,-0.7283,107490.74,146591.434,14659.1434,146.59143400000002,1.4659143400000003
600750.SH,600750,江中药业,20200608,13.86,14.8,13.81,14.38,13.63,0.75,5.5026,306985.15,440622.742,44062.2742,440.622742,4.40622742
600750.SH,600750,江中药业,20200609,14.47,14.66,14.28,14.44,14.38,0.06,0.4172,167779.49,242617.982,24261.7982,242.617982,2.42617982
600750.SH,600750,江中药业,20200610,14.43,14.63,14.36,14.48,14.44,0.04,0.277,130764.51,189524.054,18952.4054,189.524054,1.89524054
600750.SH,600750,江中药业,20200611,14.45,14.58,13.9,14.0,14.48,-0.48,-3.3149,191695.3,272336.466,27233.6466,272.336466,2.72336466
600750.SH,600750,江中药业,20200612,11.23,11.64,11.18,11.4,11.42,-0.02,-0.1751,193444.79,220322.786,22032.2786,220.322786,2.20322786
600750.SH,600750,江中药业,20200615,11.41,12.35,11.38,12.07,11.4,0.67,5.8772,301055.15,358856.625,35885.6625,358.856625,3.58856625
600750.SH,600750,江中药业,20200616,12.2,12.25,11.9,12.14,12.07,0.07,0.58,144966.4,174945.393,17494.5393,174.945393,1.74945393
600750.SH,600750,江中药业,20200617,11.99,13.03,11.99,12.96,12.14,0.82,6.7545,301979.91,385222.295,38522.2295,385.222295,3.85222295
600750.SH,600750,江中药业,20200618,13.11,13.18,12.42,12.47,12.96,-0.49,-3.7809,246004.27,311957.982,31195.7982,311.957982,3.11957982
600750.SH,600750,江中药业,20200619,12.52,12.61,12.3,12.4,12.47,-0.07,-0.5613,163109.25,202764.858,20276.4858,202.76485800000003,2.02764858
600750.SH,600750,江中药业,20200622,12.5,12.75,12.35,12.45,12.4,0.05,0.4032,134483.39,168082.057,16808.2057,168.082057,1.6808205699999998
600750.SH,600750,江中药业,20200623,12.4,12.52,12.25,12.4,12.45,-0.05,-0.4016,113747.43,140449.95,14044.995,140.44995,1.4044995
600750.SH,600750,江中药业,20200624,12.4,12.67,12.11,12.24,12.4,-0.16,-1.2903,118172.05,145348.668,14534.8668,145.348668,1.45348668
600750.SH,600750,江中药业,20200629,12.24,12.62,12.12,12.55,12.24,0.31,2.5327,206376.63,256587.239,25658.7239,256.587239,2.56587239
600750.SH,600750,江中药业,20200630,12.53,12.72,12.43,12.64,12.55,0.09,0.7171,149270.06,188145.467,18814.5467,188.145467,1.88145467
600750.SH,600750,江中药业,20200701,12.75,13.88,12.72,13.57,12.64,0.93,7.3576,344422.36,461767.198,46176.7198,461.767198,4.61767198
600750.SH,600750,江中药业,20200702,13.66,13.83,13.27,13.3,13.57,-0.27,-1.9897,274481.05,371244.625,37124.4625,371.244625,3.7124462500000006
600750.SH,600750,江中药业,20200703,13.3,13.37,12.86,13.1,13.3,-0.2,-1.5038,221243.91,287937.395,28793.739500000003,287.93739500000004,2.87937395
600750.SH,600750,江中药业,20200706,13.01,13.4,12.8,13.32,13.1,0.22,1.6794,275471.43,363226.527,36322.6527,363.226527,3.63226527
600750.SH,600750,江中药业,20200707,13.33,13.59,13.21,13.47,13.32,0.15,1.1261,221495.56,297011.87,29701.187,297.01187,2.9701187
600750.SH,600750,江中药业,20200708,13.51,13.52,13.1,13.35,13.47,-0.12,-0.8909,192484.53,255986.864,25598.6864,255.986864,2.55986864
600750.SH,600750,江中药业,20200709,13.33,13.8,13.23,13.51,13.35,0.16,1.1985,220328.18,297503.125,29750.3125,297.503125,2.97503125
600750.SH,600750,江中药业,20200710,13.49,13.81,13.33,13.39,13.51,-0.12,-0.8882,179485.98,242891.414,24289.1414,242.891414,2.42891414
600750.SH,600750,江中药业,20200713,13.41,13.95,13.4,13.92,13.39,0.53,3.9582,226271.96,312459.819,31245.9819,312.45981900000004,3.1245981900000004
600750.SH,600750,江中药业,20200714,13.93,14.09,13.65,13.98,13.92,0.06,0.431,202437.94,281467.067,28146.7067,281.467067,2.81467067
600750.SH,600750,江中药业,20200715,14.03,14.13,13.55,13.57,13.98,-0.41,-2.9328,179732.37,248867.29,24886.729,248.86729,2.4886729
600750.SH,600750,江中药业,20200716,13.57,13.69,12.65,12.66,13.57,-0.91,-6.706,202149.86,266119.449,26611.9449,266.11944900000003,2.66119449
600750.SH,600750,江中药业,20200717,12.73,12.84,12.47,12.67,12.66,0.01,0.079,131429.04,166255.749,16625.5749,166.255749,1.6625574900000002
600750.SH,600750,江中药业,20200720,12.7,13.0,12.61,12.91,12.67,0.24,1.8942,140125.74,179548.656,17954.865599999997,179.54865599999997,1.7954865599999996
600750.SH,600750,江中药业,20200721,12.95,13.25,12.84,12.94,12.91,0.03,0.2324,104115.8,135592.687,13559.2687,135.592687,1.3559268700000002
600750.SH,600750,江中药业,20200722,12.95,13.22,12.89,13.02,12.94,0.08,0.6182,121243.48,158481.407,15848.1407,158.481407,1.58481407
600750.SH,600750,江中药业,20200723,13.01,13.32,12.72,13.23,13.02,0.21,1.6129,159287.19,208287.126,20828.7126,208.287126,2.08287126
600750.SH,600750,江中药业,20200724,13.09,13.25,12.33,12.36,13.23,-0.87,-6.576,186568.72,237946.249,23794.624900000003,237.946249,2.3794624900000003
600750.SH,600750,江中药业,20200727,12.3,12.63,12.16,12.33,12.36,-0.03,-0.2427,114696.99,141809.243,14180.9243,141.80924299999998,1.4180924299999995
600750.SH,600750,江中药业,20200728,12.4,12.49,12.28,12.43,12.33,0.1,0.811,74939.12,92903.135,9290.3135,92.903135,0.92903135
600750.SH,600750,江中药业,20200729,12.44,12.93,12.34,12.9,12.43,0.47,3.7812,106293.07,135294.962,13529.4962,135.294962,1.35294962
600750.SH,600750,江中药业,20200730,12.9,13.45,12.82,13.1,12.9,0.2,1.5504,158282.62,208742.756,20874.2756,208.742756,2.08742756
600750.SH,600750,江中药业,20200731,13.14,13.4,12.97,13.32,13.1,0.22,1.6794,152800.68,202109.864,20210.9864,202.109864,2.02109864
600750.SH,600750,江中药业,20200803,13.42,13.82,13.35,13.68,13.32,0.36,2.7027,172669.91,235069.086,23506.9086,235.06908600000003,2.3506908600000003
600750.SH,600750,江中药业,20200804,13.64,13.73,13.35,13.41,13.68,-0.27,-1.9737,123409.13,166798.855,16679.8855,166.798855,1.66798855
600750.SH,600750,江中药业,20200805,13.42,13.57,13.25,13.45,13.41,0.04,0.2983,108230.76,145204.153,14520.4153,145.204153,1.4520415299999998
600750.SH,600750,江中药业,20200806,13.45,13.55,13.02,13.2,13.45,-0.25,-1.8587,143609.68,190016.864,19001.6864,190.016864,1.90016864
600750.SH,600750,江中药业,20200807,13.22,13.31,12.57,12.8,13.2,-0.4,-3.0303,154775.83,198640.205,19864.0205,198.640205,1.98640205
600750.SH,600750,江中药业,20200810,12.86,12.94,12.51,12.86,12.8,0.06,0.4688,108318.18,138086.043,13808.6043,138.08604300000002,1.3808604300000002
600750.SH,600750,江中药业,20200811,12.85,12.94,12.52,12.58,12.86,-0.28,-2.1773,101655.84,129360.677,12936.0677,129.360677,1.29360677
600750.SH,600750,江中药业,20200812,12.58,12.61,12.03,12.24,12.58,-0.34,-2.7027,147440.24,180506.634,18050.6634,180.506634,1.8050663399999995
600750.SH,600750,江中药业,20200813,12.28,12.3,12.08,12.12,12.24,-0.12,-0.9804,115945.11,141141.088,14114.108799999998,141.14108799999997,1.4114108799999996
600750.SH,600750,江中药业,20200814,12.13,12.2,12.0,12.13,12.12,0.01,0.0825,114253.82,137923.715,13792.3715,137.923715,1.3792371499999998
600750.SH,600750,江中药业,20200817,12.14,12.44,12.1,12.37,12.13,0.24,1.9786,131064.43,160818.602,16081.8602,160.818602,1.60818602
600750.SH,600750,江中药业,20200818,12.38,12.48,12.34,12.43,12.37,0.06,0.485,94791.69,117567.196,11756.7196,117.567196,1.17567196
600750.SH,600750,江中药业,20200819,12.43,12.45,12.15,12.19,12.43,-0.24,-1.9308,97344.79,119354.55,11935.455,119.35455,1.1935455
600750.SH,600750,江中药业,20200820,12.2,12.23,12.05,12.11,12.19,-0.08,-0.6563,67152.48,81304.172,8130.417200000001,81.30417200000001,0.8130417200000001
600750.SH,600750,江中药业,20200821,12.14,12.23,12.0,12.07,12.11,-0.04,-0.3303,91406.79,110534.96,11053.496,110.53496,1.1053496
600750.SH,600750,江中药业,20200824,12.09,12.38,12.0,12.22,12.07,0.15,1.2428,101512.23,124100.197,12410.0197,124.100197,1.24100197
600750.SH,600750,江中药业,20200825,12.22,12.27,12.01,12.05,12.22,-0.17,-1.3912,89962.52,109033.447,10903.3447,109.033447,1.09033447
600750.SH,600750,江中药业,20200826,12.3,13.26,12.3,12.81,12.05,0.76,6.3071,450672.2,581602.131,58160.21310000001,581.6021310000001,5.816021310000001
600750.SH,600750,江中药业,20200827,12.72,12.86,12.47,12.55,12.81,-0.26,-2.0297,254418.84,320676.092,32067.6092,320.676092,3.20676092
600750.SH,600750,江中药业,20200828,12.53,13.25,12.47,13.17,12.55,0.62,4.9402,274328.93,356152.442,35615.2442,356.152442,3.56152442
600750.SH,600750,江中药业,20200831,13.26,13.6,13.14,13.18,13.17,0.01,0.0759,246607.48,329530.313,32953.0313,329.53031300000004,3.29530313
600750.SH,600750,江中药业,20200901,13.38,13.38,13.1,13.25,13.18,0.07,0.5311,127822.69,169034.532,16903.4532,169.034532,1.69034532
600750.SH,600750,江中药业,20200902,13.3,13.35,13.09,13.31,13.25,0.06,0.4528,123585.47,163662.303,16366.2303,163.662303,1.63662303
600750.SH,600750,江中药业,20200903,13.33,13.97,13.26,13.5,13.31,0.19,1.4275,272344.6,372687.512,37268.7512,372.687512,3.72687512
600750.SH,600750,江中药业,20200904,13.2,13.64,13.09,13.28,13.5,-0.22,-1.6296,179076.92,238040.188,23804.0188,238.040188,2.3804018799999995
600750.SH,600750,江中药业,20200907,13.21,13.24,12.74,12.79,13.28,-0.49,-3.6898,174774.03,226743.949,22674.3949,226.743949,2.26743949
600750.SH,600750,江中药业,20200908,12.85,12.93,12.56,12.73,12.79,-0.06,-0.4691,118093.99,150311.383,15031.1383,150.311383,1.50311383
600750.SH,600750,江中药业,20200909,12.66,12.7,12.11,12.14,12.73,-0.59,-4.6347,194031.87,239152.943,23915.2943,239.152943,2.3915294300000003
600750.SH,600750,江中药业,20200910,12.28,12.33,11.87,11.87,12.14,-0.27,-2.2241,174061.18,209861.668,20986.1668,209.861668,2.09861668
600750.SH,600750,江中药业,20200911,11.87,12.07,11.79,11.98,11.87,0.11,0.9267,121214.29,144888.088,14488.8088,144.88808799999998,1.44888088
600750.SH,600750,江中药业,20200914,12.01,12.06,11.82,11.95,11.98,-0.03,-0.2504,106488.81,127087.928,12708.7928,127.087928,1.27087928
600750.SH,600750,江中药业,20200915,11.96,12.17,11.85,12.13,11.95,0.18,1.5063,87760.39,105427.994,10542.7994,105.427994,1.05427994
600750.SH,600750,江中药业,20200916,12.1,12.16,11.91,12.06,12.13,-0.07,-0.5771,73393.17,88291.75,8829.175,88.29175,0.8829174999999999
600750.SH,600750,江中药业,20200917,11.99,12.01,11.82,11.91,12.06,-0.15,-1.2438,84786.75,100810.094,10081.0094,100.810094,1.0081009399999998
600750.SH,600750,江中药业,20200918,11.94,12.16,11.87,12.13,11.91,0.22,1.8472,86332.01,103716.66,10371.666,103.71666,1.0371666
600750.SH,600750,江中药业,20200921,12.16,12.19,12.04,12.11,12.13,-0.02,-0.1649,55893.2,67695.333,6769.5333,67.695333,0.67695333
600750.SH,600750,江中药业,20200922,12.08,12.27,11.99,12.1,12.11,-0.01,-0.0826,75625.44,91835.779,9183.5779,91.835779,0.91835779
600750.SH,600750,江中药业,20200923,12.04,12.24,12.04,12.14,12.1,0.04,0.3306,67803.22,82348.509,8234.850900000001,82.348509,0.82348509
600750.SH,600750,江中药业,20200924,12.1,12.14,11.86,11.9,12.14,-0.24,-1.9769,65234.47,77967.836,7796.7836,77.96783599999999,0.7796783599999999
600750.SH,600750,江中药业,20200925,11.93,11.97,11.71,11.81,11.9,-0.09,-0.7563,58084.56,68820.709,6882.070900000001,68.82070900000001,0.6882070900000001
600750.SH,600750,江中药业,20200928,11.8,11.8,11.56,11.58,11.81,-0.23,-1.9475,55511.06,64666.085,6466.6085,64.66608500000001,0.6466608500000001
600750.SH,600750,江中药业,20200929,11.59,11.77,11.55,11.72,11.58,0.14,1.209,37522.35,43834.006,4383.4006,43.834006,0.43834006
600750.SH,600750,江中药业,20200930,11.72,11.84,11.52,11.6,11.72,-0.12,-1.0239,40042.81,46734.493,4673.4493,46.734493,0.46734493
600750.SH,600750,江中药业,20201009,11.74,11.97,11.74,11.9,11.6,0.3,2.5862,51898.2,61616.168,6161.6168,61.616168,0.6161616799999999
600750.SH,600750,江中药业,20201012,11.98,12.18,11.9,12.16,11.9,0.26,2.1849,77530.49,93555.582,9355.5582,93.555582,0.93555582
600750.SH,600750,江中药业,20201013,12.15,12.19,12.05,12.14,12.16,-0.02,-0.1645,47155.56,57126.648,5712.6648000000005,57.126648,0.57126648
600750.SH,600750,江中药业,20201014,12.09,12.13,11.9,11.92,12.14,-0.22,-1.8122,77580.19,93090.532,9309.0532,93.090532,0.93090532
600750.SH,600750,江中药业,20201015,11.95,11.97,11.81,11.85,11.92,-0.07,-0.5872,39282.88,46564.654,4656.4654,46.564654,0.46564654
600750.SH,600750,江中药业,20201016,11.81,12.1,11.77,12.08,11.85,0.23,1.9409,65740.1,78438.562,7843.8562,78.438562,0.78438562
600750.SH,600750,江中药业,20201019,12.1,12.15,11.87,11.9,12.08,-0.18,-1.4901,60982.38,73118.17,7311.817,73.11817,0.7311817
600750.SH,600750,江中药业,20201020,11.87,11.94,11.79,11.93,11.9,0.03,0.2521,38431.43,45584.907,4558.4907,45.584907,0.45584907
600750.SH,600750,江中药业,20201021,11.92,12.05,11.83,11.89,11.93,-0.04,-0.3353,47526.57,56640.71,5664.071,56.64071,0.5664070999999999
600750.SH,600750,江中药业,20201022,11.85,11.9,11.72,11.86,11.89,-0.03,-0.2523,35318.3,41692.857,4169.2857,41.692857,0.41692857
600750.SH,600750,江中药业,20201023,11.85,11.93,11.71,11.71,11.86,-0.15,-1.2648,41495.4,48955.995,4895.5995,48.955995,0.48955995
600750.SH,600750,江中药业,20201026,11.77,11.82,11.62,11.73,11.71,0.02,0.1708,37797.95,44277.907,4427.7907,44.277907,0.44277907
600750.SH,600750,江中药业,20201027,11.78,12.05,11.68,11.97,11.73,0.24,2.046,71153.89,84786.716,8478.6716,84.786716,0.84786716
600750.SH,600750,江中药业,20201028,11.85,11.88,11.67,11.71,11.97,-0.26,-2.1721,94318.01,110604.754,11060.4754,110.604754,1.10604754
600750.SH,600750,江中药业,20201029,11.61,11.72,11.53,11.71,11.71,0.0,0.0,53436.54,62224.135,6222.413500000001,62.224135,0.62224135
600750.SH,600750,江中药业,20201030,11.65,11.83,11.54,11.55,11.71,-0.16,-1.3664,66836.75,77743.782,7774.378200000001,77.74378200000001,0.7774378200000001
600750.SH,600750,江中药业,20201102,11.51,11.54,10.95,11.1,11.55,-0.45,-3.8961,107497.68,120362.934,12036.2934,120.36293399999998,1.2036293399999998
600750.SH,600750,江中药业,20201103,11.09,11.27,11.08,11.27,11.1,0.17,1.5315,40179.37,45053.511,4505.3511,45.053511,0.45053511
600750.SH,600750,江中药业,20201104,11.31,11.35,11.17,11.21,11.27,-0.06,-0.5324,26732.1,29982.251,2998.2251,29.982251,0.29982251
600750.SH,600750,江中药业,20201105,11.26,11.36,11.24,11.34,11.21,0.13,1.1597,34666.2,39162.356,3916.2356,39.162356,0.39162356
600750.SH,600750,江中药业,20201106,11.33,11.34,11.11,11.16,11.34,-0.18,-1.5873,51588.01,57622.916,5762.2916,57.622916,0.57622916
600750.SH,600750,江中药业,20201109,11.19,11.36,11.16,11.3,11.16,0.14,1.2545,52514.8,59263.559,5926.3559000000005,59.26355900000001,0.5926355900000001
600750.SH,600750,江中药业,20201110,11.37,11.43,11.2,11.24,11.3,-0.06,-0.531,43545.63,49210.612,4921.0612,49.210612,0.49210612
600750.SH,600750,江中药业,20201111,11.2,11.24,11.15,11.2,11.24,-0.04,-0.3559,32603.8,36482.39,3648.239,36.48239,0.3648239
600750.SH,600750,江中药业,20201112,11.22,11.33,11.19,11.24,11.2,0.04,0.3571,36860.43,41522.692,4152.269200000001,41.522692000000006,0.41522692
600750.SH,600750,江中药业,20201113,11.23,11.23,11.1,11.15,11.24,-0.09,-0.8007,36326.15,40452.257,4045.2257,40.452257,0.40452257
600750.SH,600750,江中药业,20201116,11.2,11.27,11.16,11.27,11.15,0.12,1.0762,33334.44,37457.669,3745.7669,37.457669,0.37457669
600750.SH,600750,江中药业,20201117,11.28,11.29,11.17,11.28,11.27,0.01,0.0887,31486.91,35333.039,3533.3039,35.333039,0.35333039
600750.SH,600750,江中药业,20201118,11.28,11.35,11.24,11.27,11.28,-0.01,-0.0887,39521.38,44618.021,4461.8021,44.618021,0.4461802099999999
600750.SH,600750,江中药业,20201119,11.26,11.3,11.18,11.27,11.27,0.0,0.0,27788.55,31233.902,3123.3902,31.233902,0.3123390199999999
600750.SH,600750,江中药业,20201120,11.27,11.31,11.21,11.23,11.27,-0.04,-0.3549,40114.83,45115.453,4511.5453,45.115453,0.4511545299999999
600750.SH,600750,江中药业,20201123,11.23,11.34,11.18,11.32,11.23,0.09,0.8014,58998.82,66477.025,6647.702499999999,66.477025,0.66477025
600750.SH,600750,江中药业,20201124,11.28,11.3,11.22,11.24,11.32,-0.08,-0.7067,38930.05,43794.847,4379.4847,43.794847,0.43794847
600750.SH,600750,江中药业,20201125,11.25,11.31,11.2,11.21,11.24,-0.03,-0.2669,42314.67,47655.593,4765.5593,47.655593,0.4765559299999999
600750.SH,600750,江中药业,20201126,11.24,11.24,11.04,11.11,11.21,-0.1,-0.8921,58503.25,64978.669,6497.8669,64.978669,0.64978669
600750.SH,600750,江中药业,20201127,11.11,11.22,11.09,11.18,11.11,0.07,0.6301,27034.59,30173.001,3017.3001,30.173001,0.30173001
600750.SH,600750,江中药业,20201130,11.22,11.26,11.16,11.21,11.18,0.03,0.2683,35036.43,39275.195,3927.5195,39.275195,0.3927519499999999
600750.SH,600750,江中药业,20201201,11.21,11.28,11.19,11.26,11.21,0.05,0.446,42694.57,48015.158,4801.5158,48.015158,0.48015158
600750.SH,600750,江中药业,20201202,11.24,11.32,11.22,11.29,11.26,0.03,0.2664,40356.54,45512.0,4551.2,45.512,0.45512
600750.SH,600750,江中药业,20201203,11.28,11.48,11.24,11.37,11.29,0.08,0.7086,72078.32,82097.845,8209.7845,82.09784499999999,0.8209784499999999
600750.SH,600750,江中药业,20201204,11.41,11.42,11.2,11.37,11.37,0.0,0.0,58368.88,66158.258,6615.8258000000005,66.158258,0.66158258
600750.SH,600750,江中药业,20201207,11.37,11.48,11.3,11.36,11.37,-0.01,-0.088,46830.75,53372.697,5337.2697,53.372697,0.5337269699999999
600750.SH,600750,江中药业,20201208,11.39,11.39,11.26,11.3,11.36,-0.06,-0.5282,38792.04,43861.109,4386.1109,43.861109,0.43861109
600750.SH,600750,江中药业,20201209,11.3,11.35,11.13,11.16,11.3,-0.14,-1.2389,39043.86,43871.38,4387.138,43.87138,0.4387138
600750.SH,600750,江中药业,20201210,11.1,11.23,11.05,11.11,11.16,-0.05,-0.448,38867.92,43217.791,4321.7791,43.217791,0.43217791
600750.SH,600750,江中药业,20201211,11.15,11.17,10.84,10.89,11.11,-0.22,-1.9802,70217.27,76972.141,7697.2141,76.97214100000001,0.76972141
600750.SH,600750,江中药业,20201214,10.88,10.95,10.75,10.94,10.89,0.05,0.4591,30109.72,32712.639,3271.2639,32.712639,0.3271263899999999
600750.SH,600750,江中药业,20201215,10.91,10.98,10.85,10.95,10.94,0.01,0.0914,25871.96,28254.478,2825.4478,28.254478,0.28254478
600750.SH,600750,江中药业,20201216,10.97,10.99,10.81,10.88,10.95,-0.07,-0.6393,34488.19,37446.002,3744.6002,37.446002,0.37446002
600750.SH,600750,江中药业,20201217,10.99,11.35,10.96,11.29,10.88,0.41,3.7684,104134.79,117055.868,11705.5868,117.055868,1.17055868
600750.SH,600750,江中药业,20201218,11.2,11.29,11.1,11.18,11.29,-0.11,-0.9743,61508.85,68840.569,6884.0569000000005,68.840569,0.6884056900000001
600750.SH,600750,江中药业,20201221,11.15,11.15,11.01,11.13,11.18,-0.05,-0.4472,46010.89,51027.545,5102.7545,51.027545,0.5102754500000001
600750.SH,600750,江中药业,20201222,11.08,11.29,11.03,11.06,11.13,-0.07,-0.6289,62164.39,69382.527,6938.2527,69.382527,0.6938252699999999
600750.SH,600750,江中药业,20201223,11.01,11.2,10.92,11.07,11.06,0.01,0.0904,55450.09,61168.194,6116.8194,61.168194,0.61168194
600750.SH,600750,江中药业,20201224,11.0,11.0,10.75,10.8,11.07,-0.27,-2.439,61031.66,66236.218,6623.621799999999,66.236218,0.6623621799999999
600750.SH,600750,江中药业,20201225,10.8,10.8,10.64,10.68,10.8,-0.12,-1.1111,39212.52,41976.663,4197.6663,41.976663,0.41976663
600750.SH,600750,江中药业,20201228,10.68,10.68,10.41,10.44,10.68,-0.24,-2.2472,56879.05,59667.649,5966.7649,59.667649,0.59667649
600750.SH,600750,江中药业,20201229,10.44,10.54,10.32,10.48,10.44,0.04,0.3831,25895.58,27097.579,2709.7579,27.097579,0.27097579
600750.SH,600750,江中药业,20201230,10.55,10.69,10.52,10.59,10.48,0.11,1.0496,35228.31,37378.502,3737.8502,37.378502,0.3737850199999999
600750.SH,600750,江中药业,20201231,10.53,10.65,10.53,10.61,10.59,0.02,0.1889,27900.74,29616.559,2961.6559,29.616559,0.29616559
600750.SH,600750,江中药业,20210104,10.6,10.98,10.52,10.94,10.61,0.33,3.1103,64523.02,69543.61,6954.361,69.54361,0.6954361
600750.SH,600750,江中药业,20210105,10.85,11.17,10.84,11.04,10.94,0.1,0.9141,77679.25,85633.62,8563.362,85.63362,0.8563361999999999
600750.SH,600750,江中药业,20210106,11.07,11.6,10.97,11.37,11.04,0.33,2.9891,155979.06,177171.561,17717.1561,177.171561,1.77171561
600750.SH,600750,江中药业,20210107,11.41,11.42,10.88,10.92,11.37,-0.45,-3.9578,100701.12,111552.453,11155.2453,111.552453,1.1155245299999998
600750.SH,600750,江中药业,20210108,10.94,11.06,10.7,10.82,10.92,-0.1,-0.9158,66599.1,72301.715,7230.171499999999,72.301715,0.72301715
600750.SH,600750,江中药业,20210111,10.74,10.82,10.51,10.54,10.82,-0.28,-2.5878,66880.11,71337.32,7133.732000000001,71.33732,0.7133732
600750.SH,600750,江中药业,20210112,10.55,10.63,10.51,10.63,10.54,0.09,0.8539,39891.59,42232.588,4223.2588000000005,42.23258800000001,0.42232588
600750.SH,600750,江中药业,20210113,10.63,10.63,10.34,10.5,10.63,-0.13,-1.223,62480.39,65367.577,6536.7577,65.367577,0.65367577
600750.SH,600750,江中药业,20210114,10.48,10.85,10.44,10.75,10.5,0.25,2.381,58522.93,62325.557,6232.5557,62.325557,0.62325557
600750.SH,600750,江中药业,20210115,10.71,10.79,10.63,10.69,10.75,-0.06,-0.5581,35173.52,37569.181,3756.9181,37.569181,0.37569181
600750.SH,600750,江中药业,20210118,10.65,10.78,10.57,10.7,10.69,0.01,0.0935,33740.84,36076.561,3607.6561,36.076561,0.3607656099999999
600750.SH,600750,江中药业,20210119,10.7,10.77,10.63,10.74,10.7,0.04,0.3738,31968.91,34206.257,3420.6257,34.206256999999994,0.3420625699999999
600750.SH,600750,江中药业,20210120,10.73,10.75,10.6,10.61,10.74,-0.13,-1.2104,32018.62,34128.477,3412.8477,34.128477,0.3412847699999999
600750.SH,600750,江中药业,20210121,10.62,10.71,10.55,10.64,10.61,0.03,0.2828,47873.43,50819.662,5081.9662,50.819662,0.50819662
600750.SH,600750,江中药业,20210122,10.6,10.68,10.52,10.63,10.64,-0.01,-0.094,43367.12,45894.695,4589.4695,45.894695,0.4589469499999999
600750.SH,600750,江中药业,20210125,10.63,10.63,10.44,10.46,10.63,-0.17,-1.5992,39637.44,41629.007,4162.9007,41.629007,0.41629007
600750.SH,600750,江中药业,20210126,10.47,10.56,10.3,10.34,10.46,-0.12,-1.1472,39826.81,41278.192,4127.8192,41.278192,0.4127819199999999
600750.SH,600750,江中药业,20210127,10.35,10.42,10.31,10.37,10.34,0.03,0.2901,28912.06,29931.218,2993.1218,29.931218,0.29931218
600750.SH,600750,江中药业,20210128,10.33,10.33,10.24,10.25,10.37,-0.12,-1.1572,27189.82,27947.586,2794.7586,27.947586,0.27947586
600750.SH,600750,江中药业,20210129,10.26,10.32,10.08,10.11,10.25,-0.14,-1.3659,40221.29,40801.765,4080.1765,40.801765,0.40801765
600750.SH,600750,江中药业,20210201,10.06,10.15,9.95,10.04,10.11,-0.07,-0.6924,39731.12,39862.685,3986.2685,39.862685,0.39862685
600750.SH,600750,江中药业,20210202,10.04,10.35,10.01,10.31,10.04,0.27,2.6892,38939.11,39676.948,3967.6948,39.676948,0.3967694799999999
600750.SH,600750,江中药业,20210203,10.22,10.24,10.05,10.09,10.31,-0.22,-2.1339,25678.99,25989.526,2598.9526,25.989526,0.25989526
600750.SH,600750,江中药业,20210204,10.16,10.19,9.91,10.14,10.09,0.05,0.4955,37028.41,37191.27,3719.127,37.19127,0.3719127
600750.SH,600750,江中药业,20210205,10.1,10.33,10.08,10.17,10.14,0.03,0.2959,34143.84,34827.835,3482.7835,34.827835,0.34827835
600750.SH,600750,江中药业,20210208,10.16,10.61,10.11,10.5,10.17,0.33,3.2448,66210.26,69212.538,6921.2538,69.21253800000001,0.6921253800000001
600750.SH,600750,江中药业,20210209,10.49,10.71,10.39,10.64,10.5,0.14,1.3333,54552.72,57812.619,5781.2619,57.812619,0.57812619
600750.SH,600750,江中药业,20210210,10.62,10.69,10.55,10.62,10.64,-0.02,-0.188,38336.15,40746.13,4074.613,40.74613,0.4074613
600750.SH,600750,江中药业,20210218,10.64,10.75,10.59,10.74,10.62,0.12,1.1299,51380.83,54879.015,5487.9015,54.879015,0.54879015
600750.SH,600750,江中药业,20210219,10.71,10.87,10.64,10.85,10.74,0.11,1.0242,49363.63,53154.433,5315.4433,53.154433,0.53154433
600750.SH,600750,江中药业,20210222,10.86,10.97,10.75,10.76,10.85,-0.09,-0.8295,62316.74,67691.437,6769.1437000000005,67.69143700000001,0.6769143700000001
600750.SH,600750,江中药业,20210223,10.74,10.83,10.67,10.71,10.76,-0.05,-0.4647,35074.84,37638.641,3763.8641,37.638641,0.37638641
600750.SH,600750,江中药业,20210224,10.7,10.72,10.57,10.67,10.71,-0.04,-0.3735,46340.08,49426.964,4942.6964,49.426964,0.4942696399999999
600750.SH,600750,江中药业,20210225,10.68,10.7,10.58,10.61,10.67,-0.06,-0.5623,30479.11,32388.638,3238.8638,32.388638,0.32388638
600750.SH,600750,江中药业,20210226,10.55,10.67,10.5,10.58,10.61,-0.03,-0.2828,37442.34,39603.881,3960.3881,39.603881,0.39603881
600750.SH,600750,江中药业,20210301,10.66,10.67,10.54,10.63,10.58,0.05,0.4726,27289.97,28962.889,2896.2889,28.962889,0.28962889
600750.SH,600750,江中药业,20210302,10.63,10.71,10.56,10.62,10.63,-0.01,-0.0941,25365.11,26939.319,2693.9319,26.939319,0.26939319
600750.SH,600750,江中药业,20210303,10.62,10.73,10.55,10.72,10.62,0.1,0.9416,31150.78,33231.804,3323.1804,33.231804,0.33231804
600750.SH,600750,江中药业,20210304,10.7,10.75,10.6,10.61,10.72,-0.11,-1.0261,31064.3,33126.701,3312.6701000000003,33.126701000000004,0.33126701
600750.SH,600750,江中药业,20210305,10.62,10.75,10.56,10.75,10.61,0.14,1.3195,33354.86,35579.34,3557.934,35.579339999999995,0.3557933999999999
600750.SH,600750,江中药业,20210308,10.78,10.94,10.7,10.71,10.75,-0.04,-0.3721,45544.43,49268.392,4926.8392,49.268392000000006,0.49268392
600750.SH,600750,江中药业,20210309,10.72,10.78,10.34,10.53,10.71,-0.18,-1.6807,40830.78,43087.587,4308.7587,43.087587000000006,0.43087587
600750.SH,600750,江中药业,20210310,10.54,10.64,10.35,10.38,10.53,-0.15,-1.4245,33835.3,35401.81,3540.181,35.40181,0.3540181
600750.SH,600750,江中药业,20210311,10.39,10.52,10.38,10.49,10.38,0.11,1.0597,19728.15,20618.327,2061.8327,20.618327,0.20618327
600750.SH,600750,江中药业,20210312,10.49,10.64,10.43,10.53,10.49,0.04,0.3813,18537.1,19470.055,1947.0055,19.470055,0.1947005499999999
600750.SH,600750,江中药业,20210315,10.53,10.63,10.46,10.63,10.53,0.1,0.9497,25804.4,27256.344,2725.6344,27.256344,0.27256344
600750.SH,600750,江中药业,20210316,10.63,10.85,10.6,10.84,10.63,0.21,1.9755,44257.36,47673.819,4767.3819,47.673819,0.47673819
600750.SH,600750,江中药业,20210317,10.87,10.88,10.74,10.79,10.84,-0.05,-0.4613,28842.29,31105.725,3110.5725,31.105725,0.3110572499999999
600750.SH,600750,江中药业,20210318,10.82,10.89,10.79,10.86,10.79,0.07,0.6487,37738.86,40933.877,4093.3877,40.933877,0.40933877
600750.SH,600750,江中药业,20210319,10.86,11.03,10.75,10.99,10.86,0.13,1.1971,53988.36,59050.025,5905.0025000000005,59.050025000000005,0.5905002500000001
600750.SH,600750,江中药业,20210322,10.78,10.79,10.64,10.76,10.99,-0.23,-2.0928,70997.1,76086.248,7608.6248,76.08624800000001,0.7608624800000001
600750.SH,600750,江中药业,20210323,10.71,10.74,10.6,10.66,10.76,-0.1,-0.9294,38585.58,41141.713,4114.1713,41.141713,0.41141713
600750.SH,600750,江中药业,20210324,10.65,10.67,10.53,10.55,10.66,-0.11,-1.0319,22342.08,23679.587,2367.9587,23.679587,0.23679587
600750.SH,600750,江中药业,20210325,10.53,10.58,10.46,10.53,10.55,-0.02,-0.1896,22128.1,23317.843,2331.7843000000003,23.317843000000003,0.23317843
600750.SH,600750,江中药业,20210326,10.53,10.58,10.5,10.53,10.53,0.0,0.0,34393.1,36240.775,3624.0775,36.240775000000006,0.3624077500000001
600750.SH,600750,江中药业,20210329,10.55,10.59,10.44,10.57,10.53,0.04,0.3799,26531.17,27961.902,2796.1902,27.961902,0.27961902
600750.SH,600750,江中药业,20210330,10.59,10.59,10.47,10.52,10.57,-0.05,-0.473,24836.7,26124.732,2612.4732,26.124732,0.26124732
600750.SH,600750,江中药业,20210331,10.52,10.55,10.48,10.51,10.52,-0.01,-0.0951,21338.78,22429.122,2242.9122,22.429122,0.2242912199999999
600750.SH,600750,江中药业,20210401,10.55,10.64,10.51,10.63,10.51,0.12,1.1418,27201.95,28740.998,2874.0998,28.740998,0.28740998
600750.SH,600750,江中药业,20210402,10.6,10.66,10.55,10.59,10.63,-0.04,-0.3763,22128.08,23500.265,2350.0265,23.500265,0.2350026499999999
600750.SH,600750,江中药业,20210406,10.6,10.63,10.53,10.6,10.59,0.01,0.0944,18133.03,19194.739,1919.4739,19.194739,0.19194739
600750.SH,600750,江中药业,20210407,10.6,10.65,10.56,10.64,10.6,0.04,0.3774,13036.4,13821.866,1382.1866,13.821866,0.13821866
600750.SH,600750,江中药业,20210408,10.63,10.64,10.54,10.6,10.64,-0.04,-0.3759,16910.67,17892.589,1789.2589,17.892589,0.17892589
600750.SH,600750,江中药业,20210409,10.59,10.64,10.54,10.56,10.6,-0.04,-0.3774,16647.01,17602.666,1760.2666000000002,17.602666000000003,0.17602666
600750.SH,600750,江中药业,20210412,10.57,10.57,10.45,10.51,10.56,-0.05,-0.4735,20755.4,21808.242,2180.8242,21.808242,0.21808242
600750.SH,600750,江中药业,20210413,10.47,10.51,10.44,10.48,10.51,-0.03,-0.2854,18037.7,18888.105,1888.8105,18.888105,0.18888105
600750.SH,600750,江中药业,20210414,10.47,10.48,10.41,10.47,10.48,-0.01,-0.0954,18048.7,18864.1,1886.41,18.8641,0.1886409999999999
600750.SH,600750,江中药业,20210415,10.47,10.51,10.41,10.51,10.47,0.04,0.382,16858.39,17620.467,1762.0467,17.620467,0.17620467
600750.SH,600750,江中药业,20210416,10.51,10.66,10.5,10.66,10.51,0.15,1.4272,36326.85,38553.007,3855.3007,38.553007,0.38553007
600750.SH,600750,江中药业,20210419,10.67,10.69,10.61,10.69,10.66,0.03,0.2814,29988.8,31976.834,3197.6834,31.976834,0.31976834
600750.SH,600750,江中药业,20210420,10.72,10.83,10.62,10.65,10.69,-0.04,-0.3742,29389.47,31447.792,3144.7792,31.447792,0.31447792
600750.SH,600750,江中药业,20210421,10.65,10.94,10.62,10.85,10.65,0.2,1.8779,68813.46,74464.152,7446.4152,74.464152,0.74464152
600750.SH,600750,江中药业,20210422,10.84,10.95,10.77,10.82,10.85,-0.03,-0.2765,42144.07,45731.967,4573.1967,45.731967,0.4573196699999999
600750.SH,600750,江中药业,20210423,10.85,10.87,10.71,10.77,10.82,-0.05,-0.4621,28125.23,30271.045,3027.1045,30.271045,0.30271045
600750.SH,600750,江中药业,20210426,10.94,11.11,10.78,10.8,10.77,0.03,0.2786,63617.97,69461.513,6946.1513,69.46151300000001,0.6946151300000001
600750.SH,600750,江中药业,20210427,10.8,10.95,10.74,10.81,10.8,0.01,0.0926,64341.13,69876.362,6987.636199999999,69.87636199999999,0.6987636199999998
600750.SH,600750,江中药业,20210428,10.82,10.99,10.76,10.97,10.81,0.16,1.4801,76340.77,83139.051,8313.9051,83.139051,0.83139051
600750.SH,600750,江中药业,20210429,10.97,11.11,10.86,10.95,10.97,-0.02,-0.1823,58075.6,63793.321,6379.3321000000005,63.793321000000006,0.63793321
600750.SH,600750,江中药业,20210430,10.95,11.11,10.89,11.06,10.95,0.11,1.0046,76759.3,84594.495,8459.449499999999,84.594495,0.8459449499999999
600750.SH,600750,江中药业,20210506,11.02,11.07,10.92,10.93,11.06,-0.13,-1.1754,62593.42,68754.046,6875.4046,68.754046,0.68754046
600750.SH,600750,江中药业,20210507,10.97,11.0,10.7,10.71,10.93,-0.22,-2.0128,57503.92,62075.136,6207.5136,62.075136,0.62075136
600750.SH,600750,江中药业,20210510,10.71,10.78,10.57,10.62,10.71,-0.09,-0.8403,55919.11,59506.47,5950.647,59.50647,0.5950647
600750.SH,600750,江中药业,20210511,10.59,10.74,10.54,10.69,10.62,0.07,0.6591,36974.03,39346.653,3934.6653,39.346653,0.39346653
600750.SH,600750,江中药业,20210512,10.66,10.91,10.57,10.86,10.69,0.17,1.5903,46984.7,50624.155,5062.4155,50.624155,0.50624155
600750.SH,600750,江中药业,20210513,10.82,11.95,10.79,11.67,10.86,0.81,7.4586,477186.0,551481.31,55148.13100000001,551.4813100000001,5.514813100000001
600750.SH,600750,江中药业,20210514,11.58,11.66,11.31,11.48,11.67,-0.19,-1.6281,255868.37,294159.345,29415.9345,294.159345,2.94159345
600750.SH,600750,江中药业,20210517,11.32,11.62,11.29,11.31,11.48,-0.17,-1.4808,172286.68,196870.081,19687.0081,196.870081,1.96870081
600750.SH,600750,江中药业,20210518,11.38,11.58,11.17,11.5,11.31,0.19,1.6799,132638.47,150887.827,15088.7827,150.887827,1.50887827
600750.SH,600750,江中药业,20210519,11.48,11.72,11.38,11.58,11.5,0.08,0.6957,145476.32,168185.509,16818.5509,168.185509,1.68185509
600750.SH,600750,江中药业,20210520,11.5,11.74,11.41,11.46,11.58,-0.12,-1.0363,94721.45,109409.732,10940.9732,109.409732,1.0940973200000002
600750.SH,600750,江中药业,20210521,11.46,11.61,11.31,11.33,11.46,-0.13,-1.1344,79773.16,91339.157,9133.9157,91.339157,0.9133915700000002
600750.SH,600750,江中药业,20210524,11.3,11.3,11.19,11.24,11.33,-0.09,-0.7944,73966.63,83145.522,8314.5522,83.145522,0.83145522
600750.SH,600750,江中药业,20210525,11.26,11.43,11.26,11.32,11.24,0.08,0.7117,81445.72,92221.617,9222.1617,92.221617,0.92221617
600750.SH,600750,江中药业,20210526,11.27,11.81,11.26,11.62,11.32,0.3,2.6502,172666.75,200208.945,20020.8945,200.20894500000003,2.00208945
600750.SH,600750,江中药业,20210527,11.54,11.59,11.42,11.49,11.62,-0.13,-1.1188,91075.91,104761.747,10476.1747,104.761747,1.04761747
600750.SH,600750,江中药业,20210528,11.51,11.6,11.28,11.34,11.49,-0.15,-1.3055,85767.0,97750.992,9775.0992,97.750992,0.97750992
600750.SH,600750,江中药业,20210531,11.39,11.47,11.3,11.4,11.34,0.06,0.5291,64406.73,73315.464,7331.546400000001,73.315464,0.7331546400000001
600750.SH,600750,江中药业,20210601,11.47,12.22,11.46,11.81,11.4,0.41,3.5965,209962.18,248524.005,24852.4005,248.524005,2.48524005
600750.SH,600750,江中药业,20210602,11.72,11.8,11.51,11.51,11.81,-0.3,-2.5402,118584.3,137512.006,13751.2006,137.512006,1.3751200600000002
600750.SH,600750,江中药业,20210603,11.48,11.86,11.45,11.63,11.51,0.12,1.0426,103302.97,120385.377,12038.5377,120.385377,1.2038537699999998
600750.SH,600750,江中药业,20210604,11.57,12.07,11.52,12.05,11.63,0.42,3.6113,183733.12,218305.863,21830.586300000003,218.305863,2.18305863
600750.SH,600750,江中药业,20210607,11.8,12.05,11.56,11.94,11.78,0.16,1.3582,199409.01,236281.662,23628.1662,236.281662,2.36281662
600750.SH,600750,江中药业,20210608,11.86,11.86,11.45,11.58,11.94,-0.36,-3.0151,148703.86,172639.783,17263.9783,172.639783,1.72639783
600750.SH,600750,江中药业,20210609,11.51,11.55,11.35,11.5,11.58,-0.08,-0.6908,78855.54,90191.613,9019.1613,90.191613,0.90191613
600750.SH,600750,江中药业,20210610,11.46,11.52,11.32,11.44,11.5,-0.06,-0.5217,72669.35,82827.341,8282.7341,82.82734099999999,0.8282734099999999
600750.SH,600750,江中药业,20210611,11.41,11.43,11.12,11.12,11.44,-0.32,-2.7972,99602.91,111901.928,11190.1928,111.901928,1.11901928
600750.SH,600750,江中药业,20210615,11.14,11.14,10.84,11.06,11.12,-0.06,-0.5396,83847.12,91780.851,9178.0851,91.780851,0.91780851
600750.SH,600750,江中药业,20210616,11.0,11.05,10.9,10.96,11.06,-0.1,-0.9042,34718.51,38058.315,3805.8315,38.058315,0.38058315
600750.SH,600750,江中药业,20210617,10.99,11.08,10.92,11.04,10.96,0.08,0.7299,38503.26,42482.603,4248.2603,42.482603,0.4248260299999999
600750.SH,600750,江中药业,20210618,11.24,11.42,11.18,11.21,11.04,0.17,1.5399,79344.32,89476.117,8947.6117,89.47611699999999,0.8947611699999999
600750.SH,600750,江中药业,20210621,11.09,11.28,11.07,11.18,11.21,-0.03,-0.2676,50382.84,56298.706,5629.8706,56.298706,0.56298706
600750.SH,600750,江中药业,20210622,11.18,11.42,11.15,11.41,11.18,0.23,2.0572,71401.72,80751.89,8075.189,80.75189,0.8075189
600750.SH,600750,江中药业,20210623,11.42,11.44,11.25,11.33,11.41,-0.08,-0.7011,47921.4,54326.056,5432.6056,54.326056,0.54326056
600750.SH,600750,江中药业,20210624,11.31,11.89,11.24,11.78,11.33,0.45,3.9718,160271.12,186880.266,18688.0266,186.880266,1.86880266
600750.SH,600750,江中药业,20210625,11.79,11.79,11.54,11.6,11.78,-0.18,-1.528,111094.08,129207.272,12920.7272,129.207272,1.29207272
600750.SH,600750,江中药业,20210628,11.6,12.23,11.53,12.15,11.6,0.55,4.7414,209680.73,251052.511,25105.2511,251.052511,2.51052511
600750.SH,600750,江中药业,20210629,12.07,12.8,11.97,12.41,12.15,0.26,2.1399,280523.81,349801.687,34980.168699999995,349.801687,3.4980168699999994
600750.SH,600750,江中药业,20210630,12.48,13.65,12.3,13.25,12.41,0.84,6.7687,575959.77,761843.242,76184.3242,761.843242,7.61843242
600750.SH,600750,江中药业,20210701,13.0,14.58,12.91,14.58,13.25,1.33,10.0377,290688.98,410405.743,41040.5743,410.405743,4.10405743
600750.SH,600750,江中药业,20210702,16.04,16.04,14.99,15.64,14.58,1.06,7.2702,1361773.51,2147660.454,214766.0454,2147.660454,21.47660454
600750.SH,600750,江中药业,20210705,14.69,14.69,14.08,14.08,15.64,-1.56,-9.9744,838608.31,1193461.295,119346.1295,1193.461295,11.93461295
600750.SH,600750,江中药业,20210706,13.57,13.93,12.99,13.12,14.08,-0.96,-6.8182,783181.89,1045074.17,104507.417,1045.07417,10.450741700000002
600750.SH,600750,江中药业,20210707,12.75,13.04,12.74,12.9,13.12,-0.22,-1.6768,400637.83,516342.938,51634.2938,516.342938,5.16342938
600750.SH,600750,江中药业,20210708,12.9,13.4,12.66,12.98,12.9,0.08,0.6202,488244.67,635316.625,63531.6625,635.3166249999999,6.353166249999999
600750.SH,600750,江中药业,20210709,12.83,12.88,12.49,12.66,12.98,-0.32,-2.4653,335963.25,425801.131,42580.1131,425.801131,4.25801131
600750.SH,600750,江中药业,20210712,12.71,12.94,12.55,12.81,12.66,0.15,1.1848,276582.22,352848.784,35284.8784,352.848784,3.5284878400000004
600750.SH,600750,江中药业,20210713,12.75,13.23,12.67,12.96,12.81,0.15,1.171,340607.98,441473.997,44147.3997,441.473997,4.414739969999999
600750.SH,600750,江中药业,20210714,12.89,13.87,12.72,13.64,12.96,0.68,5.2469,604303.04,813504.611,81350.4611,813.504611,8.13504611
600750.SH,600750,江中药业,20210715,13.3,13.5,12.99,13.16,13.64,-0.48,-3.5191,351719.82,462612.967,46261.2967,462.612967,4.62612967
600750.SH,600750,江中药业,20210716,13.06,13.65,12.79,13.18,13.16,0.02,0.152,387714.44,509701.146,50970.1146,509.701146,5.09701146
600750.SH,600750,江中药业,20210719,13.17,14.47,13.12,14.0,13.18,0.82,6.2215,581157.58,796577.45,79657.745,796.57745,7.9657745
600750.SH,600750,江中药业,20210720,13.77,14.4,13.6,13.72,14.0,-0.28,-2.0,521022.36,726539.375,72653.9375,726.539375,7.265393749999999
600750.SH,600750,江中药业,20210721,13.88,13.9,13.45,13.51,13.72,-0.21,-1.5306,340595.95,463654.008,46365.4008,463.654008,4.63654008
600750.SH,600750,江中药业,20210722,13.41,13.45,12.85,12.95,13.51,-0.56,-4.1451,363871.39,475030.852,47503.0852,475.030852,4.750308520000001
600750.SH,600750,江中药业,20210723,12.86,12.97,12.62,12.7,12.95,-0.25,-1.9305,223827.19,285483.603,28548.3603,285.483603,2.85483603
600750.SH,600750,江中药业,20210726,12.6,12.65,11.85,12.08,12.7,-0.62,-4.8819,252230.87,307739.892,30773.9892,307.739892,3.07739892
600750.SH,600750,江中药业,20210727,12.14,12.17,11.67,11.7,12.08,-0.38,-3.1457,175905.16,209563.726,20956.3726,209.563726,2.09563726
600750.SH,600750,江中药业,20210728,11.69,12.04,11.32,11.98,11.7,0.28,2.3932,201754.66,236822.32,23682.232,236.82232,2.3682232
600750.SH,600750,江中药业,20210729,12.06,12.2,11.84,12.0,11.98,0.02,0.1669,165092.89,198279.123,19827.9123,198.279123,1.98279123
600750.SH,600750,江中药业,20210730,11.9,11.94,11.59,11.88,12.0,-0.12,-1.0,145312.26,170677.902,17067.7902,170.677902,1.70677902
600750.SH,600750,江中药业,20210802,11.74,12.19,11.66,12.15,11.88,0.27,2.2727,153451.28,183950.722,18395.0722,183.950722,1.83950722
600750.SH,600750,江中药业,20210803,12.04,12.34,12.0,12.32,12.15,0.17,1.3992,179874.32,219752.697,21975.2697,219.752697,2.19752697
600750.SH,600750,江中药业,20210804,12.26,12.26,12.0,12.11,12.32,-0.21,-1.7045,133598.65,161508.485,16150.848499999998,161.50848499999998,1.6150848499999997
600750.SH,600750,江中药业,20210805,12.13,12.19,11.73,11.75,12.11,-0.36,-2.9727,148564.6,177220.066,17722.0066,177.220066,1.77220066
600750.SH,600750,江中药业,20210806,11.7,11.71,11.45,11.63,11.75,-0.12,-1.0213,110024.64,127159.524,12715.9524,127.159524,1.27159524
600750.SH,600750,江中药业,20210809,11.63,11.88,11.6,11.86,11.63,0.23,1.9776,106675.58,125696.659,12569.6659,125.696659,1.25696659
600750.SH,600750,江中药业,20210810,11.87,12.05,11.73,11.93,11.86,0.07,0.5902,117593.97,139645.252,13964.5252,139.645252,1.39645252
600750.SH,600750,江中药业,20210811,11.8,11.9,11.69,11.78,11.93,-0.15,-1.2573,108547.95,127895.236,12789.5236,127.895236,1.27895236
600750.SH,600750,江中药业,20210812,11.78,11.89,11.64,11.65,11.78,-0.13,-1.1036,109537.94,128347.563,12834.7563,128.34756299999998,1.28347563
600750.SH,600750,江中药业,20210813,11.66,11.73,11.48,11.55,11.65,-0.1,-0.8584,118781.71,137602.053,13760.2053,137.602053,1.37602053
600750.SH,600750,江中药业,20210816,11.49,11.86,11.47,11.75,11.55,0.2,1.7316,119122.74,139603.422,13960.3422,139.603422,1.39603422
600750.SH,600750,江中药业,20210817,11.71,11.79,11.51,11.52,11.75,-0.23,-1.9574,102729.24,119359.711,11935.9711,119.359711,1.1935971099999998
600750.SH,600750,江中药业,20210818,11.52,11.68,11.4,11.68,11.52,0.16,1.3889,88786.38,102356.246,10235.6246,102.356246,1.02356246
600750.SH,600750,江中药业,20210819,11.62,11.8,11.56,11.63,11.68,-0.05,-0.4281,92795.89,108283.899,10828.3899,108.283899,1.08283899
600750.SH,600750,江中药业,20210820,11.59,11.6,11.32,11.38,11.63,-0.25,-2.1496,99166.29,113045.039,11304.5039,113.045039,1.13045039
600750.SH,600750,江中药业,20210823,11.39,11.6,11.35,11.56,11.38,0.18,1.5817,93619.0,107638.773,10763.8773,107.638773,1.07638773
600750.SH,600750,江中药业,20210824,11.53,11.95,11.52,11.88,11.56,0.32,2.7682,155944.82,184174.438,18417.4438,184.174438,1.84174438
600750.SH,600750,江中药业,20210825,11.88,12.05,11.75,11.9,11.88,0.02,0.1684,106250.21,126712.941,12671.2941,126.712941,1.26712941
600750.SH,600750,江中药业,20210826,11.94,11.95,11.7,11.7,11.9,-0.2,-1.6807,94192.46,111383.587,11138.3587,111.383587,1.11383587
600750.SH,600750,江中药业,20210827,11.67,11.87,11.59,11.82,11.7,0.12,1.0256,93486.08,109767.02,10976.702,109.76702000000002,1.0976702000000005
600750.SH,600750,江中药业,20210830,11.8,11.83,11.6,11.64,11.82,-0.18,-1.5228,76356.21,89060.67,8906.067,89.06066999999999,0.8906066999999999
600750.SH,600750,江中药业,20210831,11.6,12.25,11.6,12.19,11.64,0.55,4.7251,210795.77,254449.161,25444.9161,254.449161,2.54449161
600750.SH,600750,江中药业,20210901,12.09,12.28,11.95,12.17,12.19,-0.02,-0.1641,128374.69,155663.271,15566.3271,155.663271,1.55663271
600750.SH,600750,江中药业,20210902,12.18,12.31,12.0,12.19,12.17,0.02,0.1643,110033.29,133594.693,13359.4693,133.594693,1.33594693
600750.SH,600750,江中药业,20210903,12.21,13.08,12.12,12.93,12.19,0.74,6.0705,308847.4,392268.255,39226.8255,392.268255,3.92268255
600750.SH,600750,江中药业,20210906,13.0,13.32,12.71,13.05,12.93,0.12,0.9281,253689.33,331237.449,33123.744900000005,331.237449,3.3123744900000003
600750.SH,600750,江中药业,20210907,13.04,13.19,12.73,12.96,13.05,-0.09,-0.6897,167911.49,216562.661,21656.2661,216.562661,2.1656266100000003
600750.SH,600750,江中药业,20210908,12.86,13.06,12.81,12.94,12.96,-0.02,-0.1543,119856.75,154835.497,15483.5497,154.835497,1.54835497
600750.SH,600750,江中药业,20210909,12.87,13.15,12.81,12.95,12.94,0.01,0.0773,119881.83,155678.681,15567.868100000002,155.678681,1.5567868100000002
600750.SH,600750,江中药业,20210910,12.9,12.95,12.66,12.73,12.95,-0.22,-1.6988,136350.46,174420.646,17442.0646,174.420646,1.74420646
600750.SH,600750,江中药业,20210913,12.7,13.2,12.68,12.81,12.73,0.08,0.6284,120103.27,155236.594,15523.6594,155.236594,1.55236594
600750.SH,600750,江中药业,20210914,12.77,13.05,12.49,12.55,12.81,-0.26,-2.0297,137990.2,175855.924,17585.5924,175.85592400000002,1.75855924
600750.SH,600750,江中药业,20210915,12.57,12.67,12.38,12.58,12.55,0.03,0.239,89793.32,112280.498,11228.0498,112.280498,1.1228049800000002
600750.SH,600750,江中药业,20210916,12.5,12.85,12.45,12.63,12.58,0.05,0.3975,105602.72,133578.82,13357.882,133.57882,1.3357882
600750.SH,600750,江中药业,20210917,12.7,12.82,12.44,12.78,12.63,0.15,1.1876,108034.89,136488.455,13648.8455,136.488455,1.36488455
600750.SH,600750,江中药业,20210922,12.77,13.25,12.69,13.15,12.78,0.37,2.8951,182547.57,239185.278,23918.5278,239.185278,2.39185278
600750.SH,600750,江中药业,20210923,13.19,13.23,12.92,12.99,13.15,-0.16,-1.2167,137569.69,179132.581,17913.2581,179.132581,1.7913258099999998
600750.SH,600750,江中药业,20210924,12.94,13.06,12.85,12.99,12.99,0.0,0.0,108118.02,140231.865,14023.1865,140.231865,1.40231865
600750.SH,600750,江中药业,20210927,12.89,12.9,11.9,12.0,12.99,-0.99,-7.6212,208287.96,255648.264,25564.8264,255.648264,2.55648264
600750.SH,600750,江中药业,20210928,11.9,12.35,11.74,12.16,12.0,0.16,1.3333,108377.01,130689.318,13068.9318,130.689318,1.30689318
600750.SH,600750,江中药业,20210929,12.16,12.23,11.75,11.8,12.16,-0.36,-2.9605,88121.2,104939.514,10493.9514,104.939514,1.04939514
600750.SH,600750,江中药业,20210930,11.8,11.93,11.78,11.81,11.8,0.01,0.0847,59398.11,70279.779,7027.9779,70.279779,0.7027977900000001
600750.SH,600750,江中药业,20211008,11.87,12.14,11.87,12.05,11.81,0.24,2.0322,63036.62,75885.383,7588.5383,75.885383,0.7588538300000001
600750.SH,600750,江中药业,20211011,12.15,12.24,12.05,12.05,12.05,0.0,0.0,57640.82,69987.028,6998.702800000001,69.98702800000001,0.6998702800000001
600750.SH,600750,江中药业,20211012,12.02,12.2,11.92,12.0,12.05,-0.05,-0.4149,66051.51,79672.242,7967.2242,79.672242,0.7967224199999999
600750.SH,600750,江中药业,20211013,12.0,12.29,11.93,12.18,12.0,0.18,1.5,76551.3,92723.466,9272.3466,92.723466,0.92723466
600750.SH,600750,江中药业,20211014,12.14,12.17,12.01,12.06,12.18,-0.12,-0.9852,52208.21,63034.901,6303.4901,63.034901,0.63034901
600750.SH,600750,江中药业,20211015,12.08,12.11,11.92,11.92,12.06,-0.14,-1.1609,46778.55,56014.97,5601.497,56.014970000000005,0.5601497000000001
600750.SH,600750,江中药业,20211018,11.91,11.91,11.66,11.85,11.92,-0.07,-0.5872,55142.6,64971.849,6497.1849,64.971849,0.64971849
600750.SH,600750,江中药业,20211019,11.84,11.89,11.78,11.86,11.85,0.01,0.0844,41759.78,49415.366,4941.5366,49.415366000000006,0.49415366
600750.SH,600750,江中药业,20211020,11.81,11.89,11.61,11.62,11.86,-0.24,-2.0236,77314.05,90265.373,9026.5373,90.265373,0.90265373
600750.SH,600750,江中药业,20211021,11.63,11.7,11.52,11.54,11.62,-0.08,-0.6885,45034.58,52172.129,5217.2129,52.172129000000005,0.52172129
600750.SH,600750,江中药业,20211022,11.57,11.64,11.42,11.49,11.54,-0.05,-0.4333,54060.79,62147.837,6214.7837,62.147837,0.6214783700000001
600750.SH,600750,江中药业,20211025,11.4,11.55,11.37,11.53,11.49,0.04,0.3481,40730.31,46746.707,4674.670700000001,46.74670700000001,0.4674670700000001
600750.SH,600750,江中药业,20211026,11.53,11.57,11.47,11.53,11.53,0.0,0.0,28250.21,32539.029,3253.9029,32.539029,0.3253902899999999
600750.SH,600750,江中药业,20211027,11.53,11.53,11.16,11.22,11.53,-0.31,-2.6886,61175.48,68952.584,6895.258400000001,68.952584,0.6895258400000001
600750.SH,600750,江中药业,20211028,11.39,11.42,11.25,11.33,11.22,0.11,0.9804,48062.13,54423.47,5442.347,54.42347,0.5442347
600750.SH,600750,江中药业,20211029,11.27,11.55,11.23,11.53,11.33,0.2,1.7652,47693.52,54643.295,5464.3295,54.643295,0.5464329499999999
600750.SH,600750,江中药业,20211101,11.44,11.61,11.44,11.52,11.53,-0.01,-0.0867,45317.58,52301.497,5230.1497,52.301497,0.52301497
600750.SH,600750,江中药业,20211102,11.5,11.65,11.19,11.33,11.52,-0.19,-1.6493,69186.95,79195.529,7919.5529,79.195529,0.79195529
600750.SH,600750,江中药业,20211103,11.32,11.41,11.27,11.32,11.33,-0.01,-0.0883,49394.45,55939.469,5593.9469,55.939469,0.55939469
600750.SH,600750,江中药业,20211104,11.33,11.53,11.32,11.51,11.32,0.19,1.6784,45377.51,51912.341,5191.2341,51.912341,0.51912341
600750.SH,600750,江中药业,20211105,11.49,11.63,11.41,11.58,11.51,0.07,0.6082,54844.68,63290.824,6329.0824,63.290824,0.63290824
600750.SH,600750,江中药业,20211108,11.6,11.76,11.54,11.6,11.58,0.02,0.1727,52833.15,61433.154,6143.3154,61.433154,0.61433154
600750.SH,600750,江中药业,20211109,11.6,11.68,11.56,11.61,11.6,0.01,0.0862,26955.21,31313.297,3131.3297,31.313297,0.31313297
600750.SH,600750,江中药业,20211110,11.6,11.74,11.5,11.72,11.61,0.11,0.9475,44156.58,51396.615,5139.6615,51.396615,0.51396615
600750.SH,600750,江中药业,20211111,11.75,11.76,11.66,11.72,11.72,0.0,0.0,32819.75,38425.167,3842.5167,38.425167,0.38425167
600750.SH,600750,江中药业,20211112,11.67,11.8,11.66,11.77,11.72,0.05,0.4266,44434.65,52179.58,5217.9580000000005,52.17958000000001,0.5217958
600750.SH,600750,江中药业,20211115,11.78,11.96,11.75,11.93,11.77,0.16,1.3594,57040.17,67872.113,6787.2113,67.872113,0.67872113
600750.SH,600750,江中药业,20211116,11.9,12.47,11.9,12.28,11.93,0.35,2.9338,124359.1,152428.338,15242.8338,152.428338,1.52428338
600750.SH,600750,江中药业,20211117,12.34,12.37,12.09,12.25,12.28,-0.03,-0.2443,81803.55,99929.223,9992.9223,99.929223,0.99929223
600750.SH,600750,江中药业,20211118,12.16,12.26,12.01,12.03,12.25,-0.22,-1.7959,63265.2,76605.975,7660.597500000001,76.605975,0.76605975
600750.SH,600750,江中药业,20211119,11.96,12.09,11.89,12.02,12.03,-0.01,-0.0831,49358.49,59120.367,5912.0367,59.120367,0.59120367
600750.SH,600750,江中药业,20211122,12.02,12.1,11.98,12.03,12.02,0.01,0.0832,38851.11,46687.958,4668.7958,46.687958,0.46687958
600750.SH,600750,江中药业,20211123,12.04,12.06,11.82,11.95,12.03,-0.08,-0.665,51732.28,61682.488,6168.248799999999,61.68248799999999,0.6168248799999999
600750.SH,600750,江中药业,20211124,11.99,12.14,11.89,12.14,11.95,0.19,1.59,56743.75,68283.841,6828.3841,68.283841,0.68283841
600750.SH,600750,江中药业,20211125,12.12,12.4,12.1,12.27,12.14,0.13,1.0708,92846.2,114127.904,11412.7904,114.127904,1.14127904
600750.SH,600750,江中药业,20211126,12.28,12.36,12.13,12.34,12.27,0.07,0.5705,66321.3,81145.044,8114.5044,81.145044,0.81145044
600750.SH,600750,江中药业,20211129,12.34,12.58,12.19,12.24,12.34,-0.1,-0.8104,87932.2,108454.558,10845.4558,108.454558,1.08454558
600750.SH,600750,江中药业,20211130,12.25,12.36,12.22,12.36,12.24,0.12,0.9804,65888.29,80969.035,8096.9035,80.969035,0.80969035
600750.SH,600750,江中药业,20211201,12.35,12.37,12.23,12.31,12.36,-0.05,-0.4045,47465.31,58303.865,5830.3865,58.303865,0.58303865
600750.SH,600750,江中药业,20211202,12.28,12.49,12.2,12.23,12.31,-0.08,-0.6499,66822.62,82611.276,8261.1276,82.611276,0.82611276
600750.SH,600750,江中药业,20211203,12.23,12.33,12.15,12.18,12.23,-0.05,-0.4088,55698.0,68024.212,6802.4212,68.02421199999999,0.68024212
600750.SH,600750,江中药业,20211206,12.18,12.23,11.92,11.94,12.18,-0.24,-1.9704,74540.6,89675.887,8967.5887,89.675887,0.89675887
600750.SH,600750,江中药业,20211207,12.05,12.32,11.97,12.05,11.94,0.11,0.9213,77598.57,94034.116,9403.4116,94.034116,0.94034116
600750.SH,600750,江中药业,20211208,12.07,12.13,11.92,12.06,12.05,0.01,0.083,66223.4,79818.161,7981.816099999999,79.81816099999999,0.7981816099999999
600750.SH,600750,江中药业,20211209,12.07,12.54,12.06,12.42,12.06,0.36,2.9851,133417.57,165392.057,16539.2057,165.392057,1.65392057
600750.SH,600750,江中药业,20211210,12.42,12.5,12.26,12.33,12.42,-0.09,-0.7246,74347.58,91730.55,9173.055,91.73055,0.9173055
600750.SH,600750,江中药业,20211213,12.29,12.57,12.27,12.35,12.33,0.02,0.1622,105509.97,131012.18,13101.218,131.01218,1.3101218
600750.SH,600750,江中药业,20211214,12.37,12.73,12.32,12.67,12.35,0.32,2.5911,124416.77,156664.529,15666.4529,156.66452900000002,1.56664529
600750.SH,600750,江中药业,20211215,12.69,12.97,12.63,12.71,12.67,0.04,0.3157,143270.91,183575.605,18357.5605,183.575605,1.83575605
600750.SH,600750,江中药业,20211216,12.82,12.85,12.58,12.7,12.71,-0.01,-0.0787,80161.93,101678.737,10167.8737,101.678737,1.01678737
600750.SH,600750,江中药业,20211217,12.71,12.76,12.46,12.6,12.7,-0.1,-0.7874,76712.88,96473.925,9647.3925,96.473925,0.96473925
600750.SH,600750,江中药业,20211220,12.66,13.59,12.66,13.3,12.6,0.7,5.5556,319035.38,422857.19,42285.719,422.85719,4.2285719
600750.SH,600750,江中药业,20211221,13.1,13.7,13.1,13.48,13.3,0.18,1.3534,192872.38,258645.269,25864.5269,258.645269,2.58645269
600750.SH,600750,江中药业,20211222,13.53,13.95,13.35,13.8,13.48,0.32,2.3739,204526.76,281325.39,28132.539,281.32539,2.8132539000000003
600750.SH,600750,江中药业,20211223,13.79,13.79,13.46,13.53,13.8,-0.27,-1.9565,152435.05,206834.067,20683.4067,206.834067,2.06834067
600750.SH,600750,江中药业,20211224,13.51,14.25,13.51,13.85,13.53,0.32,2.3651,245783.53,342815.371,34281.5371,342.815371,3.42815371
600750.SH,600750,江中药业,20211227,13.85,14.62,13.85,14.55,13.85,0.7,5.0542,325171.4,466216.37,46621.637,466.21637,4.662163700000001
600750.SH,600750,江中药业,20211228,14.48,14.5,13.95,14.19,14.55,-0.36,-2.4742,221625.05,313528.994,31352.8994,313.528994,3.1352899400000003
600750.SH,600750,江中药业,20211229,14.07,14.43,13.81,13.92,14.19,-0.27,-1.9027,205805.63,288857.477,28885.7477,288.857477,2.88857477
600750.SH,600750,江中药业,20211230,13.71,13.77,13.36,13.66,13.7,-0.04,-0.292,130434.01,177126.266,17712.6266,177.126266,1.77126266
600750.SH,600750,江中药业,20211231,13.7,14.66,13.69,14.45,13.66,0.79,5.7833,309534.58,444070.837,44407.0837,444.070837,4.44070837
600750.SH,600750,江中药业,20220104,15.2,15.45,14.75,14.95,14.45,0.5,3.4602,333312.4,501608.177,50160.8177,501.608177,5.01608177
600750.SH,600750,江中药业,20220105,14.74,14.79,13.92,14.11,14.95,-0.84,-5.6187,285503.3,405472.616,40547.2616,405.472616,4.05472616
600750.SH,600750,江中药业,20220106,14.06,15.36,14.02,15.14,14.11,1.03,7.2998,282485.73,414776.581,41477.6581,414.776581,4.14776581
600750.SH,600750,江中药业,20220107,15.09,15.47,14.68,14.7,15.14,-0.44,-2.9062,261801.62,392611.818,39261.181800000006,392.6118180000001,3.926118180000001
600750.SH,600750,江中药业,20220110,14.53,15.1,14.5,14.79,14.7,0.09,0.6122,155545.91,230250.253,23025.0253,230.250253,2.30250253
600750.SH,600750,江中药业,20220111,14.86,15.4,14.76,15.1,14.79,0.31,2.096,225376.4,342240.293,34224.0293,342.240293,3.42240293
600750.SH,600750,江中药业,20220112,15.06,15.16,14.61,14.71,15.1,-0.39,-2.5828,155645.39,230416.337,23041.6337,230.416337,2.30416337
600750.SH,600750,江中药业,20220113,14.48,14.63,13.6,13.63,14.71,-1.08,-7.3419,279254.94,389973.942,38997.3942,389.973942,3.89973942
600750.SH,600750,江中药业,20220114,13.63,14.53,13.62,14.11,13.63,0.48,3.5216,294120.99,416129.647,41612.9647,416.129647,4.16129647
600750.SH,600750,江中药业,20220117,14.32,14.5,13.82,13.99,14.11,-0.12,-0.8505,162212.38,227811.77,22781.177,227.81177,2.2781177
600750.SH,600750,江中药业,20220118,13.83,13.96,13.25,13.36,13.99,-0.63,-4.5032,225917.51,304202.765,30420.2765,304.202765,3.04202765
600750.SH,600750,江中药业,20220119,13.32,13.42,13.05,13.24,13.36,-0.12,-0.8982,141158.78,186255.703,18625.5703,186.255703,1.86255703
600750.SH,600750,江中药业,20220120,13.28,13.37,12.83,12.88,13.24,-0.36,-2.719,134033.85,175255.567,17525.5567,175.255567,1.7525556700000002
600750.SH,600750,江中药业,20220121,12.82,13.0,12.63,12.63,12.88,-0.25,-1.941,106009.74,135260.409,13526.040900000002,135.260409,1.35260409
600750.SH,600750,江中药业,20220124,12.65,12.71,12.48,12.51,12.63,-0.12,-0.9501,89585.59,112521.753,11252.1753,112.521753,1.1252175299999998
600750.SH,600750,江中药业,20220125,12.52,12.58,12.0,12.02,12.51,-0.49,-3.9169,120791.21,147920.027,14792.0027,147.920027,1.47920027
600750.SH,600750,江中药业,20220126,12.13,12.28,11.84,11.99,12.02,-0.03,-0.2496,103514.81,124535.454,12453.5454,124.535454,1.24535454
600750.SH,600750,江中药业,20220127,12.0,12.08,11.78,11.81,11.99,-0.18,-1.5013,107428.1,127873.315,12787.3315,127.873315,1.27873315
600750.SH,600750,江中药业,20220128,11.89,12.07,11.63,11.81,11.81,0.0,0.0,118238.29,140362.774,14036.2774,140.362774,1.40362774
600750.SH,600750,江中药业,20220207,11.96,12.15,11.93,12.07,11.81,0.26,2.2015,91906.1,110618.667,11061.8667,110.618667,1.10618667
600750.SH,600750,江中药业,20220208,12.07,12.18,11.93,12.16,12.07,0.09,0.7457,112055.96,135348.611,13534.8611,135.348611,1.35348611
600750.SH,600750,江中药业,20220209,12.19,12.75,12.12,12.74,12.16,0.58,4.7697,201567.31,252162.817,25216.2817,252.162817,2.52162817
600750.SH,600750,江中药业,20220210,12.67,12.96,12.18,12.67,12.74,-0.07,-0.5495,126767.71,160978.11,16097.810999999998,160.97811,1.6097811
600750.SH,600750,江中药业,20220211,12.6,12.6,12.25,12.29,12.67,-0.38,-2.9992,114144.29,141387.519,14138.7519,141.387519,1.41387519
600750.SH,600750,江中药业,20220214,12.2,12.49,12.12,12.2,12.29,-0.09,-0.7323,73093.27,89767.204,8976.7204,89.767204,0.8976720400000001
600750.SH,600750,江中药业,20220215,12.21,12.52,12.11,12.42,12.2,0.22,1.8033,95331.79,118082.762,11808.2762,118.082762,1.18082762
600750.SH,600750,江中药业,20220216,12.46,12.63,12.36,12.48,12.42,0.06,0.4831,73260.43,91615.438,9161.5438,91.615438,0.91615438
600750.SH,600750,江中药业,20220217,12.47,12.57,12.38,12.4,12.48,-0.08,-0.641,60144.96,74953.782,7495.378200000001,74.953782,0.74953782
600750.SH,600750,江中药业,20220218,12.36,12.48,12.27,12.45,12.4,0.05,0.4032,53001.05,65747.877,6574.787699999999,65.74787699999999,0.6574787699999999
600750.SH,600750,江中药业,20220221,12.45,12.67,12.35,12.66,12.45,0.21,1.6867,96194.63,120284.301,12028.4301,120.284301,1.20284301
600750.SH,600750,江中药业,20220222,12.55,12.55,12.21,12.35,12.66,-0.31,-2.4487,96036.48,118374.808,11837.4808,118.37480800000002,1.1837480800000002
600750.SH,600750,江中药业,20220223,12.35,12.59,12.32,12.43,12.35,0.08,0.6478,71964.59,89742.045,8974.2045,89.742045,0.89742045
600750.SH,600750,江中药业,20220224,12.41,12.68,12.09,12.19,12.43,-0.24,-1.9308,146229.44,181100.728,18110.0728,181.100728,1.81100728
600750.SH,600750,江中药业,20220225,12.27,12.56,12.27,12.42,12.19,0.23,1.8868,100711.59,125530.533,12553.0533,125.530533,1.25530533
600750.SH,600750,江中药业,20220228,12.43,12.57,12.29,12.49,12.42,0.07,0.5636,60858.64,75674.676,7567.467600000001,75.674676,0.7567467600000001
600750.SH,600750,江中药业,20220301,12.48,12.56,12.38,12.44,12.49,-0.05,-0.4003,53178.74,66190.306,6619.0306,66.190306,0.6619030600000001
600750.SH,600750,江中药业,20220302,12.39,12.73,12.29,12.6,12.44,0.16,1.2862,100373.28,125842.134,12584.2134,125.842134,1.25842134
600750.SH,600750,江中药业,20220303,12.6,12.85,12.56,12.78,12.6,0.18,1.4286,98468.41,125225.539,12522.5539,125.225539,1.2522553900000002
600750.SH,600750,江中药业,20220304,12.73,13.1,12.67,12.77,12.78,-0.01,-0.0782,121264.53,156211.353,15621.1353,156.211353,1.56211353
600750.SH,600750,江中药业,20220307,12.77,12.91,12.47,12.57,12.77,-0.2,-1.5662,93427.5,118259.925,11825.9925,118.259925,1.18259925
600750.SH,600750,江中药业,20220308,12.52,12.6,11.96,12.0,12.57,-0.57,-4.5346,119010.74,144870.715,14487.0715,144.870715,1.44870715
600750.SH,600750,江中药业,20220309,12.06,12.09,11.24,11.73,12.0,-0.27,-2.25,120920.1,141464.506,14146.4506,141.464506,1.41464506
600750.SH,600750,江中药业,20220310,11.85,12.17,11.83,12.09,11.73,0.36,3.0691,95572.54,115229.793,11522.9793,115.22979300000002,1.1522979300000002
600750.SH,600750,江中药业,20220311,12.0,12.4,11.9,12.37,12.09,0.28,2.316,97714.85,118921.144,11892.1144,118.921144,1.18921144
600750.SH,600750,江中药业,20220314,12.5,12.62,12.19,12.21,12.37,-0.16,-1.2935,106355.28,131838.284,13183.828400000002,131.83828400000002,1.3183828400000002
600750.SH,600750,江中药业,20220315,12.43,12.44,11.5,11.51,12.21,-0.7,-5.733,115968.43,138263.174,13826.3174,138.263174,1.38263174
600750.SH,600750,江中药业,20220316,11.7,11.89,11.11,11.81,11.51,0.3,2.6064,124276.56,143551.538,14355.1538,143.551538,1.43551538
600750.SH,600750,江中药业,20220317,11.9,12.55,11.81,12.22,11.81,0.41,3.4716,181730.4,223392.233,22339.2233,223.392233,2.23392233
600750.SH,600750,江中药业,20220318,12.2,12.54,12.15,12.45,12.22,0.23,1.8822,102138.9,126619.951,12661.9951,126.619951,1.26619951
600750.SH,600750,江中药业,20220321,12.5,12.78,12.45,12.67,12.45,0.22,1.7671,113111.71,142607.511,14260.7511,142.607511,1.42607511
600750.SH,600750,江中药业,20220322,12.56,12.65,12.3,12.49,12.67,-0.18,-1.4207,88504.4,110395.503,11039.5503,110.395503,1.1039550299999998
600750.SH,600750,江中药业,20220323,12.52,12.84,12.42,12.68,12.49,0.19,1.5212,131540.53,166744.214,16674.4214,166.744214,1.66744214
600750.SH,600750,江中药业,20220324,12.61,13.48,12.55,13.3,12.68,0.62,4.8896,333315.82,439399.211,43939.9211,439.399211,4.39399211
600750.SH,600750,江中药业,20220325,13.2,13.26,12.81,12.98,13.3,-0.32,-2.406,263567.99,343703.582,34370.3582,343.70358200000004,3.43703582
600750.SH,600750,江中药业,20220325,13.2,13.26,12.81,12.98,13.3,-0.32,-2.406,263567.99,343703.582,34370.3582,343.70358200000004,3.43703582
600750.SH,600750,江中药业,20220329,12.8,13.5,12.72,13.21,12.71,0.5,3.9339,284691.27,374298.894,37429.8894,374.298894,3.74298894
600750.SH,600750,江中药业,20220329,12.8,13.5,12.72,13.21,12.71,0.5,3.9339,284691.27,374298.894,37429.8894,374.298894,3.74298894
